48 67 0.032 48 0.85 60 1.5 0.01 1
-1.294635 0.051742 0.598056 0.123196 0.697224 2.351487 -1.193723 0.763196 -1.344923 0.277475 -0.413650 1.068553 -0.694428 0.419341 5.481409 9.033730 14.084924 18.090643 19.810850 20.095276 26.181997 26.704416 27.790052 27.545094 29.696402 30.112082 30.739109 30.492741 31.883183 34.875443 34.243698 36.073555 36.477020 35.037067 36.158020 35.456635 32.133450 34.302425 30.631609 26.132944 24.196100 23.271656 23.413481 24.240885 21.606289 25.284658 25.572012 19.523014 19.805164 17.851549 13.554958 11.300344 6.246042 -0.008862 1.344343 0.723089 -0.970753 2.259891 -0.824321 0.684602 0.402058 -0.068162 0.163455 -0.132226 0.675684 -0.575089 -0.947787
0.383642 1.402445 -0.110300 1.374936 -0.071211 1.257023 0.777675 0.421950 0.756478 -0.675563 0.079162 -1.267769 -1.436738 0.741695 5.983001 11.462514 14.387981 16.997822 21.920723 22.537113 23.056671 24.963390 28.992857 28.375181 31.015022 31.139273 29.985733 32.556885 33.247639 34.070465 34.904354 35.509518 37.452087 39.610161 37.500099 37.266697 33.176872 32.284584 29.243074 27.402416 26.563705 25.392433 24.999037 23.827745 23.142109 23.341322 21.447283 21.442854 19.168108 18.484621 15.365956 11.168426 4.608462 0.420526 -0.891901 0.353447 0.127754 -0.880314 -1.065290 0.676969 1.711097 -0.040015 0.262907 -0.442613 -0.218205 -1.350307 0.066863
0.153526 -0.248788 0.086443 -0.288158 1.079667 -0.061524 0.212598 0.775680 0.153517 0.326173 -1.473456 -0.200917 1.545404 0.477012 6.153611 11.865125 16.221155 16.259506 18.850119 22.248526 23.217207 24.499235 27.249403 28.634092 30.750349 30.795462 32.021935 31.140324 36.053989 33.587723 34.533215 33.723122 35.154102 38.024067 36.317822 36.664322 34.729469 30.229986 29.358730 28.302843 26.256311 24.420786 23.633936 22.105827 21.155195 23.595663 24.066870 21.408787 19.576166 16.498636 15.470354 11.408017 5.226880 0.037924 -1.306666 0.667960 -0.986677 1.785565 1.087389 0.152979 -2.203720 0.029581 0.596320 0.302476 -0.521680 1.628697 0.590224
-0.185374 1.730751 0.320581 0.128723 0.312927 0.980496 0.252683 0.177407 0.202888 1.533047 0.063544 -1.091285 -0.622151 -0.048115 5.761600 12.684591 14.510530 17.581224 18.969591 19.637505 21.900492 22.882357 26.567911 29.490095 30.272034 30.992838 31.639874 32.707539 32.694714 35.631203 34.048866 34.158096 34.013641 36.153057 35.559559 36.262585 32.933189 32.628548 29.475233 28.061481 26.773523 26.348427 23.431936 23.609268 21.786716 21.393667 22.420063 21.640726 19.708576 17.927334 15.921794 11.689273 4.333740 -0.025960 -0.445307 -1.552373 0.975293 -0.140693 -0.097239 -0.383554 0.019570 -0.466416 0.745063 -1.314583 0.538933 0.062101 0.921051
1.118163 1.099394 -0.002805 -0.709685 1.169537 -0.848779 0.224995 -0.401369 0.144133 1.561659 0.511388 0.293575 -0.042333 0.689165 5.605255 11.829413 14.936881 16.700258 19.282841 21.412888 22.291708 24.085947 24.167135 27.689543 31.595135 30.815422 33.191010 34.251518 35.289566 34.439671 34.267845 34.423901 33.956573 34.975693 36.860065 36.480339 31.400568 32.032558 30.846355 28.100922 27.474749 26.126348 25.114826 22.535973 22.077946 22.013920 20.724260 19.486002 18.235769 17.790005 14.736918 10.979849 4.411635 0.639546 -0.447702 -0.914137 -0.453255 0.778664 1.215290 0.539228 0.245046 -0.415256 0.476088 1.250635 1.492852 -1.097208 -0.759266
1.964602 -0.247985 0.920179 -0.482485 0.868845 1.085346 -1.221732 -1.813160 0.077880 -0.913174 -0.188439 0.892981 0.804680 1.206556 3.949478 11.760880 14.130306 17.171717 19.671886 21.333363 22.485563 23.652025 25.828901 27.200737 29.431553 31.438908 32.356621 34.874607 34.660625 35.860691 35.050861 34.587345 36.657455 34.652199 33.089497 34.418884 32.481857 34.355415 31.363239 29.885212 27.221165 26.580294 25.772934 24.147291 22.655033 20.815361 20.718086 20.208076 18.319492 17.743715 13.495098 11.069082 5.112288 0.307916 0.280662 0.433500 -0.039707 -0.643602 1.958916 0.276576 1.230536 0.545033 -1.242740 -0.156704 -0.253865 0.594644 -0.050421
-0.328560 1.103446 -0.488923 -0.042221 0.078826 -0.431345 1.069659 2.064780 -1.276352 -0.064263 1.115863 -0.070862 0.505629 -0.305902 5.704849 11.649920 15.147663 16.934774 18.916199 20.693449 22.509947 24.876720 25.407085 27.070532 29.900505 31.160650 35.151268 35.593536 37.293991 36.570263 37.887138 35.453674 35.326778 33.917400 31.321724 32.884171 33.347775 32.377907 34.232853 30.970610 26.425354 25.946945 24.040024 24.045734 22.463465 21.550035 19.537271 20.155197 18.722445 16.156658 15.588817 12.071334 5.968023 1.546088 -0.035847 -0.368645 -0.253694 1.559903 -0.058627 -0.284338 0.667314 1.089492 -0.826904 -0.332846 -0.666900 1.155324 -0.593363
0.897525 -0.564147 -0.197330 0.100061 -1.164582 1.317966 0.103128 0.327458 -0.180038 0.495726 -0.245699 -1.328133 -1.684048 1.147486 5.015779 9.855417 14.484735 16.679678 19.778517 21.993616 23.540846 23.139463 26.416992 26.144398 29.828934 33.184563 36.640781 37.280453 38.066555 37.151279 35.559311 35.717964 34.853912 32.851597 31.634079 30.602808 30.279741 34.312008 31.277925 32.788692 28.419519 25.831959 26.444645 23.453569 21.186203 20.386253 21.039974 20.634903 19.220505 16.524120 15.050030 10.834023 8.411822 -0.340249 -0.098908 -0.358164 -0.286999 1.211707 -0.137157 -0.764513 -0.514402 0.309739 -0.803744 1.188762 -0.074507 -0.652609 -0.962458
1.432812 -0.487754 0.675712 -0.123650 -0.220890 0.849312 1.415328 0.468885 -0.218879 -1.265737 0.800869 -0.399729 -1.389034 0.363549 6.025494 11.049005 13.419782 15.974072 17.993553 22.997038 23.146297 23.338369 24.746117 25.912176 28.451462 33.048340 36.598343 36.195076 37.881069 36.126873 38.526066 34.953682 32.158272 33.310917 29.770214 30.784853 30.212484 33.238529 32.972843 32.616219 30.027323 25.378485 23.280336 23.345518 21.444828 22.962063 21.600977 21.842323 20.900059 17.492527 14.590860 13.003920 4.463404 0.416830 -0.161935 0.173812 0.052611 -0.258685 0.937455 -0.919865 0.976790 -1.097462 -1.017835 -0.693561 0.086677 -0.008701 -0.238712
-0.209370 -1.065572 1.553761 0.418552 -0.015322 -0.250673 -0.489320 0.456577 -0.864735 -0.986475 -0.999440 1.244630 0.588824 0.309513 5.688664 12.287227 14.943546 15.203524 19.200581 20.571539 22.421474 25.043169 26.329630 25.937719 28.458094 34.099281 36.998222 37.226696 35.868366 38.328789 36.023987 34.682701 33.580578 29.630112 30.047712 30.303001 30.964170 31.527630 31.833801 32.800144 30.459162 27.415897 24.748453 22.702099 24.134607 21.307446 21.460451 21.649328 19.063030 16.256285 13.416264 12.201918 5.796429 0.832945 -1.393181 0.063206 0.399076 -0.079199 1.574046 -0.258644 -1.036080 2.336787 0.648739 0.020615 1.756639 0.851018 -0.240822
0.207340 -0.088347 0.391774 -0.088137 0.712819 -1.620309 0.531341 -0.117824 -0.051060 -0.315138 -0.219665 1.482999 0.403563 0.923317 6.605367 12.141011 13.790669 16.424726 19.707758 21.369738 23.020138 24.073555 25.290915 27.066998 28.601364 32.385368 34.558998 35.530952 38.456844 36.482914 37.438202 36.995869 33.582787 32.549000 30.648989 30.867804 30.931435 29.130026 30.827829 32.784698 31.788277 27.710423 27.062323 22.966850 23.087523 21.714401 21.007359 21.881756 19.215799 16.426281 14.897695 10.769752 7.060501 1.801072 -0.385466 -0.682097 -1.908722 1.119787 -1.016058 0.270066 0.145225 0.798849 -0.745991 0.980823 -0.701970 0.195057 -1.566022
-0.994514 0.466362 0.251060 0.391237 1.190716 -0.370311 -0.104188 0.080250 -1.115663 0.527206 0.002968 0.784825 0.527234 1.726308 5.979531 11.294101 15.117629 17.517996 17.965816 21.445070 21.352148 23.441721 25.084412 28.455719 32.490627 31.635101 35.594639 36.398640 37.001190 36.508137 37.032150 35.869732 33.274120 30.419224 31.787548 31.194147 29.998671 29.811594 29.491783 31.587267 29.558775 28.777088 26.536451 25.004599 22.433840 22.361893 20.868307 19.744158 19.528885 18.041389 15.070473 10.920836 5.535716 0.997640 -1.496805 0.524217 -0.368526 -0.123364 -0.025450 -0.926623 -0.123179 -0.878311 -1.116770 -0.522875 1.079388 2.258320 -0.181532
0.426664 -0.914661 -0.811342 -0.033223 0.933860 -1.706878 -0.878148 0.460667 -0.426923 -0.310697 -0.300597 1.029435 0.227667 0.426315 7.137049 10.446159 15.202636 18.081884 17.463644 21.278841 20.985540 25.198856 25.368225 28.807089 29.536686 35.901627 32.249111 33.489487 34.504272 39.486855 35.712212 34.899609 33.646389 33.804501 28.221125 29.618002 29.629196 32.511658 29.016987 28.425232 29.372198 32.458748 25.816483 24.192362 22.728495 24.878527 21.048420 19.199921 18.898224 19.536434 13.035248 9.993759 5.977099 4.024579 -1.498726 -0.665182 -1.764972 -0.300488 -0.291820 0.013752 0.994935 -0.249187 -0.371670 -1.344054 -0.738235 -0.077117 0.586813
-1.086212 1.874536 0.418114 -0.100657 -0.104963 0.628722 -0.280473 -1.341535 -0.798045 -0.971991 0.201356 -0.187981 0.395412 0.010606 6.704947 10.988153 14.351409 17.024618 18.508654 20.350386 22.482105 22.894886 26.691568 28.228228 30.711803 32.132252 32.592052 35.632370 35.773098 36.330189 35.937023 37.131992 34.012985 32.677349 31.855841 30.644171 29.550266 33.044758 29.752724 30.956390 28.266575 28.463058 28.778942 26.371319 24.362553 21.011372 20.409456 20.601353 18.141165 19.333059 14.936775 11.043650 5.531713 1.296895 -0.294952 -0.516286 1.044460 0.254710 0.066800 -0.482652 0.660862 0.443135 0.782173 -0.947882 0.471221 -0.882769 0.913717
0.059775 -0.308574 0.147197 -1.225206 0.340079 0.785162 -0.863016 -0.166630 0.292391 0.593537 -1.245429 -0.889560 0.999007 -0.514552 6.090629 10.066602 14.641273 16.015781 19.171011 21.881651 22.952835 25.347424 26.758213 30.035534 29.942051 33.062233 33.355633 33.200817 37.479095 35.159325 35.061420 34.267414 33.612186 34.822685 31.504765 31.490261 29.861044 29.820570 30.091898 28.540791 27.612017 28.057289 27.170969 26.476635 26.343842 22.065037 20.779745 22.087566 18.967051 17.823868 15.126821 12.194509 5.731065 0.076507 0.041312 1.646040 0.227514 -0.797539 0.632918 0.060387 0.301409 -0.529881 0.108797 0.748405 0.805938 -0.004764 -0.065191
-0.103735 0.235294 0.281957 -0.619304 0.748931 0.572770 -0.048489 0.698023 -0.044224 -0.276827 -0.424709 -1.039315 0.414232 -0.413189 5.752510 11.236291 14.774977 15.422767 20.024065 21.487316 22.224529 26.129360 27.767342 29.037882 30.857122 32.858860 33.752163 34.203075 34.891766 36.697891 34.391006 33.420757 35.333057 32.732475 30.987411 31.686676 30.751694 30.287298 27.446114 29.713886 27.099478 28.674253 27.430042 28.035358 24.253357 21.276884 22.487478 20.693752 19.536211 16.720491 13.728298 11.565785 7.193886 -0.397139 -0.671539 -0.109127 1.350608 0.227320 0.016495 -0.045580 0.821426 0.443197 0.254995 0.182216 1.852755 -0.576982 -1.120576
-0.461033 -0.040048 0.364353 -0.033055 0.752059 0.443161 1.635835 0.185737 -0.296604 0.587195 -0.336495 1.290746 1.317137 0.971948 5.917078 11.633437 14.507931 16.633398 19.696293 20.925440 22.135326 27.041943 27.752077 29.268471 31.248392 31.951620 33.169376 33.325352 34.028294 34.517075 34.551823 34.572472 32.601406 34.203648 34.495243 31.990530 31.044115 30.275517 29.169941 28.785275 27.042534 26.424589 27.819252 27.722542 24.120962 23.296980 22.884842 21.220659 19.268822 16.918484 14.368217 11.638290 6.403260 -0.915745 2.262014 0.017483 -0.161018 -0.121112 -0.417175 0.314660 0.009881 -1.154412 -1.012263 0.327726 -0.192298 0.632153 -0.080514
-0.114366 -1.311263 0.227062 0.211618 1.034564 -0.885250 -0.194627 -0.414527 -0.326312 -1.336699 0.258828 -0.252658 0.098421 1.605011 4.422647 12.929633 13.650916 17.113953 19.082531 20.055689 23.119673 25.399759 29.274710 29.335091 31.279280 32.794014 33.522747 34.494724 33.683128 34.624611 32.092018 33.507416 34.579559 32.169430 34.592445 31.952265 31.350443 31.105946 29.316984 28.748560 27.449043 26.569630 27.880859 27.132944 25.662443 24.072290 21.781269 20.923338 19.632633 17.868465 15.514873 13.435856 5.974878 -0.657232 1.008134 1.252236 0.226687 -0.035791 0.240679 0.807166 -0.695184 0.985170 -0.758666 -0.575076 0.246824 -0.436105 1.417702
-0.213821 -0.105029 -0.595621 -0.522358 0.922400 1.105811 0.120302 0.629783 -0.361379 -0.129890 1.028163 -0.595604 0.578388 0.651513 5.700540 12.263024 16.637455 16.643240 20.341330 20.581150 21.173943 26.619175 27.866432 28.698240 30.086737 32.128849 32.802612 31.709028 34.215412 32.575634 30.981571 33.463074 33.397449 32.804848 33.464119 32.574181 32.581654 31.015839 29.135088 27.102680 26.551018 25.701950 25.286980 27.260523 25.265982 25.038246 23.299370 20.060532 19.270344 17.227051 14.130970 10.388267 5.859862 0.698981 -0.334230 -1.330581 0.107415 1.345083 0.629317 -1.005480 -1.208149 0.019726 0.750350 -1.150092 -1.603172 -0.653268 0.775376
-0.390351 -1.272579 0.340053 0.171193 0.875152 -0.072431 1.145194 -0.315054 -0.412097 -0.053724 1.436395 -1.134155 0.760984 -0.987707 5.713528 11.923346 15.187559 15.958971 19.659990 19.155388 23.349085 26.504169 29.417034 30.678291 30.687592 33.400204 33.298500 33.631603 33.941357 31.793093 30.784233 31.938662 31.698267 34.403927 34.018951 34.168175 32.984455 31.517086 28.075367 25.960279 26.829866 25.924892 27.512051 27.367287 27.578272 23.707481 22.892456 20.877535 18.733982 17.678965 16.158222 10.448598 5.440176 1.068456 0.417078 0.687887 0.191807 -1.955742 -0.334511 -0.470514 0.842680 0.076296 -0.703896 -0.334823 -0.727457 -0.167666 -1.429719
-0.319992 -0.709651 -0.887971 -1.057993 0.970977 -1.391209 -1.244927 0.335619 0.261723 -0.034531 -0.734372 -0.840924 -0.487278 0.462411 4.834876 11.985047 16.482397 19.353832 18.175152 19.836428 23.187912 27.312006 28.694759 29.977983 32.753880 31.659912 33.729618 32.716503 31.586767 30.124977 29.631025 30.977701 33.391464 34.804363 33.886070 32.872948 34.279869 31.243277 29.487623 26.108175 26.598951 26.848558 26.938063 27.384089 28.328272 27.711531 24.983488 21.095039 17.905682 17.510300 14.484619 11.102307 4.687158 0.835874 0.014172 -0.064302 0.229919 1.162391 -0.583634 1.188904 -1.090177 -0.739384 0.279481 -0.482589 0.622283 1.015217 0.331389
-2.131388 0.240068 -1.484450 0.072065 -0.509524 0.473886 -0.641084 -0.041235 0.042331 -0.626800 0.893925 0.138330 0.932405 0.027725 5.950646 12.074817 14.455433 17.312595 18.272985 23.049562 23.674660 26.755030 29.081230 30.771538 30.743320 33.143341 32.179893 34.511795 31.074795 30.821047 30.231775 29.884733 32.195881 33.190948 33.787670 32.679066 31.928410 32.573170 28.606195 28.046652 25.953276 25.702599 26.356422 28.989479 25.506563 26.214239 26.233559 19.364056 20.237020 18.623234 16.796316 11.301419 4.711967 -1.193672 -0.598332 0.132199 -0.080458 -1.169815 -0.401841 -0.385462 0.307621 0.262041 -0.722745 0.630316 0.361343 0.283089 -0.936408
-0.521426 0.722209 -0.846376 -1.231059 -0.946201 -0.363467 -0.769681 0.582560 0.182746 0.155464 -0.535812 1.171451 0.348672 1.175426 6.775775 10.780220 14.071479 16.814388 19.901573 22.894154 24.004068 26.186045 29.118767 29.803032 31.675621 33.727409 34.749165 32.032135 31.432611 31.392805 28.186897 31.522968 31.273264 30.931808 32.773743 33.795231 32.813267 30.588888 31.080284 28.359053 26.669111 26.271845 25.189852 27.686821 27.165878 26.372665 26.817043 22.613043 20.482571 16.547344 14.005980 10.817194 4.946229 -1.738377 0.785443 -0.711579 -0.189282 -1.654562 0.222155 0.076533 -1.903984 -0.918982 1.105636 0.255321 -0.708732 -0.241866 -0.629229
-0.151001 0.326018 0.387474 -0.648342 0.682546 -0.031767 -2.297148 -0.596215 1.131699 -0.394072 -0.749269 0.033233 0.081961 -1.013419 5.536565 11.262031 15.477882 17.549072 20.621784 21.957621 25.834085 25.892979 28.884733 31.109304 30.214802 32.007744 31.981844 33.126942 32.080162 30.898630 31.281670 30.380323 29.352671 30.830284 30.605890 33.002167 32.479294 31.918188 30.875116 30.046068 27.480673 24.632908 25.789209 27.825529 28.291124 25.735662 26.742807 21.075903 18.771885 17.041273 13.212129 10.271020 7.061981 -0.943549 0.514248 -0.493796 0.559375 -0.051852 -0.113875 0.556141 1.079633 -0.771911 0.405460 0.104465 -0.882059 -0.589815 -0.237566
-1.515606 0.472321 -0.025586 -1.065551 -0.012602 -0.652478 0.890261 -0.021937 0.390860 -0.056388 0.676441 -0.123630 0.468154 0.384663 6.780212 10.698328 14.367245 15.850492 19.218254 20.734169 28.693373 27.525496 28.379181 30.177797 31.082716 29.467941 31.463715 32.009644 36.034702 33.479515 29.636673 29.304556 30.078434 29.565441 30.404768 32.107803 32.376068 33.973816 31.824085 29.344725 26.900877 26.151543 24.605522 28.241133 27.334532 26.420776 28.961393 20.912931 19.393959 16.030128 12.964523 10.817041 7.211767 0.221027 -0.609082 -0.539424 0.626418 -0.240827 1.915310 -0.349885 -0.590622 -0.620344 -1.076205 1.375346 1.865414 -0.765642 0.021146
0.204920 0.268450 0.090222 -0.081343 -0.086051 -1.446623 0.529237 0.722825 2.006828 -0.819771 -1.396017 0.092026 -0.421638 1.459077 4.515395 10.279958 14.443364 17.919241 18.588371 22.513878 26.024860 27.762625 29.416376 29.616245 30.458000 32.449871 31.634874 33.493534 32.708973 31.835417 30.872200 30.101810 29.598396 30.171156 30.461569 31.831497 30.816500 32.387154 30.835829 29.541967 28.824739 27.973442 26.366199 28.652000 28.265352 27.322094 25.184681 22.215467 20.998856 18.520990 13.649923 10.817248 5.477925 -0.356017 -0.208329 1.147769 -1.618735 -1.114182 0.081815 -1.406838 -0.939990 -0.056313 -0.646784 1.174972 -1.449302 0.465124 0.120556
-1.195134 0.509291 -0.017670 -0.439478 0.154865 0.150809 -0.566949 1.110848 0.345949 -0.226952 -0.574415 0.250646 0.402236 0.020516 4.179531 10.396624 14.931249 19.056721 20.701685 23.237795 24.092493 26.805830 28.691736 29.697540 30.516285 33.151340 32.079147 31.341602 34.098145 30.696472 28.824623 31.382866 30.314941 30.583775 30.686531 31.408203 30.848166 31.132570 29.283747 30.132584 29.781380 29.714136 27.921417 28.579811 27.433599 26.696934 24.421616 22.717478 19.063412 15.449878 13.875795 10.841523 3.848575 1.043534 -0.329384 -0.387397 -1.370021 0.897275 -0.206499 0.734005 0.204511 0.766567 -1.383521 0.471494 -0.998558 -0.325649 0.228784
0.270567 -0.984988 -0.754403 -0.014428 0.291012 -1.065117 -0.502493 -0.721763 -1.444613 -0.456713 0.034439 -0.055472 1.440796 0.399284 4.766546 12.463879 15.171229 17.822639 17.321976 20.924423 26.014853 25.772614 28.134951 30.156723 30.761353 32.935848 32.387215 31.954039 31.986486 30.964996 29.945408 33.116940 29.785654 31.143974 30.487236 29.808308 28.305202 29.943209 30.790627 30.334587 29.739738 30.038969 30.967028 30.464823 26.742416 27.559692 23.365009 21.210289 19.326511 16.919584 14.478724 11.381946 3.929253 0.713758 -0.941021 0.242277 -1.287297 1.062724 0.148550 -1.008307 -0.947646 -0.326649 1.423053 0.150824 -0.369897 1.415231 1.270245
-0.136742 0.070187 -0.057810 0.743707 1.358427 -0.614833 0.359134 -0.588025 0.943730 -0.234515 0.390978 -1.313188 0.503194 0.658637 6.147208 10.869350 15.776323 16.504639 19.900385 20.080488 24.266647 26.993435 28.393633 30.159204 31.180847 32.831242 31.820461 31.005672 32.809559 32.058155 31.552567 31.810127 29.314518 30.973141 28.995386 27.554235 29.150103 31.385139 30.851278 28.382698 28.565525 29.233799 31.815489 30.474400 28.002386 27.366896 24.275446 21.103056 18.791088 16.611179 14.681674 12.399119 4.314196 0.187630 0.438748 0.046375 -0.788508 1.327171 -0.193933 1.998352 0.942937 -1.749312 -1.620094 0.590168 0.185197 -0.927850 0.184106
0.927397 -2.249727 1.461562 0.164096 0.021767 -0.492432 0.625261 0.239582 1.474598 0.133097 -0.169886 0.541001 -1.304288 0.625309 5.589022 12.818719 16.025970 17.932600 18.905825 20.346375 22.271309 25.375832 28.611654 29.020420 31.879782 32.583195 32.738811 33.556705 32.094177 33.215034 29.847229 29.771605 29.500755 29.722225 29.472361 28.315050 29.608633 29.749466 29.476162 31.150150 30.817648 31.534657 32.426468 32.595684 28.861437 26.387428 21.741518 21.252754 19.145136 17.452829 13.838188 11.631887 5.953482 0.706967 1.463895 -0.328866 -1.549490 -0.255142 0.449006 0.015784 -0.069010 0.393307 -0.922607 0.521159 0.944539 0.185504 -0.080654
0.812499 0.550395 1.501619 -0.121456 0.561683 0.079015 -1.007003 -0.001289 -0.989787 -0.713588 -0.193874 0.369004 0.648279 0.533108 6.634966 10.652365 14.290128 17.418444 19.824081 20.539721 22.153957 26.932577 27.671780 31.116220 30.981964 32.084621 31.717503 32.214962 33.575085 32.251579 30.698299 30.529732 30.836504 29.146509 26.788048 27.790106 28.562128 28.602617 29.587273 30.731901 31.919863 31.621237 32.565723 31.452917 26.572464 25.631838 22.115437 20.780663 18.628990 16.563225 14.320888 9.049442 5.991150 0.050444 -0.585376 -0.285440 0.773080 0.483156 -1.193870 -0.025191 0.017258 -0.764201 0.322074 -0.170094 0.556738 0.705777 -0.167686
-0.277115 -0.027507 -1.146489 0.686400 -0.418716 0.889561 -0.423668 -2.008493 -0.030740 -0.474378 0.339340 -1.798212 -0.486996 1.381647 6.563071 10.946194 15.523723 17.086071 18.335337 22.578089 24.166739 26.161598 29.556641 30.044500 32.466549 31.190708 34.312687 32.538170 31.841864 33.475945 32.902088 29.740339 28.600275 27.256996 29.831846 27.336241 26.759258 29.495731 30.006870 31.481529 29.358883 31.117559 31.982571 31.591455 29.998581 25.976231 24.078678 19.638672 20.195890 17.512676 14.378197 10.559980 5.563575 -0.282066 -0.601829 0.040135 1.591851 -1.020517 -1.872618 -1.078087 -1.365276 -0.438625 -0.762303 1.621195 -0.117402 1.385715 0.674849
-1.534727 -0.294374 -1.190711 -0.276321 1.468026 -0.329171 0.635294 -1.212326 -0.247269 1.665662 -1.026432 0.300997 -1.078307 0.072838 5.067801 13.041739 12.630641 15.953718 19.552721 21.752056 21.333302 25.007540 27.689167 29.200960 30.323801 32.247814 32.072960 33.938141 32.288174 31.453859 32.336525 28.924513 26.397072 28.213696 28.510962 26.895872 28.602175 27.898739 31.756533 32.326965 33.626247 33.598427 33.620823 31.250725 29.562624 26.908245 22.540283 21.595543 19.921347 15.499915 14.820555 13.354470 5.821223 0.282417 -2.601011 0.849228 1.169612 -1.319102 0.437720 -1.328086 0.623839 -1.593508 0.103141 1.235415 -0.310088 0.187063 0.889535
-0.324506 -2.383176 -0.393701 0.048407 1.091368 -0.377620 -1.879476 -0.791693 -0.530548 0.016817 0.234846 0.384329 -0.879684 0.512478 4.763859 12.373697 13.804059 16.499067 19.314674 21.515169 21.697386 23.167267 26.979771 27.532406 32.634811 32.720531 30.944466 34.400513 32.934307 32.874737 33.188068 27.988823 27.474127 27.744858 28.115074 27.597973 26.784998 28.769247 31.559252 32.574459 32.724213 32.004147 33.674850 31.633560 30.090353 25.444231 23.918903 21.512899 17.349005 16.714842 13.821566 11.665820 5.822187 0.115388 0.539096 -0.220879 1.442060 -0.857144 -0.918681 0.372426 0.302387 -0.299576 0.374695 -0.818552 -0.160318 -1.497942 0.524632
-1.252145 0.068993 -1.258335 -0.580963 0.433463 -0.725557 -0.281985 -0.503269 0.614672 -0.105493 1.154264 0.415629 -0.600332 0.310242 5.329491 10.583285 14.893121 18.312675 19.309158 20.346050 21.734217 23.786318 26.848820 29.518293 30.469141 31.597818 33.208694 33.327091 34.607113 32.162518 32.362003 28.398144 27.217993 28.783354 27.017002 27.113632 28.995436 31.097202 32.046368 30.769430 32.604675 34.535103 34.800896 32.312607 27.884979 27.346870 22.145721 22.021019 18.708044 16.768604 14.258387 10.790014 6.942058 0.470588 0.857702 0.116890 0.526839 -0.652629 -0.247413 0.689117 -0.655676 -0.221326 1.598265 -0.766681 -0.000358 -0.034269 0.674165
2.462932 -0.545985 -0.860075 -0.229574 0.254986 -0.013300 -0.226627 -1.484636 -0.672353 0.194375 0.117396 -0.470637 -1.508045 1.068674 5.880116 8.967130 16.015839 17.110632 19.805902 21.092299 23.908363 23.062740 27.073389 29.710201 29.584139 31.120754 31.286840 33.642273 33.260994 31.779921 30.909384 28.905258 28.992575 29.046127 28.285851 28.480484 29.975277 31.097027 29.244419 32.019047 32.989529 34.026432 33.824585 31.788937 29.926409 25.020405 24.007294 19.905676 18.916279 18.364689 14.869694 8.959428 4.932802 -1.178757 -0.395249 0.062071 -0.262412 0.094598 0.046986 0.468056 -0.518709 0.264292 -1.014450 0.623907 0.213091 0.316710 1.937625
-0.451723 0.490006 1.529543 -0.190622 1.557945 -0.351566 -0.415996 0.254139 -0.604160 0.730458 -0.187966 1.378980 -0.424650 1.738629 6.403678 11.692075 15.874020 18.493610 19.078482 18.828821 21.995781 25.907545 25.849180 29.486565 29.081465 35.426388 31.990345 30.372395 32.175789 34.881264 31.180353 29.783875 28.839304 31.779057 27.195292 28.991329 29.687786 31.704237 28.953724 30.857237 32.565311 36.681683 31.458672 30.262386 26.172916 27.530853 21.993074 20.177011 16.547968 18.130451 14.179516 9.396336 6.683928 0.111822 0.507442 -0.879308 -0.850067 1.072434 -0.479690 0.324249 1.452710 -0.815110 -0.554767 -0.042112 0.332534 -1.213496 -0.385423
1.132864 1.585265 1.403273 0.862336 0.428802 -0.880618 1.314643 -1.856357 -1.559122 -0.836788 -1.007067 0.560217 -0.188627 -0.339380 5.954188 11.937397 15.216579 18.148197 20.184381 20.044857 20.863155 25.392551 26.303236 29.662472 30.096165 31.418633 32.645988 34.554012 31.245939 31.753742 32.226276 32.119511 29.877407 27.329973 29.835100 32.000420 28.753967 30.323393 29.976782 32.635921 33.789417 33.705318 33.707909 29.715511 29.029327 26.152031 22.737032 19.428261 18.639879 16.963390 13.424219 10.434223 7.076352 -0.210183 -0.455154 -0.913980 0.301558 -0.805867 -0.534559 0.523671 -0.577354 0.187419 -0.695490 0.108253 0.978251 0.156850 1.774912
0.617176 -0.666633 -0.486715 -0.753739 -0.032582 0.983519 -0.732845 0.898188 0.039534 -0.131465 1.291048 -0.518245 -0.532733 0.376334 6.076150 11.253074 14.693981 15.319694 19.480774 20.917341 22.581341 24.073961 25.365654 27.587999 29.962187 32.378910 31.918148 31.366501 32.384918 31.328974 31.359911 31.521940 30.839268 29.693718 29.688425 28.903185 30.685989 29.045839 31.671816 34.537018 35.342197 32.269772 32.190071 28.365295 27.144796 25.890120 23.212799 20.156370 18.719612 16.550549 15.015343 10.695866 6.084212 1.534830 0.855956 0.609128 -0.195315 0.177548 -1.577312 0.531289 -0.544523 0.857947 -1.863067 0.283974 -0.172350 -0.974465 1.254926
0.592352 -1.148068 0.751240 -0.658706 -0.050189 -1.026271 -0.162146 1.043485 -0.651152 1.999517 0.171118 -0.097596 -0.372919 -0.318558 7.513557 10.481352 15.311022 16.661722 18.106987 22.184309 22.830275 22.785337 25.580074 25.560678 29.242880 32.320530 32.581985 32.603737 31.089849 31.799988 31.808271 32.242359 29.797878 30.694042 29.592800 29.227501 30.619440 31.702244 31.193338 34.520626 33.697903 32.720909 31.064215 29.134472 26.636539 25.679893 22.977697 21.815935 18.701170 16.482519 13.748021 11.500600 5.835342 1.601510 -0.578982 0.544076 0.018798 -1.945290 0.582636 -1.440730 -0.679163 0.413044 -1.049115 0.353266 -0.681222 -0.410025 0.719853
-1.266080 0.537200 -0.350830 0.078311 -0.080760 0.466720 1.100327 0.267033 -0.419877 0.692242 0.636990 0.174448 -0.539533 0.566797 6.507982 11.068165 13.620360 17.619164 19.702269 20.973648 24.700680 25.149790 24.074572 25.597765 27.902952 29.829227 31.008825 32.862701 32.082973 30.840450 32.256561 32.346760 32.001827 32.484215 30.456284 30.665329 31.221670 32.585575 33.957264 33.746033 33.563869 33.477112 31.727539 29.783060 29.059303 26.030085 22.700977 21.256525 18.433533 16.845152 13.602705 10.978504 5.389654 0.097461 -0.818579 -1.303745 -1.009669 -0.837555 0.368842 0.570334 0.427875 0.738093 -0.677760 -1.384442 0.052714 1.065380 0.250719
0.347642 -0.733379 0.523916 0.190165 0.270206 -0.236360 0.894018 0.972237 -0.721585 0.497049 -1.884381 -0.366059 -0.337798 -0.531792 5.399838 11.291792 15.330319 17.559633 19.986580 20.548521 21.599596 24.014517 26.001057 27.705791 26.530626 28.817896 31.697985 30.703047 32.408413 32.900135 31.261723 32.778828 34.970432 32.242821 31.103548 30.311609 31.213154 33.286842 32.766792 32.770931 32.843155 30.742357 29.601946 28.827942 28.476589 24.519840 24.743275 21.992701 20.145233 16.479610 13.822503 12.455317 6.056400 -0.380861 -2.007455 0.667974 0.895103 -0.387721 -0.121107 1.039714 0.127471 -0.768354 -0.214654 0.231277 0.151796 1.252363 -0.728577
-0.605276 0.620477 0.346583 0.143049 0.281889 -0.700093 -0.007750 -0.633718 -0.492217 -1.414914 -0.523145 0.064047 -0.230883 0.374066 5.174727 11.672377 14.211267 16.819880 19.320486 20.441914 23.867413 25.373175 26.101194 26.162216 24.274813 27.405901 29.079920 29.497194 30.925280 32.847843 33.528763 32.804977 34.964069 33.567192 31.477623 31.496088 33.703087 32.073074 32.139469 33.004799 31.063793 31.503302 30.329872 28.610420 28.519924 26.602247 22.723909 21.338272 19.696533 17.526546 16.139242 10.584977 5.116423 1.999499 -0.609153 1.987403 -0.311430 0.663963 -0.871943 -1.669201 -0.312468 1.097381 -0.714882 1.131912 0.293961 -0.121348 -1.524575
-0.410101 1.190438 0.031951 0.527066 0.961702 0.529341 -0.337254 0.253594 0.201683 0.950400 0.524944 0.315355 -1.636461 -0.230035 6.603635 10.956276 14.204168 18.569382 19.140224 20.069115 22.360312 22.799271 27.578381 27.624607 25.416693 26.289425 27.743860 31.292831 30.983082 32.061680 32.357719 35.108517 36.453754 33.447590 33.245659 33.227016 31.916498 31.759933 31.407383 32.952488 30.408625 29.635956 30.794386 30.494131 27.512318 25.459759 23.335808 21.215015 16.364998 18.960165 14.315426 12.896063 4.440973 0.444856 -0.019851 0.348063 -0.106058 -0.701682 1.210656 -0.411211 -0.041795 -0.206815 -0.143780 0.359428 -0.021108 -0.189122 1.188199
0.739718 -1.321413 0.813157 -0.037090 0.488887 -0.231451 0.160569 -0.110180 -0.099261 -0.755315 1.389517 -1.724218 0.725260 -0.526155 3.652989 10.958263 15.020176 17.581160 19.503918 20.236280 21.115486 25.476217 25.287752 26.434780 26.816450 25.635286 28.065228 29.464315 31.374670 30.175331 32.991314 35.395248 35.285378 34.887352 37.852562 34.208069 31.454309 31.546980 31.707050 29.467159 29.798756 29.397398 29.263830 29.564968 27.284571 27.526056 22.035465 20.174517 18.145864 18.183519 15.102210 10.743771 5.541271 -0.165941 0.340413 -0.540874 0.134329 0.672523 -0.276070 0.840912 0.311706 -0.823546 -1.109183 0.025083 -0.789416 0.476224 0.829677
-0.674078 0.169474 0.248934 -0.717962 0.627347 -0.166370 0.019980 -0.522010 -0.538338 0.218277 -0.022397 1.074200 -0.340839 0.194745 5.545740 12.312057 15.070183 18.414402 19.555922 20.658535 22.757139 23.968468 24.767256 26.418156 24.529537 26.233406 25.109081 28.012383 29.456322 31.839844 34.669064 33.740051 34.720875 35.807022 35.706387 35.499054 33.539059 32.923656 31.063492 30.810040 31.531694 31.902533 31.871572 30.338736 28.424700 26.299181 24.176752 19.746681 17.532507 17.022879 15.651093 12.132500 4.557542 1.032102 -0.845548 -0.296580 2.692778 1.524442 -0.384795 0.969419 0.030744 0.960654 -0.382538 -1.328211 -0.354896 -0.599568 -0.506688
-0.539878 -0.666506 0.347148 -0.798055 -0.125868 -0.581061 0.319662 0.452511 0.503698 -0.130868 -1.062841 -0.202410 0.958792 -0.076055 5.091897 12.843808 14.997227 16.872972 19.012545 21.518038 22.372103 25.125965 24.342127 24.972906 23.265755 26.403269 25.529478 26.694309 30.691423 32.488628 33.841766 34.279133 35.552025 37.833927 38.538361 36.293652 35.893120 30.273584 29.769320 29.500084 31.189770 28.922823 28.392193 29.382120 28.094767 26.124977 23.382952 21.571899 19.312151 16.181421 13.809128 11.653332 5.161361 0.036703 -0.441546 1.928285 -0.905955 0.359850 0.049865 -1.627714 0.421232 0.060609 -1.549655 -0.955355 0.304591 0.887378 -0.007753
-0.382113 0.316507 1.042510 -0.167161 0.652806 0.204278 1.438848 -0.944679 0.056477 -0.024720 0.089609 0.639326 0.560588 -0.561294 5.769769 9.640891 15.449528 17.860422 20.584356 21.100744 22.009869 23.323616 24.920723 23.488701 25.116535 25.835220 24.999514 27.209644 29.900347 33.278950 33.576569 34.546001 38.477966 38.119820 38.083916 36.264137 33.492695 31.187939 30.157198 30.904720 31.747162 30.145645 29.140177 28.840458 28.412331 24.577768 24.193739 18.932627 18.840025 16.748425 14.245080 10.381117 7.502124 1.341815 -0.504322 -0.054900 -0.329233 0.505352 0.410051 0.544666 1.358139 -0.012149 0.342096 -0.166786 2.491992 -0.617980 0.429954
0.000000 0.000000 0.000000 0.000000 0.000000 0.000000 0.000000 0.000000 0.000000 0.000000 0.000000 0.000000 0.000000 0.000000 0.000000 0.000000 0.000000 0.000000 0.000000 0.000000 0.000000 0.000000 0.000000 0.000000 0.000000 0.000000 0.000000 0.000000 0.000000 0.000000 0.000000 0.000000 0.000000 0.000000 0.000000 0.000000 0.000000 0.000000 0.000000 0.000000 0.000000 0.000000 0.000000 0.000000 0.000000 0.000000 0.000000 0.000000
0.000000 0.000000 0.000000 0.000000 0.000000 0.000000 0.000000 0.000000 0.000000 0.000000 0.000000 0.000000 0.000000 0.000000 0.000000 0.000000 0.000000 0.000000 0.000000 0.000000 0.000000 0.000000 0.000000 0.000000 0.000000 0.000000 0.000000 0.000000 0.000000 0.000000 0.000000 0.000000 0.000000 0.000000 0.000000 0.000000 0.000000 0.000000 0.000000 0.000000 0.000000 0.000000 0.000000 0.000000 0.000000 0.000000 0.000000 0.000000
0.000000 0.000000 0.000000 0.000000 0.000000 0.000000 0.000000 0.000000 0.000000 0.000000 0.000000 0.000000 0.000000 0.000000 0.000000 0.000000 0.000000 0.000000 0.000000 0.000000 0.000000 0.000000 0.000000 0.000000 0.000000 0.000000 0.000000 0.000000 0.000000 0.000000 0.000000 0.000000 0.000000 0.000000 0.000000 0.000000 0.000000 0.000000 0.000000 0.000000 0.000000 0.000000 0.000000 0.000000 0.000000 0.000000 0.000000 0.000000
0.000000 0.000000 0.000000 0.000000 0.000000 0.000000 0.000000 0.000000 0.000000 0.000000 0.000000 0.000000 0.000000 0.000000 0.000000 0.000000 0.000000 0.000000 0.000000 0.000000 0.000000 0.000000 0.000000 0.000000 0.000000 0.000000 0.000000 0.000000 0.000000 0.000000 0.000000 0.000000 0.000000 0.000000 0.000000 0.000000 0.000000 0.000000 0.000000 0.000000 0.000000 0.000000 0.000000 0.000000 0.000000 0.000000 0.000000 0.000000
0.000000 0.000000 0.000000 0.000000 0.000000 0.000000 0.000000 0.000000 0.000000 0.000000 0.000000 0.000000 0.000000 0.000000 0.000000 0.000000 0.000000 0.000000 0.000000 0.000000 0.000000 0.000000 0.000000 0.000000 0.000000 0.000000 0.000000 0.000000 0.000000 0.000000 0.000000 0.000000 0.000000 0.000000 0.000000 0.000000 0.000000 0.000000 0.000000 0.000000 0.000000 0.000000 0.000000 0.000000 0.000000 0.000000 0.000000 0.000000
0.000000 0.000000 0.000000 0.000000 0.000000 0.000000 0.000000 0.000000 0.000000 0.000000 0.000000 0.000000 0.000000 0.000000 0.000000 0.000000 0.000000 0.000000 0.000000 0.000000 0.000000 0.000000 0.000000 0.000000 0.000000 0.000000 0.000000 0.000000 0.000000 0.000000 0.000000 0.000000 0.000000 0.000000 0.000000 0.000000 0.000000 0.000000 0.000000 0.000000 0.000000 0.000000 0.000000 0.000000 0.000000 0.000000 0.000000 0.000000
0.000000 0.000000 0.000000 0.000000 0.000000 0.000000 0.000000 0.000000 0.000000 0.000000 0.000000 0.000000 0.000000 0.000000 0.000000 0.000000 0.000000 0.000000 0.000000 0.000000 0.000000 0.000000 0.000000 0.000000 0.000000 0.000000 0.000000 0.000000 0.000000 0.000000 0.000000 0.000000 0.000000 0.000000 0.000000 0.000000 0.000000 0.000000 0.000000 0.000000 0.000000 0.000000 0.000000 0.000000 0.000000 0.000000 0.000000 0.000000
0.000000 0.000000 0.000000 0.000000 0.000000 0.000000 0.000000 0.000000 0.000000 0.000000 0.000000 0.000000 0.000000 0.000000 0.000000 0.000000 0.000000 0.000000 0.000000 1.000000 1.000000 1.000000 1.000000 1.000000 1.000000 1.000000 1.000000 1.000000 1.000000 0.000000 0.000000 0.000000 0.000000 0.000000 0.000000 0.000000 0.000000 0.000000 0.000000 0.000000 0.000000 0.000000 0.000000 0.000000 0.000000 0.000000 0.000000 0.000000
0.000000 0.000000 0.000000 0.000000 0.000000 0.000000 0.000000 0.000000 0.000000 0.000000 0.000000 0.000000 0.000000 0.000000 0.000000 0.000000 0.000000 1.000000 1.000000 1.000000 1.000000 1.000000 1.000000 1.000000 1.000000 1.000000 1.000000 1.000000 1.000000 1.000000 1.000000 0.000000 0.000000 0.000000 0.000000 0.000000 0.000000 0.000000 0.000000 0.000000 0.000000 0.000000 0.000000 0.000000 0.000000 0.000000 0.000000 0.000000
0.000000 0.000000 0.000000 0.000000 0.000000 0.000000 0.000000 0.000000 0.000000 0.000000 0.000000 0.000000 0.000000 0.000000 0.000000 1.000000 1.000000 1.000000 1.000000 1.000000 1.000000 1.000000 1.000000 1.000000 1.000000 1.000000 1.000000 1.000000 1.000000 1.000000 1.000000 1.000000 1.000000 0.000000 0.000000 0.000000 0.000000 0.000000 0.000000 0.000000 0.000000 0.000000 0.000000 0.000000 0.000000 0.000000 0.000000 0.000000
0.000000 0.000000 0.000000 0.000000 0.000000 0.000000 0.000000 0.000000 0.000000 0.000000 0.000000 0.000000 0.000000 1.000000 1.000000 1.000000 1.000000 1.000000 1.000000 1.000000 1.000000 1.000000 1.000000 1.000000 1.000000 1.000000 1.000000 1.000000 1.000000 1.000000 1.000000 1.000000 1.000000 1.000000 1.000000 0.000000 0.000000 0.000000 0.000000 0.000000 0.000000 0.000000 0.000000 0.000000 0.000000 0.000000 0.000000 0.000000
0.000000 0.000000 0.000000 0.000000 0.000000 0.000000 0.000000 0.000000 0.000000 0.000000 0.000000 0.000000 1.000000 1.000000 1.000000 1.000000 1.000000 1.000000 1.000000 1.000000 1.000000 1.000000 1.000000 1.000000 1.000000 1.000000 1.000000 1.000000 1.000000 1.000000 1.000000 1.000000 1.000000 1.000000 1.000000 1.000000 0.000000 0.000000 0.000000 0.000000 0.000000 0.000000 0.000000 0.000000 0.000000 0.000000 0.000000 0.000000
0.000000 0.000000 0.000000 0.000000 0.000000 0.000000 0.000000 0.000000 0.000000 0.000000 0.000000 1.000000 1.000000 1.000000 1.000000 1.000000 1.000000 1.000000 1.000000 1.000000 1.000000 1.000000 1.600000 1.600000 1.600000 1.600000 1.000000 1.000000 1.000000 1.000000 1.000000 1.000000 1.000000 1.000000 1.000000 1.000000 1.000000 0.000000 0.000000 0.000000 0.000000 0.000000 0.000000 0.000000 0.000000 0.000000 0.000000 0.000000
0.000000 0.000000 0.000000 0.000000 0.000000 0.000000 0.000000 0.000000 0.000000 0.000000 1.000000 1.000000 1.000000 1.000000 1.000000 1.000000 1.000000 1.000000 1.000000 1.000000 1.000000 1.600000 1.600000 1.600000 1.600000 1.600000 1.600000 1.000000 1.000000 1.000000 1.000000 1.000000 1.000000 1.000000 1.000000 1.000000 1.000000 1.000000 0.000000 0.000000 0.000000 0.000000 0.000000 0.000000 0.000000 0.000000 0.000000 0.000000
0.000000 0.000000 0.000000 0.000000 0.000000 0.000000 0.000000 0.000000 0.000000 0.000000 1.000000 1.000000 1.000000 1.000000 1.000000 1.000000 1.000000 1.000000 1.000000 1.000000 1.600000 1.600000 1.600000 1.600000 1.600000 1.600000 1.600000 1.600000 1.000000 1.000000 1.000000 1.000000 1.000000 1.000000 1.000000 1.000000 1.000000 1.000000 0.000000 0.000000 0.000000 0.000000 0.000000 0.000000 0.000000 0.000000 0.000000 0.000000
0.000000 0.000000 0.000000 0.000000 0.000000 0.000000 0.000000 0.000000 0.000000 1.000000 1.000000 1.000000 1.000000 1.000000 1.000000 1.000000 1.000000 1.000000 1.000000 1.000000 1.600000 1.600000 1.600000 1.600000 1.600000 1.600000 1.600000 1.600000 1.000000 1.000000 1.000000 1.000000 1.000000 1.000000 1.000000 1.000000 1.000000 1.000000 1.000000 0.000000 0.000000 0.000000 0.000000 0.000000 0.000000 0.000000 0.000000 0.000000
0.000000 0.000000 0.000000 0.000000 0.000000 0.000000 0.000000 0.000000 0.000000 1.000000 1.000000 1.000000 1.000000 1.000000 1.000000 1.000000 1.000000 1.000000 1.000000 1.000000 1.600000 1.600000 1.600000 1.600000 1.600000 1.600000 1.600000 1.600000 1.000000 1.000000 1.000000 1.000000 1.000000 1.000000 1.000000 1.000000 1.000000 1.000000 1.000000 0.000000 0.000000 0.000000 0.000000 0.000000 0.000000 0.000000 0.000000 0.000000
0.000000 0.000000 0.000000 0.000000 0.000000 0.000000 0.000000 0.000000 1.000000 1.000000 1.000000 1.000000 1.000000 1.000000 1.000000 1.000000 1.000000 1.000000 1.000000 1.000000 1.600000 1.600000 1.600000 1.600000 1.600000 1.600000 1.600000 1.600000 1.000000 1.000000 1.000000 1.000000 1.000000 1.000000 1.000000 1.000000 1.000000 1.000000 1.000000 1.000000 0.000000 0.000000 0.000000 0.000000 0.000000 0.000000 0.000000 0.000000
0.000000 0.000000 0.000000 0.000000 0.000000 0.000000 0.000000 0.000000 1.000000 1.000000 1.000000 1.000000 1.000000 1.000000 1.000000 1.000000 1.000000 1.000000 1.000000 1.000000 1.600000 1.600000 1.600000 1.600000 1.600000 1.600000 1.600000 1.600000 1.000000 1.000000 1.000000 1.000000 1.000000 1.000000 1.000000 1.000000 1.000000 1.000000 1.000000 1.000000 0.000000 0.000000 0.000000 0.000000 0.000000 0.000000 0.000000 0.000000
0.000000 0.000000 0.000000 0.000000 0.000000 0.000000 0.000000 1.000000 1.000000 1.000000 1.000000 1.000000 1.000000 1.000000 1.000000 1.000000 1.000000 1.000000 1.000000 1.000000 1.000000 1.600000 1.600000 1.600000 1.600000 1.600000 1.600000 1.000000 1.000000 1.000000 1.000000 1.000000 1.000000 1.000000 1.000000 1.000000 1.000000 1.000000 1.000000 1.000000 1.000000 0.000000 0.000000 0.000000 0.000000 0.000000 0.000000 0.000000
0.000000 0.000000 0.000000 0.000000 0.000000 0.000000 0.000000 1.000000 1.000000 1.000000 1.000000 1.000000 1.000000 1.000000 1.000000 1.000000 1.000000 1.000000 1.000000 1.000000 1.000000 1.000000 1.000000 1.600000 1.600000 1.000000 1.000000 1.000000 1.000000 1.000000 1.000000 1.000000 1.000000 1.000000 1.000000 1.000000 1.000000 1.000000 1.000000 1.000000 1.000000 0.000000 0.000000 0.000000 0.000000 0.000000 0.000000 0.000000
0.000000 0.000000 0.000000 0.000000 0.000000 0.000000 0.000000 1.000000 1.000000 1.000000 1.000000 1.000000 1.000000 1.000000 1.000000 1.000000 1.000000 1.000000 1.000000 1.000000 1.000000 1.000000 1.000000 1.000000 1.000000 1.000000 1.000000 1.000000 1.000000 1.000000 1.000000 1.000000 1.000000 1.000000 1.000000 1.000000 1.000000 1.000000 1.000000 1.000000 1.000000 0.000000 0.000000 0.000000 0.000000 0.000000 0.000000 0.000000
0.000000 0.000000 0.000000 0.000000 0.000000 0.000000 0.000000 1.000000 1.000000 1.000000 1.000000 1.000000 1.000000 1.000000 1.000000 1.000000 1.000000 1.000000 1.000000 1.000000 1.000000 1.000000 1.000000 1.000000 1.000000 1.000000 1.000000 1.000000 1.000000 1.000000 1.000000 1.000000 1.000000 1.000000 1.000000 1.000000 1.000000 1.000000 1.000000 1.000000 1.000000 0.000000 0.000000 0.000000 0.000000 0.000000 0.000000 0.000000
0.000000 0.000000 0.000000 0.000000 0.000000 0.000000 0.000000 1.000000 1.000000 1.000000 1.000000 1.000000 1.000000 1.000000 1.000000 1.000000 1.000000 1.000000 1.000000 1.000000 1.000000 1.000000 1.000000 1.000000 1.000000 1.000000 1.000000 1.000000 1.000000 1.000000 1.000000 1.000000 1.000000 1.000000 1.000000 1.000000 1.000000 1.000000 1.000000 1.000000 1.000000 0.000000 0.000000 0.000000 0.000000 0.000000 0.000000 0.000000
0.000000 0.000000 0.000000 0.000000 0.000000 0.000000 0.000000 1.000000 1.000000 1.000000 1.000000 1.000000 1.000000 1.000000 1.000000 1.500000 1.500000 1.500000 1.000000 1.000000 1.000000 1.000000 1.000000 1.000000 1.000000 1.000000 1.000000 1.000000 1.000000 1.000000 1.000000 1.000000 1.000000 1.000000 1.000000 1.000000 1.000000 1.000000 1.000000 1.000000 1.000000 0.000000 0.000000 0.000000 0.000000 0.000000 0.000000 0.000000
0.000000 0.000000 0.000000 0.000000 0.000000 0.000000 0.000000 1.000000 1.000000 1.000000 1.000000 1.000000 1.000000 1.000000 1.500000 1.500000 1.500000 1.500000 1.500000 1.000000 1.000000 1.000000 1.000000 1.000000 1.000000 1.000000 1.000000 1.000000 1.000000 1.000000 1.000000 1.000000 1.000000 1.000000 1.000000 1.000000 1.000000 1.000000 1.000000 1.000000 1.000000 0.000000 0.000000 0.000000 0.000000 0.000000 0.000000 0.000000
0.000000 0.000000 0.000000 0.000000 0.000000 0.000000 0.000000 1.000000 1.000000 1.000000 1.000000 1.000000 1.000000 1.500000 1.500000 1.500000 1.500000 1.500000 1.500000 1.500000 1.000000 1.000000 1.000000 1.000000 1.000000 1.000000 1.000000 1.000000 1.000000 1.000000 0.600000 0.600000 0.600000 1.000000 1.000000 1.000000 1.000000 1.000000 1.000000 1.000000 1.000000 0.000000 0.000000 0.000000 0.000000 0.000000 0.000000 0.000000
0.000000 0.000000 0.000000 0.000000 0.000000 0.000000 0.000000 1.000000 1.000000 1.000000 1.000000 1.000000 1.000000 1.500000 1.500000 1.500000 1.500000 1.500000 1.500000 1.500000 1.000000 1.000000 1.000000 1.000000 1.000000 1.000000 1.000000 1.000000 1.000000 0.600000 0.600000 0.600000 0.600000 0.600000 1.000000 1.000000 1.000000 1.000000 1.000000 1.000000 1.000000 0.000000 0.000000 0.000000 0.000000 0.000000 0.000000 0.000000
0.000000 0.000000 0.000000 0.000000 0.000000 0.000000 0.000000 1.000000 1.000000 1.000000 1.000000 1.000000 1.000000 1.500000 1.500000 1.500000 1.500000 1.500000 1.500000 1.500000 1.000000 1.000000 1.000000 1.000000 1.000000 1.000000 1.000000 1.000000 0.600000 0.600000 0.600000 0.600000 0.600000 0.600000 1.000000 1.000000 1.000000 1.000000 1.000000 1.000000 1.000000 0.000000 0.000000 0.000000 0.000000 0.000000 0.000000 0.000000
0.000000 0.000000 0.000000 0.000000 0.000000 0.000000 0.000000 0.000000 1.000000 1.000000 1.000000 1.000000 1.000000 1.500000 1.500000 1.500000 1.500000 1.500000 1.500000 1.000000 1.000000 1.000000 1.000000 1.000000 1.000000 1.000000 1.000000 1.000000 0.600000 0.600000 0.600000 0.600000 0.600000 0.600000 0.600000 1.000000 1.000000 1.000000 1.000000 1.000000 0.000000 0.000000 0.000000 0.000000 0.000000 0.000000 0.000000 0.000000
0.000000 0.000000 0.000000 0.000000 0.000000 0.000000 0.000000 0.000000 1.000000 1.000000 1.000000 1.000000 1.000000 1.000000 1.500000 1.500000 1.500000 1.500000 1.500000 1.000000 1.000000 1.000000 1.000000 1.000000 1.000000 1.000000 1.000000 1.000000 0.600000 0.600000 0.600000 0.600000 0.600000 0.600000 1.000000 1.000000 1.000000 1.000000 1.000000 1.000000 0.000000 0.000000 0.000000 0.000000 0.000000 0.000000 0.000000 0.000000
0.000000 0.000000 0.000000 0.000000 0.000000 0.000000 0.000000 0.000000 0.000000 1.000000 1.000000 1.000000 1.000000 1.000000 1.000000 1.000000 1.000000 1.000000 1.000000 1.000000 1.000000 1.000000 1.000000 1.000000 1.000000 1.000000 1.000000 1.000000 1.000000 0.600000 0.600000 0.600000 0.600000 0.600000 1.000000 1.000000 1.000000 1.000000 1.000000 0.000000 0.000000 0.000000 0.000000 0.000000 0.000000 0.000000 0.000000 0.000000
0.000000 0.000000 0.000000 0.000000 0.000000 0.000000 0.000000 0.000000 0.000000 1.000000 1.000000 1.000000 1.000000 1.000000 1.000000 1.000000 1.000000 1.000000 1.000000 1.000000 1.000000 1.000000 1.800000 1.800000 1.800000 1.800000 1.000000 1.000000 1.000000 1.000000 0.600000 0.600000 0.600000 1.000000 1.000000 1.000000 1.000000 1.000000 1.000000 0.000000 0.000000 0.000000 0.000000 0.000000 0.000000 0.000000 0.000000 0.000000
0.000000 0.000000 0.000000 0.000000 0.000000 0.000000 0.000000 0.000000 0.000000 0.000000 1.000000 1.000000 1.000000 1.000000 1.000000 1.000000 1.000000 1.000000 1.000000 1.000000 1.000000 1.000000 1.800000 1.800000 1.800000 1.800000 1.000000 1.000000 1.000000 1.000000 1.000000 1.000000 1.000000 1.000000 1.000000 1.000000 1.000000 1.000000 0.000000 0.000000 0.000000 0.000000 0.000000 0.000000 0.000000 0.000000 0.000000 0.000000
0.000000 0.000000 0.000000 0.000000 0.000000 0.000000 0.000000 0.000000 0.000000 0.000000 1.000000 1.000000 1.000000 1.000000 1.000000 1.000000 1.000000 1.000000 1.000000 1.000000 1.000000 1.000000 1.800000 1.800000 1.800000 1.800000 1.000000 1.000000 1.000000 1.000000 1.000000 1.000000 1.000000 1.000000 1.000000 1.000000 1.000000 1.000000 0.000000 0.000000 0.000000 0.000000 0.000000 0.000000 0.000000 0.000000 0.000000 0.000000
0.000000 0.000000 0.000000 0.000000 0.000000 0.000000 0.000000 0.000000 0.000000 0.000000 0.000000 1.000000 1.000000 1.000000 1.000000 1.000000 1.000000 1.000000 1.000000 1.000000 1.000000 1.000000 1.800000 1.800000 1.800000 1.800000 1.000000 1.000000 1.000000 1.000000 1.000000 1.000000 1.000000 1.000000 1.000000 1.000000 1.000000 0.000000 0.000000 0.000000 0.000000 0.000000 0.000000 0.000000 0.000000 0.000000 0.000000 0.000000
0.000000 0.000000 0.000000 0.000000 0.000000 0.000000 0.000000 0.000000 0.000000 0.000000 0.000000 0.000000 1.000000 1.000000 1.000000 1.000000 1.000000 1.000000 1.000000 1.000000 1.000000 1.000000 1.000000 1.000000 1.000000 1.000000 1.000000 1.000000 1.000000 1.000000 1.000000 1.000000 1.000000 1.000000 1.000000 1.000000 0.000000 0.000000 0.000000 0.000000 0.000000 0.000000 0.000000 0.000000 0.000000 0.000000 0.000000 0.000000
0.000000 0.000000 0.000000 0.000000 0.000000 0.000000 0.000000 0.000000 0.000000 0.000000 0.000000 0.000000 0.000000 1.000000 1.000000 1.000000 1.000000 1.000000 1.000000 1.000000 1.000000 1.000000 1.000000 1.000000 1.000000 1.000000 1.000000 1.000000 1.000000 1.000000 1.000000 1.000000 1.000000 1.000000 1.000000 0.000000 0.000000 0.000000 0.000000 0.000000 0.000000 0.000000 0.000000 0.000000 0.000000 0.000000 0.000000 0.000000
0.000000 0.000000 0.000000 0.000000 0.000000 0.000000 0.000000 0.000000 0.000000 0.000000 0.000000 0.000000 0.000000 0.000000 0.000000 1.000000 1.000000 1.000000 1.000000 1.000000 1.000000 1.000000 1.000000 1.000000 1.000000 1.000000 1.000000 1.000000 1.000000 1.000000 1.000000 1.000000 1.000000 0.000000 0.000000 0.000000 0.000000 0.000000 0.000000 0.000000 0.000000 0.000000 0.000000 0.000000 0.000000 0.000000 0.000000 0.000000
0.000000 0.000000 0.000000 0.000000 0.000000 0.000000 0.000000 0.000000 0.000000 0.000000 0.000000 0.000000 0.000000 0.000000 0.000000 0.000000 0.000000 1.000000 1.000000 1.000000 1.000000 1.000000 1.000000 1.000000 1.000000 1.000000 1.000000 1.000000 1.000000 1.000000 1.000000 0.000000 0.000000 0.000000 0.000000 0.000000 0.000000 0.000000 0.000000 0.000000 0.000000 0.000000 0.000000 0.000000 0.000000 0.000000 0.000000 0.000000
0.000000 0.000000 0.000000 0.000000 0.000000 0.000000 0.000000 0.000000 0.000000 0.000000 0.000000 0.000000 0.000000 0.000000 0.000000 0.000000 0.000000 0.000000 0.000000 1.000000 1.000000 1.000000 1.000000 1.000000 1.000000 1.000000 1.000000 1.000000 1.000000 0.000000 0.000000 0.000000 0.000000 0.000000 0.000000 0.000000 0.000000 0.000000 0.000000 0.000000 0.000000 0.000000 0.000000 0.000000 0.000000 0.000000 0.000000 0.000000
0.000000 0.000000 0.000000 0.000000 0.000000 0.000000 0.000000 0.000000 0.000000 0.000000 0.000000 0.000000 0.000000 0.000000 0.000000 0.000000 0.000000 0.000000 0.000000 0.000000 0.000000 0.000000 0.000000 0.000000 0.000000 0.000000 0.000000 0.000000 0.000000 0.000000 0.000000 0.000000 0.000000 0.000000 0.000000 0.000000 0.000000 0.000000 0.000000 0.000000 0.000000 0.000000 0.000000 0.000000 0.000000 0.000000 0.000000 0.000000
0.000000 0.000000 0.000000 0.000000 0.000000 0.000000 0.000000 0.000000 0.000000 0.000000 0.000000 0.000000 0.000000 0.000000 0.000000 0.000000 0.000000 0.000000 0.000000 0.000000 0.000000 0.000000 0.000000 0.000000 0.000000 0.000000 0.000000 0.000000 0.000000 0.000000 0.000000 0.000000 0.000000 0.000000 0.000000 0.000000 0.000000 0.000000 0.000000 0.000000 0.000000 0.000000 0.000000 0.000000 0.000000 0.000000 0.000000 0.000000
0.000000 0.000000 0.000000 0.000000 0.000000 0.000000 0.000000 0.000000 0.000000 0.000000 0.000000 0.000000 0.000000 0.000000 0.000000 0.000000 0.000000 0.000000 0.000000 0.000000 0.000000 0.000000 0.000000 0.000000 0.000000 0.000000 0.000000 0.000000 0.000000 0.000000 0.000000 0.000000 0.000000 0.000000 0.000000 0.000000 0.000000 0.000000 0.000000 0.000000 0.000000 0.000000 0.000000 0.000000 0.000000 0.000000 0.000000 0.000000
0.000000 0.000000 0.000000 0.000000 0.000000 0.000000 0.000000 0.000000 0.000000 0.000000 0.000000 0.000000 0.000000 0.000000 0.000000 0.000000 0.000000 0.000000 0.000000 0.000000 0.000000 0.000000 0.000000 0.000000 0.000000 0.000000 0.000000 0.000000 0.000000 0.000000 0.000000 0.000000 0.000000 0.000000 0.000000 0.000000 0.000000 0.000000 0.000000 0.000000 0.000000 0.000000 0.000000 0.000000 0.000000 0.000000 0.000000 0.000000
0.000000 0.000000 0.000000 0.000000 0.000000 0.000000 0.000000 0.000000 0.000000 0.000000 0.000000 0.000000 0.000000 0.000000 0.000000 0.000000 0.000000 0.000000 0.000000 0.000000 0.000000 0.000000 0.000000 0.000000 0.000000 0.000000 0.000000 0.000000 0.000000 0.000000 0.000000 0.000000 0.000000 0.000000 0.000000 0.000000 0.000000 0.000000 0.000000 0.000000 0.000000 0.000000 0.000000 0.000000 0.000000 0.000000 0.000000 0.000000
0.000000 0.000000 0.000000 0.000000 0.000000 0.000000 0.000000 0.000000 0.000000 0.000000 0.000000 0.000000 0.000000 0.000000 0.000000 0.000000 0.000000 0.000000 0.000000 0.000000 0.000000 0.000000 0.000000 0.000000 0.000000 0.000000 0.000000 0.000000 0.000000 0.000000 0.000000 0.000000 0.000000 0.000000 0.000000 0.000000 0.000000 0.000000 0.000000 0.000000 0.000000 0.000000 0.000000 0.000000 0.000000 0.000000 0.000000 0.000000
0.000000 0.000000 0.000000 0.000000 0.000000 0.000000 0.000000 0.000000 0.000000 0.000000 0.000000 0.000000 0.000000 0.000000 0.000000 0.000000 0.000000 0.000000 0.000000 0.000000 0.000000 0.000000 0.000000 0.000000 0.000000 0.000000 0.000000 0.000000 0.000000 0.000000 0.000000 0.000000 0.000000 0.000000 0.000000 0.000000 0.000000 0.000000 0.000000 0.000000 0.000000 0.000000 0.000000 0.000000 0.000000 0.000000 0.000000 0.000000
