17 17 17 1 -8 -8 -8 0
-7.8564 -7.3041 -6.8062 -6.3693 -6.0000 -5.7047 -5.4891 -5.3578
-5.3137 -5.3578 -5.4891 -5.7047 -6.0000 -6.3693 -6.8062 -7.3041
-7.8564 -7.3041 -6.7279 -6.2066 -5.7473 -5.3578 -5.0454 -4.8167
-4.6771 -4.6301 -4.6771 -4.8167 -5.0454 -5.3578 -5.7473 -6.2066
-6.7279 -7.3041 -6.8062 -6.2066 -5.6619 -5.1803 -4.7703 -4.4403
-4.1980 -4.0499 -4.0000 -4.0499 -4.1980 -4.4403 -4.7703 -5.1803
-5.6619 -6.2066 -6.8062 -6.3693 -5.7473 -5.1803 -4.6771 -4.2470
-3.8995 -3.6437 -3.4868 -3.4340 -3.4868 -3.6437 -3.8995 -4.2470
-4.6771 -5.1803 -5.7473 -6.3693 -6.0000 -5.3578 -4.7703 -4.2470
-3.7980 -3.4340 -3.1652 -3.0000 -2.9443 -3.0000 -3.1652 -3.4340
-3.7980 -4.2470 -4.7703 -5.3578 -6.0000 -5.7047 -5.0454 -4.4403
-3.8995 -3.4340 -3.0554 -2.7750 -2.6023 -2.5440 -2.6023 -2.7750
-3.0554 -3.4340 -3.8995 -4.4403 -5.0454 -5.7047 -5.4891 -4.8167
-4.1980 -3.6437 -3.1652 -2.7750 -2.4853 -2.3066 -2.2462 -2.3066
-2.4853 -2.7750 -3.1652 -3.6437 -4.1980 -4.8167 -5.4891 -5.3578
-4.6771 -4.0499 -3.4868 -3.0000 -2.6023 -2.3066 -2.1240 -2.0623
-2.1240 -2.3066 -2.6023 -3.0000 -3.4868 -4.0499 -4.6771 -5.3578
-5.3137 -4.6301 -4.0000 -3.4340 -2.9443 -2.5440 -2.2462 -2.0623
-2.0000 -2.0623 -2.2462 -2.5440 -2.9443 -3.4340 -4.0000 -4.6301
-5.3137 -5.3578 -4.6771 -4.0499 -3.4868 -3.0000 -2.6023 -2.3066
-2.1240 -2.0623 -2.1240 -2.3066 -2.6023 -3.0000 -3.4868 -4.0499
-4.6771 -5.3578 -5.4891 -4.8167 -4.1980 -3.6437 -3.1652 -2.7750
-2.4853 -2.3066 -2.2462 -2.3066 -2.4853 -2.7750 -3.1652 -3.6437
-4.1980 -4.8167 -5.4891 -5.7047 -5.0454 -4.4403 -3.8995 -3.4340
-3.0554 -2.7750 -2.6023 -2.5440 -2.6023 -2.7750 -3.0554 -3.4340
-3.8995 -4.4403 -5.0454 -5.7047 -6.0000 -5.3578 -4.7703 -4.2470
-3.7980 -3.4340 -3.1652 -3.0000 -2.9443 -3.0000 -3.1652 -3.4340
-3.7980 -4.2470 -4.7703 -5.3578 -6.0000 -6.3693 -5.7473 -5.1803
-4.6771 -4.2470 -3.8995 -3.6437 -3.4868 -3.4340 -3.4868 -3.6437
-3.8995 -4.2470 -4.6771 -5.1803 -5.7473 -6.3693 -6.8062 -6.2066
-5.6619 -5.1803 -4.7703 -4.4403 -4.1980 -4.0499 -4.0000 -4.0499
-4.1980 -4.4403 -4.7703 -5.1803 -5.6619 -6.2066 -6.8062 -7.3041
-6.7279 -6.2066 -5.7473 -5.3578 -5.0454 -4.8167 -4.6771 -4.6301
-4.6771 -4.8167 -5.0454 -5.3578 -5.7473 -6.2066 -6.7279 -7.3041
-7.8564 -7.3041 -6.8062 -6.3693 -6.0000 -5.7047 -5.4891 -5.3578
-5.3137 -5.3578 -5.4891 -5.7047 -6.0000 -6.3693 -6.8062 -7.3041
-7.8564 -7.3041 -6.7279 -6.2066 -5.7473 -5.3578 -5.0454 -4.8167
-4.6771 -4.6301 -4.6771 -4.8167 -5.0454 -5.3578 -5.7473 -6.2066
-6.7279 -7.3041 -6.7279 -6.1244 -5.5758 -5.0905 -4.6771 -4.3441
-4.0995 -3.9499 -3.8995 -3.9499 -4.0995 -4.3441 -4.6771 -5.0905
-5.5758 -6.1244 -6.7279 -6.2066 -5.5758 -5.0000 -4.4881 -4.0499
-3.6954 -3.4340 -3.2736 -3.2195 -3.2736 -3.4340 -3.6954 -4.0499
-4.4881 -5.0000 -5.5758 -6.2066 -5.7473 -5.0905 -4.4881 -3.9499
-3.4868 -3.1104 -2.8318 -2.6603 -2.6023 -2.6603 -2.8318 -3.1104
-3.4868 -3.9499 -4.4881 -5.0905 -5.7473 -5.3578 -4.6771 -4.0499
-3.4868 -3.0000 -2.6023 -2.3066 -2.1240 -2.0623 -2.1240 -2.3066
-2.6023 -3.0000 -3.4868 -4.0499 -4.6771 -5.3578 -5.0454 -4.3441
-3.6954 -3.1104 -2.6023 -2.1854 -1.8740 -1.6811 -1.6158 -1.6811
-1.8740 -2.1854 -2.6023 -3.1104 -3.6954 -4.3441 -5.0454 -4.8167
-4.0995 -3.4340 -2.8318 -2.3066 -1.8740 -1.5498 -1.3485 -1.2801
-1.3485 -1.5498 -1.8740 -2.3066 -2.8318 -3.4340 -4.0995 -4.8167
-4.6771 -3.9499 -3.2736 -2.6603 -2.1240 -1.6811 -1.3485 -1.1414
-1.0711 -1.1414 -1.3485 -1.6811 -2.1240 -2.6603 -3.2736 -3.9499
-4.6771 -4.6301 -3.8995 -3.2195 -2.6023 -2.0623 -1.6158 -1.2801
-1.0711 -1.0000 -1.0711 -1.2801 -1.6158 -2.0623 -2.6023 -3.2195
-3.8995 -4.6301 -4.6771 -3.9499 -3.2736 -2.6603 -2.1240 -1.6811
-1.3485 -1.1414 -1.0711 -1.1414 -1.3485 -1.6811 -2.1240 -2.6603
-3.2736 -3.9499 -4.6771 -4.8167 -4.0995 -3.4340 -2.8318 -2.3066
-1.8740 -1.5498 -1.3485 -1.2801 -1.3485 -1.5498 -1.8740 -2.3066
-2.8318 -3.4340 -4.0995 -4.8167 -5.0454 -4.3441 -3.6954 -3.1104
-2.6023 -2.1854 -1.8740 -1.6811 -1.6158 -1.6811 -1.8740 -2.1854
-2.6023 -3.1104 -3.6954 -4.3441 -5.0454 -5.3578 -4.6771 -4.0499
-3.4868 -3.0000 -2.6023 -2.3066 -2.1240 -2.0623 -2.1240 -2.3066
-2.6023 -3.0000 -3.4868 -4.0499 -4.6771 -5.3578 -5.7473 -5.0905
-4.4881 -3.9499 -3.4868 -3.1104 -2.8318 -2.6603 -2.6023 -2.6603
-2.8318 -3.1104 -3.4868 -3.9499 -4.4881 -5.0905 -5.7473 -6.2066
-5.5758 -5.0000 -4.4881 -4.0499 -3.6954 -3.4340 -3.2736 -3.2195
-3.2736 -3.4340 -3.6954 -4.0499 -4.4881 -5.0000 -5.5758 -6.2066
-6.7279 -6.1244 -5.5758 -5.0905 -4.6771 -4.3441 -4.0995 -3.9499
-3.8995 -3.9499 -4.0995 -4.3441 -4.6771 -5.0905 -5.5758 -6.1244
-6.7279 -7.3041 -6.7279 -6.2066 -5.7473 -5.3578 -5.0454 -4.8167
-4.6771 -4.6301 -4.6771 -4.8167 -5.0454 -5.3578 -5.7473 -6.2066
-6.7279 -7.3041 -6.8062 -6.2066 -5.6619 -5.1803 -4.7703 -4.4403
-4.1980 -4.0499 -4.0000 -4.0499 -4.1980 -4.4403 -4.7703 -5.1803
-5.6619 -6.2066 -6.8062 -6.2066 -5.5758 -5.0000 -4.4881 -4.0499
-3.6954 -3.4340 -3.2736 -3.2195 -3.2736 -3.4340 -3.6954 -4.0499
-4.4881 -5.0000 -5.5758 -6.2066 -5.6619 -5.0000 -4.3923 -3.8489
-3.3808 -3.0000 -2.7178 -2.5440 -2.4853 -2.5440 -2.7178 -3.0000
-3.3808 -3.8489 -4.3923 -5.0000 -5.6619 -5.1803 -4.4881 -3.8489
-3.2736 -2.7750 -2.3666 -2.0623 -1.8740 -1.8102 -1.8740 -2.0623
-2.3666 -2.7750 -3.2736 -3.8489 -4.4881 -5.1803 -4.7703 -4.0499
-3.3808 -2.7750 -2.2462 -1.8102 -1.4833 -1.2801 -1.2111 -1.2801
-1.4833 -1.8102 -2.2462 -2.7750 -3.3808 -4.0499 -4.7703 -4.4403
-3.6954 -3.0000 -2.3666 -1.8102 -1.3485 -1.0000 -0.7823 -0.7082
-0.7823 -1.0000 -1.3485 -1.8102 -2.3666 -3.0000 -3.6954 -4.4403
-4.1980 -3.4340 -2.7178 -2.0623 -1.4833 -1.0000 -0.6332 -0.4031
-0.3246 -0.4031 -0.6332 -1.0000 -1.4833 -2.0623 -2.7178 -3.4340
-4.1980 -4.0499 -3.2736 -2.5440 -1.8740 -1.2801 -0.7823 -0.4031
-0.1644 -0.0828 -0.1644 -0.4031 -0.7823 -1.2801 -1.8740 -2.5440
-3.2736 -4.0499 -4.0000 -3.2195 -2.4853 -1.8102 -1.2111 -0.7082
-0.3246 -0.0828 0.0000 -0.0828 -0.3246 -0.7082 -1.2111 -1.8102
-2.4853 -3.2195 -4.0000 -4.0499 -3.2736 -2.5440 -1.8740 -1.2801
-0.7823 -0.4031 -0.1644 -0.0828 -0.1644 -0.4031 -0.7823 -1.2801
-1.8740 -2.5440 -3.2736 -4.0499 -4.1980 -3.4340 -2.7178 -2.0623
-1.4833 -1.0000 -0.6332 -0.4031 -0.3246 -0.4031 -0.6332 -1.0000
-1.4833 -2.0623 -2.7178 -3.4340 -4.1980 -4.4403 -3.6954 -3.0000
-2.3666 -1.8102 -1.3485 -1.0000 -0.7823 -0.7082 -0.7823 -1.0000
-1.3485 -1.8102 -2.3666 -3.0000 -3.6954 -4.4403 -4.7703 -4.0499
-3.3808 -2.7750 -2.2462 -1.8102 -1.4833 -1.2801 -1.2111 -1.2801
-1.4833 -1.8102 -2.2462 -2.7750 -3.3808 -4.0499 -4.7703 -5.1803
-4.4881 -3.8489 -3.2736 -2.7750 -2.3666 -2.0623 -1.8740 -1.8102
-1.8740 -2.0623 -2.3666 -2.7750 -3.2736 -3.8489 -4.4881 -5.1803
-5.6619 -5.0000 -4.3923 -3.8489 -3.3808 -3.0000 -2.7178 -2.5440
-2.4853 -2.5440 -2.7178 -3.0000 -3.3808 -3.8489 -4.3923 -5.0000
-5.6619 -6.2066 -5.5758 -5.0000 -4.4881 -4.0499 -3.6954 -3.4340
-3.2736 -3.2195 -3.2736 -3.4340 -3.6954 -4.0499 -4.4881 -5.0000
-5.5758 -6.2066 -6.8062 -6.2066 -5.6619 -5.1803 -4.7703 -4.4403
-4.1980 -4.0499 -4.0000 -4.0499 -4.1980 -4.4403 -4.7703 -5.1803
-5.6619 -6.2066 -6.8062 -6.3693 -5.7473 -5.1803 -4.6771 -4.2470
-3.8995 -3.6437 -3.4868 -3.4340 -3.4868 -3.6437 -3.8995 -4.2470
-4.6771 -5.1803 -5.7473 -6.3693 -5.7473 -5.0905 -4.4881 -3.9499
-3.4868 -3.1104 -2.8318 -2.6603 -2.6023 -2.6603 -2.8318 -3.1104
-3.4868 -3.9499 -4.4881 -5.0905 -5.7473 -5.1803 -4.4881 -3.8489
-3.2736 -2.7750 -2.3666 -2.0623 -1.8740 -1.8102 -1.8740 -2.0623
-2.3666 -2.7750 -3.2736 -3.8489 -4.4881 -5.1803 -4.6771 -3.9499
-3.2736 -2.6603 -2.1240 -1.6811 -1.3485 -1.1414 -1.0711 -1.1414
-1.3485 -1.6811 -2.1240 -2.6603 -3.2736 -3.9499 -4.6771 -4.2470
-3.4868 -2.7750 -2.1240 -1.5498 -1.0711 -0.7082 -0.4807 -0.4031
-0.4807 -0.7082 -1.0711 -1.5498 -2.1240 -2.7750 -3.4868 -4.2470
-3.8995 -3.1104 -2.3666 -1.6811 -1.0711 -0.5574 -0.1644 0.0839
0.1690 0.0839 -0.1644 -0.5574 -1.0711 -1.6811 -2.3666 -3.1104
-3.8995 -3.6437 -2.8318 -2.0623 -1.3485 -0.7082 -0.1644 0.2554
0.5228 0.6148 0.5228 0.2554 -0.1644 -0.7082 -1.3485 -2.0623
-2.8318 -3.6437 -3.4868 -2.6603 -1.8740 -1.1414 -0.4807 0.0839
0.5228 0.8038 0.9010 0.8038 0.5228 0.0839 -0.4807 -1.1414
-1.8740 -2.6603 -3.4868 -3.4340 -2.6023 -1.8102 -1.0711 -0.4031
0.1690 0.6148 0.9010 1.0000 0.9010 0.6148 0.1690 -0.4031
-1.0711 -1.8102 -2.6023 -3.4340 -3.4868 -2.6603 -1.8740 -1.1414
-0.4807 0.0839 0.5228 0.8038 0.9010 0.8038 0.5228 0.0839
-0.4807 -1.1414 -1.8740 -2.6603 -3.4868 -3.6437 -2.8318 -2.0623
-1.3485 -0.7082 -0.1644 0.2554 0.5228 0.6148 0.5228 0.2554
-0.1644 -0.7082 -1.3485 -2.0623 -2.8318 -3.6437 -3.8995 -3.1104
-2.3666 -1.6811 -1.0711 -0.5574 -0.1644 0.0839 0.1690 0.0839
-0.1644 -0.5574 -1.0711 -1.6811 -2.3666 -3.1104 -3.8995 -4.2470
-3.4868 -2.7750 -2.1240 -1.5498 -1.0711 -0.7082 -0.4807 -0.4031
-0.4807 -0.7082 -1.0711 -1.5498 -2.1240 -2.7750 -3.4868 -4.2470
-4.6771 -3.9499 -3.2736 -2.6603 -2.1240 -1.6811 -1.3485 -1.1414
-1.0711 -1.1414 -1.3485 -1.6811 -2.1240 -2.6603 -3.2736 -3.9499
-4.6771 -5.1803 -4.4881 -3.8489 -3.2736 -2.7750 -2.3666 -2.0623
-1.8740 -1.8102 -1.8740 -2.0623 -2.3666 -2.7750 -3.2736 -3.8489
-4.4881 -5.1803 -5.7473 -5.0905 -4.4881 -3.9499 -3.4868 -3.1104
-2.8318 -2.6603 -2.6023 -2.6603 -2.8318 -3.1104 -3.4868 -3.9499
-4.4881 -5.0905 -5.7473 -6.3693 -5.7473 -5.1803 -4.6771 -4.2470
-3.8995 -3.6437 -3.4868 -3.4340 -3.4868 -3.6437 -3.8995 -4.2470
-4.6771 -5.1803 -5.7473 -6.3693 -6.0000 -5.3578 -4.7703 -4.2470
-3.7980 -3.4340 -3.1652 -3.0000 -2.9443 -3.0000 -3.1652 -3.4340
-3.7980 -4.2470 -4.7703 -5.3578 -6.0000 -5.3578 -4.6771 -4.0499
-3.4868 -3.0000 -2.6023 -2.3066 -2.1240 -2.0623 -2.1240 -2.3066
-2.6023 -3.0000 -3.4868 -4.0499 -4.6771 -5.3578 -4.7703 -4.0499
-3.3808 -2.7750 -2.2462 -1.8102 -1.4833 -1.2801 -1.2111 -1.2801
-1.4833 -1.8102 -2.2462 -2.7750 -3.3808 -4.0499 -4.7703 -4.2470
-3.4868 -2.7750 -2.1240 -1.5498 -1.0711 -0.7082 -0.4807 -0.4031
-0.4807 -0.7082 -1.0711 -1.5498 -2.1240 -2.7750 -3.4868 -4.2470
-3.7980 -3.0000 -2.2462 -1.5498 -0.9282 -0.4031 0.0000 0.2554
0.3431 0.2554 0.0000 -0.4031 -0.9282 -1.5498 -2.2462 -3.0000
-3.7980 -3.4340 -2.6023 -1.8102 -1.0711 -0.4031 0.1690 0.6148
0.9010 1.0000 0.9010 0.6148 0.1690 -0.4031 -1.0711 -1.8102
-2.6023 -3.4340 -3.1652 -2.3066 -1.4833 -0.7082 0.0000 0.6148
1.1010 1.4174 1.5279 1.4174 1.1010 0.6148 0.0000 -0.7082
-1.4833 -2.3066 -3.1652 -3.0000 -2.1240 -1.2801 -0.4807 0.2554
0.9010 1.4174 1.7574 1.8769 1.7574 1.4174 0.9010 0.2554
-0.4807 -1.2801 -2.1240 -3.0000 -2.9443 -2.0623 -1.2111 -0.4031
0.3431 1.0000 1.5279 1.8769 2.0000 1.8769 1.5279 1.0000
0.3431 -0.4031 -1.2111 -2.0623 -2.9443 -3.0000 -2.1240 -1.2801
-0.4807 0.2554 0.9010 1.4174 1.7574 1.8769 1.7574 1.4174
0.9010 0.2554 -0.4807 -1.2801 -2.1240 -3.0000 -3.1652 -2.3066
-1.4833 -0.7082 0.0000 0.6148 1.1010 1.4174 1.5279 1.4174
1.1010 0.6148 0.0000 -0.7082 -1.4833 -2.3066 -3.1652 -3.4340
-2.6023 -1.8102 -1.0711 -0.4031 0.1690 0.6148 0.9010 1.0000
0.9010 0.6148 0.1690 -0.4031 -1.0711 -1.8102 -2.6023 -3.4340
-3.7980 -3.0000 -2.2462 -1.5498 -0.9282 -0.4031 0.0000 0.2554
0.3431 0.2554 0.0000 -0.4031 -0.9282 -1.5498 -2.2462 -3.0000
-3.7980 -4.2470 -3.4868 -2.7750 -2.1240 -1.5498 -1.0711 -0.7082
-0.4807 -0.4031 -0.4807 -0.7082 -1.0711 -1.5498 -2.1240 -2.7750
-3.4868 -4.2470 -4.7703 -4.0499 -3.3808 -2.7750 -2.2462 -1.8102
-1.4833 -1.2801 -1.2111 -1.2801 -1.4833 -1.8102 -2.2462 -2.7750
-3.3808 -4.0499 -4.7703 -5.3578 -4.6771 -4.0499 -3.4868 -3.0000
-2.6023 -2.3066 -2.1240 -2.0623 -2.1240 -2.3066 -2.6023 -3.0000
-3.4868 -4.0499 -4.6771 -5.3578 -6.0000 -5.3578 -4.7703 -4.2470
-3.7980 -3.4340 -3.1652 -3.0000 -2.9443 -3.0000 -3.1652 -3.4340
-3.7980 -4.2470 -4.7703 -5.3578 -6.0000 -5.7047 -5.0454 -4.4403
-3.8995 -3.4340 -3.0554 -2.7750 -2.6023 -2.5440 -2.6023 -2.7750
-3.0554 -3.4340 -3.8995 -4.4403 -5.0454 -5.7047 -5.0454 -4.3441
-3.6954 -3.1104 -2.6023 -2.1854 -1.8740 -1.6811 -1.6158 -1.6811
-1.8740 -2.1854 -2.6023 -3.1104 -3.6954 -4.3441 -5.0454 -4.4403
-3.6954 -3.0000 -2.3666 -1.8102 -1.3485 -1.0000 -0.7823 -0.7082
-0.7823 -1.0000 -1.3485 -1.8102 -2.3666 -3.0000 -3.6954 -4.4403
-3.8995 -3.1104 -2.3666 -1.6811 -1.0711 -0.5574 -0.1644 0.0839
0.1690 0.0839 -0.1644 -0.5574 -1.0711 -1.6811 -2.3666 -3.1104
-3.8995 -3.4340 -2.6023 -1.8102 -1.0711 -0.4031 0.1690 0.6148
0.9010 1.0000 0.9010 0.6148 0.1690 -0.4031 -1.0711 -1.8102
-2.6023 -3.4340 -3.0554 -2.1854 -1.3485 -0.5574 0.1690 0.8038
1.3096 1.6411 1.7574 1.6411 1.3096 0.8038 0.1690 -0.5574
-1.3485 -2.1854 -3.0554 -2.7750 -1.8740 -1.0000 -0.1644 0.6148
1.3096 1.8769 2.2583 2.3944 2.2583 1.8769 1.3096 0.6148
-0.1644 -1.0000 -1.8740 -2.7750 -2.6023 -1.6811 -0.7823 0.0839
0.9010 1.6411 2.2583 2.6834 2.8377 2.6834 2.2583 1.6411
0.9010 0.0839 -0.7823 -1.6811 -2.6023 -2.5440 -1.6158 -0.7082
0.1690 1.0000 1.7574 2.3944 2.8377 3.0000 2.8377 2.3944
1.7574 1.0000 0.1690 -0.7082 -1.6158 -2.5440 -2.6023 -1.6811
-0.7823 0.0839 0.9010 1.6411 2.2583 2.6834 2.8377 2.6834
2.2583 1.6411 0.9010 0.0839 -0.7823 -1.6811 -2.6023 -2.7750
-1.8740 -1.0000 -0.1644 0.6148 1.3096 1.8769 2.2583 2.3944
2.2583 1.8769 1.3096 0.6148 -0.1644 -1.0000 -1.8740 -2.7750
-3.0554 -2.1854 -1.3485 -0.5574 0.1690 0.8038 1.3096 1.6411
1.7574 1.6411 1.3096 0.8038 0.1690 -0.5574 -1.3485 -2.1854
-3.0554 -3.4340 -2.6023 -1.8102 -1.0711 -0.4031 0.1690 0.6148
0.9010 1.0000 0.9010 0.6148 0.1690 -0.4031 -1.0711 -1.8102
-2.6023 -3.4340 -3.8995 -3.1104 -2.3666 -1.6811 -1.0711 -0.5574
-0.1644 0.0839 0.1690 0.0839 -0.1644 -0.5574 -1.0711 -1.6811
-2.3666 -3.1104 -3.8995 -4.4403 -3.6954 -3.0000 -2.3666 -1.8102
-1.3485 -1.0000 -0.7823 -0.7082 -0.7823 -1.0000 -1.3485 -1.8102
-2.3666 -3.0000 -3.6954 -4.4403 -5.0454 -4.3441 -3.6954 -3.1104
-2.6023 -2.1854 -1.8740 -1.6811 -1.6158 -1.6811 -1.8740 -2.1854
-2.6023 -3.1104 -3.6954 -4.3441 -5.0454 -5.7047 -5.0454 -4.4403
-3.8995 -3.4340 -3.0554 -2.7750 -2.6023 -2.5440 -2.6023 -2.7750
-3.0554 -3.4340 -3.8995 -4.4403 -5.0454 -5.7047 -5.4891 -4.8167
-4.1980 -3.6437 -3.1652 -2.7750 -2.4853 -2.3066 -2.2462 -2.3066
-2.4853 -2.7750 -3.1652 -3.6437 -4.1980 -4.8167 -5.4891 -4.8167
-4.0995 -3.4340 -2.8318 -2.3066 -1.8740 -1.5498 -1.3485 -1.2801
-1.3485 -1.5498 -1.8740 -2.3066 -2.8318 -3.4340 -4.0995 -4.8167
-4.1980 -3.4340 -2.7178 -2.0623 -1.4833 -1.0000 -0.6332 -0.4031
-0.3246 -0.4031 -0.6332 -1.0000 -1.4833 -2.0623 -2.7178 -3.4340
-4.1980 -3.6437 -2.8318 -2.0623 -1.3485 -0.7082 -0.1644 0.2554
0.5228 0.6148 0.5228 0.2554 -0.1644 -0.7082 -1.3485 -2.0623
-2.8318 -3.6437 -3.1652 -2.3066 -1.4833 -0.7082 0.0000 0.6148
1.1010 1.4174 1.5279 1.4174 1.1010 0.6148 0.0000 -0.7082
-1.4833 -2.3066 -3.1652 -2.7750 -1.8740 -1.0000 -0.1644 0.6148
1.3096 1.8769 2.2583 2.3944 2.2583 1.8769 1.3096 0.6148
-0.1644 -1.0000 -1.8740 -2.7750 -2.4853 -1.5498 -0.6332 0.2554
1.1010 1.8769 2.5359 3.0000 3.1716 3.0000 2.5359 1.8769
1.1010 0.2554 -0.6332 -1.5498 -2.4853 -2.3066 -1.3485 -0.4031
0.5228 1.4174 2.2583 3.0000 3.5505 3.7639 3.5505 3.0000
2.2583 1.4174 0.5228 -0.4031 -1.3485 -2.3066 -2.2462 -1.2801
-0.3246 0.6148 1.5279 2.3944 3.1716 3.7639 4.0000 3.7639
3.1716 2.3944 1.5279 0.6148 -0.3246 -1.2801 -2.2462 -2.3066
-1.3485 -0.4031 0.5228 1.4174 2.2583 3.0000 3.5505 3.7639
3.5505 3.0000 2.2583 1.4174 0.5228 -0.4031 -1.3485 -2.3066
-2.4853 -1.5498 -0.6332 0.2554 1.1010 1.8769 2.5359 3.0000
3.1716 3.0000 2.5359 1.8769 1.1010 0.2554 -0.6332 -1.5498
-2.4853 -2.7750 -1.8740 -1.0000 -0.1644 0.6148 1.3096 1.8769
2.2583 2.3944 2.2583 1.8769 1.3096 0.6148 -0.1644 -1.0000
-1.8740 -2.7750 -3.1652 -2.3066 -1.4833 -0.7082 0.0000 0.6148
1.1010 1.4174 1.5279 1.4174 1.1010 0.6148 0.0000 -0.7082
-1.4833 -2.3066 -3.1652 -3.6437 -2.8318 -2.0623 -1.3485 -0.7082
-0.1644 0.2554 0.5228 0.6148 0.5228 0.2554 -0.1644 -0.7082
-1.3485 -2.0623 -2.8318 -3.6437 -4.1980 -3.4340 -2.7178 -2.0623
-1.4833 -1.0000 -0.6332 -0.4031 -0.3246 -0.4031 -0.6332 -1.0000
-1.4833 -2.0623 -2.7178 -3.4340 -4.1980 -4.8167 -4.0995 -3.4340
-2.8318 -2.3066 -1.8740 -1.5498 -1.3485 -1.2801 -1.3485 -1.5498
-1.8740 -2.3066 -2.8318 -3.4340 -4.0995 -4.8167 -5.4891 -4.8167
-4.1980 -3.6437 -3.1652 -2.7750 -2.4853 -2.3066 -2.2462 -2.3066
-2.4853 -2.7750 -3.1652 -3.6437 -4.1980 -4.8167 -5.4891 -5.3578
-4.6771 -4.0499 -3.4868 -3.0000 -2.6023 -2.3066 -2.1240 -2.0623
-2.1240 -2.3066 -2.6023 -3.0000 -3.4868 -4.0499 -4.6771 -5.3578
-4.6771 -3.9499 -3.2736 -2.6603 -2.1240 -1.6811 -1.3485 -1.1414
-1.0711 -1.1414 -1.3485 -1.6811 -2.1240 -2.6603 -3.2736 -3.9499
-4.6771 -4.0499 -3.2736 -2.5440 -1.8740 -1.2801 -0.7823 -0.4031
-0.1644 -0.0828 -0.1644 -0.4031 -0.7823 -1.2801 -1.8740 -2.5440
-3.2736 -4.0499 -3.4868 -2.6603 -1.8740 -1.1414 -0.4807 0.0839
0.5228 0.8038 0.9010 0.8038 0.5228 0.0839 -0.4807 -1.1414
-1.8740 -2.6603 -3.4868 -3.0000 -2.1240 -1.2801 -0.4807 0.2554
0.9010 1.4174 1.7574 1.8769 1.7574 1.4174 0.9010 0.2554
-0.4807 -1.2801 -2.1240 -3.0000 -2.6023 -1.6811 -0.7823 0.0839
0.9010 1.6411 2.2583 2.6834 2.8377 2.6834 2.2583 1.6411
0.9010 0.0839 -0.7823 -1.6811 -2.6023 -2.3066 -1.3485 -0.4031
0.5228 1.4174 2.2583 3.0000 3.5505 3.7639 3.5505 3.0000
2.2583 1.4174 0.5228 -0.4031 -1.3485 -2.3066 -2.1240 -1.1414
-0.1644 0.8038 1.7574 2.6834 3.5505 4.2679 4.5858 4.2679
3.5505 2.6834 1.7574 0.8038 -0.1644 -1.1414 -2.1240 -2.0623
-1.0711 -0.0828 0.9010 1.8769 2.8377 3.7639 4.5858 5.0000
4.5858 3.7639 2.8377 1.8769 0.9010 -0.0828 -1.0711 -2.0623
-2.1240 -1.1414 -0.1644 0.8038 1.7574 2.6834 3.5505 4.2679
4.5858 4.2679 3.5505 2.6834 1.7574 0.8038 -0.1644 -1.1414
-2.1240 -2.3066 -1.3485 -0.4031 0.5228 1.4174 2.2583 3.0000
3.5505 3.7639 3.5505 3.0000 2.2583 1.4174 0.5228 -0.4031
-1.3485 -2.3066 -2.6023 -1.6811 -0.7823 0.0839 0.9010 1.6411
2.2583 2.6834 2.8377 2.6834 2.2583 1.6411 0.9010 0.0839
-0.7823 -1.6811 -2.6023 -3.0000 -2.1240 -1.2801 -0.4807 0.2554
0.9010 1.4174 1.7574 1.8769 1.7574 1.4174 0.9010 0.2554
-0.4807 -1.2801 -2.1240 -3.0000 -3.4868 -2.6603 -1.8740 -1.1414
-0.4807 0.0839 0.5228 0.8038 0.9010 0.8038 0.5228 0.0839
-0.4807 -1.1414 -1.8740 -2.6603 -3.4868 -4.0499 -3.2736 -2.5440
-1.8740 -1.2801 -0.7823 -0.4031 -0.1644 -0.0828 -0.1644 -0.4031
-0.7823 -1.2801 -1.8740 -2.5440 -3.2736 -4.0499 -4.6771 -3.9499
-3.2736 -2.6603 -2.1240 -1.6811 -1.3485 -1.1414 -1.0711 -1.1414
-1.3485 -1.6811 -2.1240 -2.6603 -3.2736 -3.9499 -4.6771 -5.3578
-4.6771 -4.0499 -3.4868 -3.0000 -2.6023 -2.3066 -2.1240 -2.0623
-2.1240 -2.3066 -2.6023 -3.0000 -3.4868 -4.0499 -4.6771 -5.3578
-5.3137 -4.6301 -4.0000 -3.4340 -2.9443 -2.5440 -2.2462 -2.0623
-2.0000 -2.0623 -2.2462 -2.5440 -2.9443 -3.4340 -4.0000 -4.6301
-5.3137 -4.6301 -3.8995 -3.2195 -2.6023 -2.0623 -1.6158 -1.2801
-1.0711 -1.0000 -1.0711 -1.2801 -1.6158 -2.0623 -2.6023 -3.2195
-3.8995 -4.6301 -4.0000 -3.2195 -2.4853 -1.8102 -1.2111 -0.7082
-0.3246 -0.0828 0.0000 -0.0828 -0.3246 -0.7082 -1.2111 -1.8102
-2.4853 -3.2195 -4.0000 -3.4340 -2.6023 -1.8102 -1.0711 -0.4031
0.1690 0.6148 0.9010 1.0000 0.9010 0.6148 0.1690 -0.4031
-1.0711 -1.8102 -2.6023 -3.4340 -2.9443 -2.0623 -1.2111 -0.4031
0.3431 1.0000 1.5279 1.8769 2.0000 1.8769 1.5279 1.0000
0.3431 -0.4031 -1.2111 -2.0623 -2.9443 -2.5440 -1.6158 -0.7082
0.1690 1.0000 1.7574 2.3944 2.8377 3.0000 2.8377 2.3944
1.7574 1.0000 0.1690 -0.7082 -1.6158 -2.5440 -2.2462 -1.2801
-0.3246 0.6148 1.5279 2.3944 3.1716 3.7639 4.0000 3.7639
3.1716 2.3944 1.5279 0.6148 -0.3246 -1.2801 -2.2462 -2.0623
-1.0711 -0.0828 0.9010 1.8769 2.8377 3.7639 4.5858 5.0000
4.5858 3.7639 2.8377 1.8769 0.9010 -0.0828 -1.0711 -2.0623
-2.0000 -1.0000 0.0000 1.0000 2.0000 3.0000 4.0000 5.0000
6.0000 5.0000 4.0000 3.0000 2.0000 1.0000 0.0000 -1.0000
-2.0000 -2.0623 -1.0711 -0.0828 0.9010 1.8769 2.8377 3.7639
4.5858 5.0000 4.5858 3.7639 2.8377 1.8769 0.9010 -0.0828
-1.0711 -2.0623 -2.2462 -1.2801 -0.3246 0.6148 1.5279 2.3944
3.1716 3.7639 4.0000 3.7639 3.1716 2.3944 1.5279 0.6148
-0.3246 -1.2801 -2.2462 -2.5440 -1.6158 -0.7082 0.1690 1.0000
1.7574 2.3944 2.8377 3.0000 2.8377 2.3944 1.7574 1.0000
0.1690 -0.7082 -1.6158 -2.5440 -2.9443 -2.0623 -1.2111 -0.4031
0.3431 1.0000 1.5279 1.8769 2.0000 1.8769 1.5279 1.0000
0.3431 -0.4031 -1.2111 -2.0623 -2.9443 -3.4340 -2.6023 -1.8102
-1.0711 -0.4031 0.1690 0.6148 0.9010 1.0000 0.9010 0.6148
0.1690 -0.4031 -1.0711 -1.8102 -2.6023 -3.4340 -4.0000 -3.2195
-2.4853 -1.8102 -1.2111 -0.7082 -0.3246 -0.0828 0.0000 -0.0828
-0.3246 -0.7082 -1.2111 -1.8102 -2.4853 -3.2195 -4.0000 -4.6301
-3.8995 -3.2195 -2.6023 -2.0623 -1.6158 -1.2801 -1.0711 -1.0000
-1.0711 -1.2801 -1.6158 -2.0623 -2.6023 -3.2195 -3.8995 -4.6301
-5.3137 -4.6301 -4.0000 -3.4340 -2.9443 -2.5440 -2.2462 -2.0623
-2.0000 -2.0623 -2.2462 -2.5440 -2.9443 -3.4340 -4.0000 -4.6301
-5.3137 -5.3578 -4.6771 -4.0499 -3.4868 -3.0000 -2.6023 -2.3066
-2.1240 -2.0623 -2.1240 -2.3066 -2.6023 -3.0000 -3.4868 -4.0499
-4.6771 -5.3578 -4.6771 -3.9499 -3.2736 -2.6603 -2.1240 -1.6811
-1.3485 -1.1414 -1.0711 -1.1414 -1.3485 -1.6811 -2.1240 -2.6603
-3.2736 -3.9499 -4.6771 -4.0499 -3.2736 -2.5440 -1.8740 -1.2801
-0.7823 -0.4031 -0.1644 -0.0828 -0.1644 -0.4031 -0.7823 -1.2801
-1.8740 -2.5440 -3.2736 -4.0499 -3.4868 -2.6603 -1.8740 -1.1414
-0.4807 0.0839 0.5228 0.8038 0.9010 0.8038 0.5228 0.0839
-0.4807 -1.1414 -1.8740 -2.6603 -3.4868 -3.0000 -2.1240 -1.2801
-0.4807 0.2554 0.9010 1.4174 1.7574 1.8769 1.7574 1.4174
0.9010 0.2554 -0.4807 -1.2801 -2.1240 -3.0000 -2.6023 -1.6811
-0.7823 0.0839 0.9010 1.6411 2.2583 2.6834 2.8377 2.6834
2.2583 1.6411 0.9010 0.0839 -0.7823 -1.6811 -2.6023 -2.3066
-1.3485 -0.4031 0.5228 1.4174 2.2583 3.0000 3.5505 3.7639
3.5505 3.0000 2.2583 1.4174 0.5228 -0.4031 -1.3485 -2.3066
-2.1240 -1.1414 -0.1644 0.8038 1.7574 2.6834 3.5505 4.2679
4.5858 4.2679 3.5505 2.6834 1.7574 0.8038 -0.1644 -1.1414
-2.1240 -2.0623 -1.0711 -0.0828 0.9010 1.8769 2.8377 3.7639
4.5858 5.0000 4.5858 3.7639 2.8377 1.8769 0.9010 -0.0828
-1.0711 -2.0623 -2.1240 -1.1414 -0.1644 0.8038 1.7574 2.6834
3.5505 4.2679 4.5858 4.2679 3.5505 2.6834 1.7574 0.8038
-0.1644 -1.1414 -2.1240 -2.3066 -1.3485 -0.4031 0.5228 1.4174
2.2583 3.0000 3.5505 3.7639 3.5505 3.0000 2.2583 1.4174
0.5228 -0.4031 -1.3485 -2.3066 -2.6023 -1.6811 -0.7823 0.0839
0.9010 1.6411 2.2583 2.6834 2.8377 2.6834 2.2583 1.6411
0.9010 0.0839 -0.7823 -1.6811 -2.6023 -3.0000 -2.1240 -1.2801
-0.4807 0.2554 0.9010 1.4174 1.7574 1.8769 1.7574 1.4174
0.9010 0.2554 -0.4807 -1.2801 -2.1240 -3.0000 -3.4868 -2.6603
-1.8740 -1.1414 -0.4807 0.0839 0.5228 0.8038 0.9010 0.8038
0.5228 0.0839 -0.4807 -1.1414 -1.8740 -2.6603 -3.4868 -4.0499
-3.2736 -2.5440 -1.8740 -1.2801 -0.7823 -0.4031 -0.1644 -0.0828
-0.1644 -0.4031 -0.7823 -1.2801 -1.8740 -2.5440 -3.2736 -4.0499
-4.6771 -3.9499 -3.2736 -2.6603 -2.1240 -1.6811 -1.3485 -1.1414
-1.0711 -1.1414 -1.3485 -1.6811 -2.1240 -2.6603 -3.2736 -3.9499
-4.6771 -5.3578 -4.6771 -4.0499 -3.4868 -3.0000 -2.6023 -2.3066
-2.1240 -2.0623 -2.1240 -2.3066 -2.6023 -3.0000 -3.4868 -4.0499
-4.6771 -5.3578 -5.4891 -4.8167 -4.1980 -3.6437 -3.1652 -2.7750
-2.4853 -2.3066 -2.2462 -2.3066 -2.4853 -2.7750 -3.1652 -3.6437
-4.1980 -4.8167 -5.4891 -4.8167 -4.0995 -3.4340 -2.8318 -2.3066
-1.8740 -1.5498 -1.3485 -1.2801 -1.3485 -1.5498 -1.8740 -2.3066
-2.8318 -3.4340 -4.0995 -4.8167 -4.1980 -3.4340 -2.7178 -2.0623
-1.4833 -1.0000 -0.6332 -0.4031 -0.3246 -0.4031 -0.6332 -1.0000
-1.4833 -2.0623 -2.7178 -3.4340 -4.1980 -3.6437 -2.8318 -2.0623
-1.3485 -0.7082 -0.1644 0.2554 0.5228 0.6148 0.5228 0.2554
-0.1644 -0.7082 -1.3485 -2.0623 -2.8318 -3.6437 -3.1652 -2.3066
-1.4833 -0.7082 0.0000 0.6148 1.1010 1.4174 1.5279 1.4174
1.1010 0.6148 0.0000 -0.7082 -1.4833 -2.3066 -3.1652 -2.7750
-1.8740 -1.0000 -0.1644 0.6148 1.3096 1.8769 2.2583 2.3944
2.2583 1.8769 1.3096 0.6148 -0.1644 -1.0000 -1.8740 -2.7750
-2.4853 -1.5498 -0.6332 0.2554 1.1010 1.8769 2.5359 3.0000
3.1716 3.0000 2.5359 1.8769 1.1010 0.2554 -0.6332 -1.5498
-2.4853 -2.3066 -1.3485 -0.4031 0.5228 1.4174 2.2583 3.0000
3.5505 3.7639 3.5505 3.0000 2.2583 1.4174 0.5228 -0.4031
-1.3485 -2.3066 -2.2462 -1.2801 -0.3246 0.6148 1.5279 2.3944
3.1716 3.7639 4.0000 3.7639 3.1716 2.3944 1.5279 0.6148
-0.3246 -1.2801 -2.2462 -2.3066 -1.3485 -0.4031 0.5228 1.4174
2.2583 3.0000 3.5505 3.7639 3.5505 3.0000 2.2583 1.4174
0.5228 -0.4031 -1.3485 -2.3066 -2.4853 -1.5498 -0.6332 0.2554
1.1010 1.8769 2.5359 3.0000 3.1716 3.0000 2.5359 1.8769
1.1010 0.2554 -0.6332 -1.5498 -2.4853 -2.7750 -1.8740 -1.0000
-0.1644 0.6148 1.3096 1.8769 2.2583 2.3944 2.2583 1.8769
1.3096 0.6148 -0.1644 -1.0000 -1.8740 -2.7750 -3.1652 -2.3066
-1.4833 -0.7082 0.0000 0.6148 1.1010 1.4174 1.5279 1.4174
1.1010 0.6148 0.0000 -0.7082 -1.4833 -2.3066 -3.1652 -3.6437
-2.8318 -2.0623 -1.3485 -0.7082 -0.1644 0.2554 0.5228 0.6148
0.5228 0.2554 -0.1644 -0.7082 -1.3485 -2.0623 -2.8318 -3.6437
-4.1980 -3.4340 -2.7178 -2.0623 -1.4833 -1.0000 -0.6332 -0.4031
-0.3246 -0.4031 -0.6332 -1.0000 -1.4833 -2.0623 -2.7178 -3.4340
-4.1980 -4.8167 -4.0995 -3.4340 -2.8318 -2.3066 -1.8740 -1.5498
-1.3485 -1.2801 -1.3485 -1.5498 -1.8740 -2.3066 -2.8318 -3.4340
-4.0995 -4.8167 -5.4891 -4.8167 -4.1980 -3.6437 -3.1652 -2.7750
-2.4853 -2.3066 -2.2462 -2.3066 -2.4853 -2.7750 -3.1652 -3.6437
-4.1980 -4.8167 -5.4891 -5.7047 -5.0454 -4.4403 -3.8995 -3.4340
-3.0554 -2.7750 -2.6023 -2.5440 -2.6023 -2.7750 -3.0554 -3.4340
-3.8995 -4.4403 -5.0454 -5.7047 -5.0454 -4.3441 -3.6954 -3.1104
-2.6023 -2.1854 -1.8740 -1.6811 -1.6158 -1.6811 -1.8740 -2.1854
-2.6023 -3.1104 -3.6954 -4.3441 -5.0454 -4.4403 -3.6954 -3.0000
-2.3666 -1.8102 -1.3485 -1.0000 -0.7823 -0.7082 -0.7823 -1.0000
-1.3485 -1.8102 -2.3666 -3.0000 -3.6954 -4.4403 -3.8995 -3.1104
-2.3666 -1.6811 -1.0711 -0.5574 -0.1644 0.0839 0.1690 0.0839
-0.1644 -0.5574 -1.0711 -1.6811 -2.3666 -3.1104 -3.8995 -3.4340
-2.6023 -1.8102 -1.0711 -0.4031 0.1690 0.6148 0.9010 1.0000
0.9010 0.6148 0.1690 -0.4031 -1.0711 -1.8102 -2.6023 -3.4340
-3.0554 -2.1854 -1.3485 -0.5574 0.1690 0.8038 1.3096 1.6411
1.7574 1.6411 1.3096 0.8038 0.1690 -0.5574 -1.3485 -2.1854
-3.0554 -2.7750 -1.8740 -1.0000 -0.1644 0.6148 1.3096 1.8769
2.2583 2.3944 2.2583 1.8769 1.3096 0.6148 -0.1644 -1.0000
-1.8740 -2.7750 -2.6023 -1.6811 -0.7823 0.0839 0.9010 1.6411
2.2583 2.6834 2.8377 2.6834 2.2583 1.6411 0.9010 0.0839
-0.7823 -1.6811 -2.6023 -2.5440 -1.6158 -0.7082 0.1690 1.0000
1.7574 2.3944 2.8377 3.0000 2.8377 2.3944 1.7574 1.0000
0.1690 -0.7082 -1.6158 -2.5440 -2.6023 -1.6811 -0.7823 0.0839
0.9010 1.6411 2.2583 2.6834 2.8377 2.6834 2.2583 1.6411
0.9010 0.0839 -0.7823 -1.6811 -2.6023 -2.7750 -1.8740 -1.0000
-0.1644 0.6148 1.3096 1.8769 2.2583 2.3944 2.2583 1.8769
1.3096 0.6148 -0.1644 -1.0000 -1.8740 -2.7750 -3.0554 -2.1854
-1.3485 -0.5574 0.1690 0.8038 1.3096 1.6411 1.7574 1.6411
1.3096 0.8038 0.1690 -0.5574 -1.3485 -2.1854 -3.0554 -3.4340
-2.6023 -1.8102 -1.0711 -0.4031 0.1690 0.6148 0.9010 1.0000
0.9010 0.6148 0.1690 -0.4031 -1.0711 -1.8102 -2.6023 -3.4340
-3.8995 -3.1104 -2.3666 -1.6811 -1.0711 -0.5574 -0.1644 0.0839
0.1690 0.0839 -0.1644 -0.5574 -1.0711 -1.6811 -2.3666 -3.1104
-3.8995 -4.4403 -3.6954 -3.0000 -2.3666 -1.8102 -1.3485 -1.0000
-0.7823 -0.7082 -0.7823 -1.0000 -1.3485 -1.8102 -2.3666 -3.0000
-3.6954 -4.4403 -5.0454 -4.3441 -3.6954 -3.1104 -2.6023 -2.1854
-1.8740 -1.6811 -1.6158 -1.6811 -1.8740 -2.1854 -2.6023 -3.1104
-3.6954 -4.3441 -5.0454 -5.7047 -5.0454 -4.4403 -3.8995 -3.4340
-3.0554 -2.7750 -2.6023 -2.5440 -2.6023 -2.7750 -3.0554 -3.4340
-3.8995 -4.4403 -5.0454 -5.7047 -6.0000 -5.3578 -4.7703 -4.2470
-3.7980 -3.4340 -3.1652 -3.0000 -2.9443 -3.0000 -3.1652 -3.4340
-3.7980 -4.2470 -4.7703 -5.3578 -6.0000 -5.3578 -4.6771 -4.0499
-3.4868 -3.0000 -2.6023 -2.3066 -2.1240 -2.0623 -2.1240 -2.3066
-2.6023 -3.0000 -3.4868 -4.0499 -4.6771 -5.3578 -4.7703 -4.0499
-3.3808 -2.7750 -2.2462 -1.8102 -1.4833 -1.2801 -1.2111 -1.2801
-1.4833 -1.8102 -2.2462 -2.7750 -3.3808 -4.0499 -4.7703 -4.2470
-3.4868 -2.7750 -2.1240 -1.5498 -1.0711 -0.7082 -0.4807 -0.4031
-0.4807 -0.7082 -1.0711 -1.5498 -2.1240 -2.7750 -3.4868 -4.2470
-3.7980 -3.0000 -2.2462 -1.5498 -0.9282 -0.4031 0.0000 0.2554
0.3431 0.2554 0.0000 -0.4031 -0.9282 -1.5498 -2.2462 -3.0000
-3.7980 -3.4340 -2.6023 -1.8102 -1.0711 -0.4031 0.1690 0.6148
0.9010 1.0000 0.9010 0.6148 0.1690 -0.4031 -1.0711 -1.8102
-2.6023 -3.4340 -3.1652 -2.3066 -1.4833 -0.7082 0.0000 0.6148
1.1010 1.4174 1.5279 1.4174 1.1010 0.6148 0.0000 -0.7082
-1.4833 -2.3066 -3.1652 -3.0000 -2.1240 -1.2801 -0.4807 0.2554
0.9010 1.4174 1.7574 1.8769 1.7574 1.4174 0.9010 0.2554
-0.4807 -1.2801 -2.1240 -3.0000 -2.9443 -2.0623 -1.2111 -0.4031
0.3431 1.0000 1.5279 1.8769 2.0000 1.8769 1.5279 1.0000
0.3431 -0.4031 -1.2111 -2.0623 -2.9443 -3.0000 -2.1240 -1.2801
-0.4807 0.2554 0.9010 1.4174 1.7574 1.8769 1.7574 1.4174
0.9010 0.2554 -0.4807 -1.2801 -2.1240 -3.0000 -3.1652 -2.3066
-1.4833 -0.7082 0.0000 0.6148 1.1010 1.4174 1.5279 1.4174
1.1010 0.6148 0.0000 -0.7082 -1.4833 -2.3066 -3.1652 -3.4340
-2.6023 -1.8102 -1.0711 -0.4031 0.1690 0.6148 0.9010 1.0000
0.9010 0.6148 0.1690 -0.4031 -1.0711 -1.8102 -2.6023 -3.4340
-3.7980 -3.0000 -2.2462 -1.5498 -0.9282 -0.4031 0.0000 0.2554
0.3431 0.2554 0.0000 -0.4031 -0.9282 -1.5498 -2.2462 -3.0000
-3.7980 -4.2470 -3.4868 -2.7750 -2.1240 -1.5498 -1.0711 -0.7082
-0.4807 -0.4031 -0.4807 -0.7082 -1.0711 -1.5498 -2.1240 -2.7750
-3.4868 -4.2470 -4.7703 -4.0499 -3.3808 -2.7750 -2.2462 -1.8102
-1.4833 -1.2801 -1.2111 -1.2801 -1.4833 -1.8102 -2.2462 -2.7750
-3.3808 -4.0499 -4.7703 -5.3578 -4.6771 -4.0499 -3.4868 -3.0000
-2.6023 -2.3066 -2.1240 -2.0623 -2.1240 -2.3066 -2.6023 -3.0000
-3.4868 -4.0499 -4.6771 -5.3578 -6.0000 -5.3578 -4.7703 -4.2470
-3.7980 -3.4340 -3.1652 -3.0000 -2.9443 -3.0000 -3.1652 -3.4340
-3.7980 -4.2470 -4.7703 -5.3578 -6.0000 -6.3693 -5.7473 -5.1803
-4.6771 -4.2470 -3.8995 -3.6437 -3.4868 -3.4340 -3.4868 -3.6437
-3.8995 -4.2470 -4.6771 -5.1803 -5.7473 -6.3693 -5.7473 -5.0905
-4.4881 -3.9499 -3.4868 -3.1104 -2.8318 -2.6603 -2.6023 -2.6603
-2.8318 -3.1104 -3.4868 -3.9499 -4.4881 -5.0905 -5.7473 -5.1803
-4.4881 -3.8489 -3.2736 -2.7750 -2.3666 -2.0623 -1.8740 -1.8102
-1.8740 -2.0623 -2.3666 -2.7750 -3.2736 -3.8489 -4.4881 -5.1803
-4.6771 -3.9499 -3.2736 -2.6603 -2.1240 -1.6811 -1.3485 -1.1414
-1.0711 -1.1414 -1.3485 -1.6811 -2.1240 -2.6603 -3.2736 -3.9499
-4.6771 -4.2470 -3.4868 -2.7750 -2.1240 -1.5498 -1.0711 -0.7082
-0.4807 -0.4031 -0.4807 -0.7082 -1.0711 -1.5498 -2.1240 -2.7750
-3.4868 -4.2470 -3.8995 -3.1104 -2.3666 -1.6811 -1.0711 -0.5574
-0.1644 0.0839 0.1690 0.0839 -0.1644 -0.5574 -1.0711 -1.6811
-2.3666 -3.1104 -3.8995 -3.6437 -2.8318 -2.0623 -1.3485 -0.7082
-0.1644 0.2554 0.5228 0.6148 0.5228 0.2554 -0.1644 -0.7082
-1.3485 -2.0623 -2.8318 -3.6437 -3.4868 -2.6603 -1.8740 -1.1414
-0.4807 0.0839 0.5228 0.8038 0.9010 0.8038 0.5228 0.0839
-0.4807 -1.1414 -1.8740 -2.6603 -3.4868 -3.4340 -2.6023 -1.8102
-1.0711 -0.4031 0.1690 0.6148 0.9010 1.0000 0.9010 0.6148
0.1690 -0.4031 -1.0711 -1.8102 -2.6023 -3.4340 -3.4868 -2.6603
-1.8740 -1.1414 -0.4807 0.0839 0.5228 0.8038 0.9010 0.8038
0.5228 0.0839 -0.4807 -1.1414 -1.8740 -2.6603 -3.4868 -3.6437
-2.8318 -2.0623 -1.3485 -0.7082 -0.1644 0.2554 0.5228 0.6148
0.5228 0.2554 -0.1644 -0.7082 -1.3485 -2.0623 -2.8318 -3.6437
-3.8995 -3.1104 -2.3666 -1.6811 -1.0711 -0.5574 -0.1644 0.0839
0.1690 0.0839 -0.1644 -0.5574 -1.0711 -1.6811 -2.3666 -3.1104
-3.8995 -4.2470 -3.4868 -2.7750 -2.1240 -1.5498 -1.0711 -0.7082
-0.4807 -0.4031 -0.4807 -0.7082 -1.0711 -1.5498 -2.1240 -2.7750
-3.4868 -4.2470 -4.6771 -3.9499 -3.2736 -2.6603 -2.1240 -1.6811
-1.3485 -1.1414 -1.0711 -1.1414 -1.3485 -1.6811 -2.1240 -2.6603
-3.2736 -3.9499 -4.6771 -5.1803 -4.4881 -3.8489 -3.2736 -2.7750
-2.3666 -2.0623 -1.8740 -1.8102 -1.8740 -2.0623 -2.3666 -2.7750
-3.2736 -3.8489 -4.4881 -5.1803 -5.7473 -5.0905 -4.4881 -3.9499
-3.4868 -3.1104 -2.8318 -2.6603 -2.6023 -2.6603 -2.8318 -3.1104
-3.4868 -3.9499 -4.4881 -5.0905 -5.7473 -6.3693 -5.7473 -5.1803
-4.6771 -4.2470 -3.8995 -3.6437 -3.4868 -3.4340 -3.4868 -3.6437
-3.8995 -4.2470 -4.6771 -5.1803 -5.7473 -6.3693 -6.8062 -6.2066
-5.6619 -5.1803 -4.7703 -4.4403 -4.1980 -4.0499 -4.0000 -4.0499
-4.1980 -4.4403 -4.7703 -5.1803 -5.6619 -6.2066 -6.8062 -6.2066
-5.5758 -5.0000 -4.4881 -4.0499 -3.6954 -3.4340 -3.2736 -3.2195
-3.2736 -3.4340 -3.6954 -4.0499 -4.4881 -5.0000 -5.5758 -6.2066
-5.6619 -5.0000 -4.3923 -3.8489 -3.3808 -3.0000 -2.7178 -2.5440
-2.4853 -2.5440 -2.7178 -3.0000 -3.3808 -3.8489 -4.3923 -5.0000
-5.6619 -5.1803 -4.4881 -3.8489 -3.2736 -2.7750 -2.3666 -2.0623
-1.8740 -1.8102 -1.8740 -2.0623 -2.3666 -2.7750 -3.2736 -3.8489
-4.4881 -5.1803 -4.7703 -4.0499 -3.3808 -2.7750 -2.2462 -1.8102
-1.4833 -1.2801 -1.2111 -1.2801 -1.4833 -1.8102 -2.2462 -2.7750
-3.3808 -4.0499 -4.7703 -4.4403 -3.6954 -3.0000 -2.3666 -1.8102
-1.3485 -1.0000 -0.7823 -0.7082 -0.7823 -1.0000 -1.3485 -1.8102
-2.3666 -3.0000 -3.6954 -4.4403 -4.1980 -3.4340 -2.7178 -2.0623
-1.4833 -1.0000 -0.6332 -0.4031 -0.3246 -0.4031 -0.6332 -1.0000
-1.4833 -2.0623 -2.7178 -3.4340 -4.1980 -4.0499 -3.2736 -2.5440
-1.8740 -1.2801 -0.7823 -0.4031 -0.1644 -0.0828 -0.1644 -0.4031
-0.7823 -1.2801 -1.8740 -2.5440 -3.2736 -4.0499 -4.0000 -3.2195
-2.4853 -1.8102 -1.2111 -0.7082 -0.3246 -0.0828 0.0000 -0.0828
-0.3246 -0.7082 -1.2111 -1.8102 -2.4853 -3.2195 -4.0000 -4.0499
-3.2736 -2.5440 -1.8740 -1.2801 -0.7823 -0.4031 -0.1644 -0.0828
-0.1644 -0.4031 -0.7823 -1.2801 -1.8740 -2.5440 -3.2736 -4.0499
-4.1980 -3.4340 -2.7178 -2.0623 -1.4833 -1.0000 -0.6332 -0.4031
-0.3246 -0.4031 -0.6332 -1.0000 -1.4833 -2.0623 -2.7178 -3.4340
-4.1980 -4.4403 -3.6954 -3.0000 -2.3666 -1.8102 -1.3485 -1.0000
-0.7823 -0.7082 -0.7823 -1.0000 -1.3485 -1.8102 -2.3666 -3.0000
-3.6954 -4.4403 -4.7703 -4.0499 -3.3808 -2.7750 -2.2462 -1.8102
-1.4833 -1.2801 -1.2111 -1.2801 -1.4833 -1.8102 -2.2462 -2.7750
-3.3808 -4.0499 -4.7703 -5.1803 -4.4881 -3.8489 -3.2736 -2.7750
-2.3666 -2.0623 -1.8740 -1.8102 -1.8740 -2.0623 -2.3666 -2.7750
-3.2736 -3.8489 -4.4881 -5.1803 -5.6619 -5.0000 -4.3923 -3.8489
-3.3808 -3.0000 -2.7178 -2.5440 -2.4853 -2.5440 -2.7178 -3.0000
-3.3808 -3.8489 -4.3923 -5.0000 -5.6619 -6.2066 -5.5758 -5.0000
-4.4881 -4.0499 -3.6954 -3.4340 -3.2736 -3.2195 -3.2736 -3.4340
-3.6954 -4.0499 -4.4881 -5.0000 -5.5758 -6.2066 -6.8062 -6.2066
-5.6619 -5.1803 -4.7703 -4.4403 -4.1980 -4.0499 -4.0000 -4.0499
-4.1980 -4.4403 -4.7703 -5.1803 -5.6619 -6.2066 -6.8062 -7.3041
-6.7279 -6.2066 -5.7473 -5.3578 -5.0454 -4.8167 -4.6771 -4.6301
-4.6771 -4.8167 -5.0454 -5.3578 -5.7473 -6.2066 -6.7279 -7.3041
-6.7279 -6.1244 -5.5758 -5.0905 -4.6771 -4.3441 -4.0995 -3.9499
-3.8995 -3.9499 -4.0995 -4.3441 -4.6771 -5.0905 -5.5758 -6.1244
-6.7279 -6.2066 -5.5758 -5.0000 -4.4881 -4.0499 -3.6954 -3.4340
-3.2736 -3.2195 -3.2736 -3.4340 -3.6954 -4.0499 -4.4881 -5.0000
-5.5758 -6.2066 -5.7473 -5.0905 -4.4881 -3.9499 -3.4868 -3.1104
-2.8318 -2.6603 -2.6023 -2.6603 -2.8318 -3.1104 -3.4868 -3.9499
-4.4881 -5.0905 -5.7473 -5.3578 -4.6771 -4.0499 -3.4868 -3.0000
-2.6023 -2.3066 -2.1240 -2.0623 -2.1240 -2.3066 -2.6023 -3.0000
-3.4868 -4.0499 -4.6771 -5.3578 -5.0454 -4.3441 -3.6954 -3.1104
-2.6023 -2.1854 -1.8740 -1.6811 -1.6158 -1.6811 -1.8740 -2.1854
-2.6023 -3.1104 -3.6954 -4.3441 -5.0454 -4.8167 -4.0995 -3.4340
-2.8318 -2.3066 -1.8740 -1.5498 -1.3485 -1.2801 -1.3485 -1.5498
-1.8740 -2.3066 -2.8318 -3.4340 -4.0995 -4.8167 -4.6771 -3.9499
-3.2736 -2.6603 -2.1240 -1.6811 -1.3485 -1.1414 -1.0711 -1.1414
-1.3485 -1.6811 -2.1240 -2.6603 -3.2736 -3.9499 -4.6771 -4.6301
-3.8995 -3.2195 -2.6023 -2.0623 -1.6158 -1.2801 -1.0711 -1.0000
-1.0711 -1.2801 -1.6158 -2.0623 -2.6023 -3.2195 -3.8995 -4.6301
-4.6771 -3.9499 -3.2736 -2.6603 -2.1240 -1.6811 -1.3485 -1.1414
-1.0711 -1.1414 -1.3485 -1.6811 -2.1240 -2.6603 -3.2736 -3.9499
-4.6771 -4.8167 -4.0995 -3.4340 -2.8318 -2.3066 -1.8740 -1.5498
-1.3485 -1.2801 -1.3485 -1.5498 -1.8740 -2.3066 -2.8318 -3.4340
-4.0995 -4.8167 -5.0454 -4.3441 -3.6954 -3.1104 -2.6023 -2.1854
-1.8740 -1.6811 -1.6158 -1.6811 -1.8740 -2.1854 -2.6023 -3.1104
-3.6954 -4.3441 -5.0454 -5.3578 -4.6771 -4.0499 -3.4868 -3.0000
-2.6023 -2.3066 -2.1240 -2.0623 -2.1240 -2.3066 -2.6023 -3.0000
-3.4868 -4.0499 -4.6771 -5.3578 -5.7473 -5.0905 -4.4881 -3.9499
-3.4868 -3.1104 -2.8318 -2.6603 -2.6023 -2.6603 -2.8318 -3.1104
-3.4868 -3.9499 -4.4881 -5.0905 -5.7473 -6.2066 -5.5758 -5.0000
-4.4881 -4.0499 -3.6954 -3.4340 -3.2736 -3.2195 -3.2736 -3.4340
-3.6954 -4.0499 -4.4881 -5.0000 -5.5758 -6.2066 -6.7279 -6.1244
-5.5758 -5.0905 -4.6771 -4.3441 -4.0995 -3.9499 -3.8995 -3.9499
-4.0995 -4.3441 -4.6771 -5.0905 -5.5758 -6.1244 -6.7279 -7.3041
-6.7279 -6.2066 -5.7473 -5.3578 -5.0454 -4.8167 -4.6771 -4.6301
-4.6771 -4.8167 -5.0454 -5.3578 -5.7473 -6.2066 -6.7279 -7.3041
-7.8564 -7.3041 -6.8062 -6.3693 -6.0000 -5.7047 -5.4891 -5.3578
-5.3137 -5.3578 -5.4891 -5.7047 -6.0000 -6.3693 -6.8062 -7.3041
-7.8564 -7.3041 -6.7279 -6.2066 -5.7473 -5.3578 -5.0454 -4.8167
-4.6771 -4.6301 -4.6771 -4.8167 -5.0454 -5.3578 -5.7473 -6.2066
-6.7279 -7.3041 -6.8062 -6.2066 -5.6619 -5.1803 -4.7703 -4.4403
-4.1980 -4.0499 -4.0000 -4.0499 -4.1980 -4.4403 -4.7703 -5.1803
-5.6619 -6.2066 -6.8062 -6.3693 -5.7473 -5.1803 -4.6771 -4.2470
-3.8995 -3.6437 -3.4868 -3.4340 -3.4868 -3.6437 -3.8995 -4.2470
-4.6771 -5.1803 -5.7473 -6.3693 -6.0000 -5.3578 -4.7703 -4.2470
-3.7980 -3.4340 -3.1652 -3.0000 -2.9443 -3.0000 -3.1652 -3.4340
-3.7980 -4.2470 -4.7703 -5.3578 -6.0000 -5.7047 -5.0454 -4.4403
-3.8995 -3.4340 -3.0554 -2.7750 -2.6023 -2.5440 -2.6023 -2.7750
-3.0554 -3.4340 -3.8995 -4.4403 -5.0454 -5.7047 -5.4891 -4.8167
-4.1980 -3.6437 -3.1652 -2.7750 -2.4853 -2.3066 -2.2462 -2.3066
-2.4853 -2.7750 -3.1652 -3.6437 -4.1980 -4.8167 -5.4891 -5.3578
-4.6771 -4.0499 -3.4868 -3.0000 -2.6023 -2.3066 -2.1240 -2.0623
-2.1240 -2.3066 -2.6023 -3.0000 -3.4868 -4.0499 -4.6771 -5.3578
-5.3137 -4.6301 -4.0000 -3.4340 -2.9443 -2.5440 -2.2462 -2.0623
-2.0000 -2.0623 -2.2462 -2.5440 -2.9443 -3.4340 -4.0000 -4.6301
-5.3137 -5.3578 -4.6771 -4.0499 -3.4868 -3.0000 -2.6023 -2.3066
-2.1240 -2.0623 -2.1240 -2.3066 -2.6023 -3.0000 -3.4868 -4.0499
-4.6771 -5.3578 -5.4891 -4.8167 -4.1980 -3.6437 -3.1652 -2.7750
-2.4853 -2.3066 -2.2462 -2.3066 -2.4853 -2.7750 -3.1652 -3.6437
-4.1980 -4.8167 -5.4891 -5.7047 -5.0454 -4.4403 -3.8995 -3.4340
-3.0554 -2.7750 -2.6023 -2.5440 -2.6023 -2.7750 -3.0554 -3.4340
-3.8995 -4.4403 -5.0454 -5.7047 -6.0000 -5.3578 -4.7703 -4.2470
-3.7980 -3.4340 -3.1652 -3.0000 -2.9443 -3.0000 -3.1652 -3.4340
-3.7980 -4.2470 -4.7703 -5.3578 -6.0000 -6.3693 -5.7473 -5.1803
-4.6771 -4.2470 -3.8995 -3.6437 -3.4868 -3.4340 -3.4868 -3.6437
-3.8995 -4.2470 -4.6771 -5.1803 -5.7473 -6.3693 -6.8062 -6.2066
-5.6619 -5.1803 -4.7703 -4.4403 -4.1980 -4.0499 -4.0000 -4.0499
-4.1980 -4.4403 -4.7703 -5.1803 -5.6619 -6.2066 -6.8062 -7.3041
-6.7279 -6.2066 -5.7473 -5.3578 -5.0454 -4.8167 -4.6771 -4.6301
-4.6771 -4.8167 -5.0454 -5.3578 -5.7473 -6.2066 -6.7279 -7.3041
-7.8564 -7.3041 -6.8062 -6.3693 -6.0000 -5.7047 -5.4891 -5.3578
-5.3137 -5.3578 -5.4891 -5.7047 -6.0000 -6.3693 -6.8062 -7.3041
-7.8564
