64 8 1
0.14032 0.07959 0.13259 0.13669 0.17398 0.13123 0.15112 0.15432
0.09905 0.06013 0.14695 0.12916 0.18139 0.12367 0.13586 0.10540
0.05433 0.09363 0.11826 0.12983 0.14596 0.14877 0.18670 0.17657
0.86533 0.95264 0.13862 0.17068 0.13330 0.13112 0.17166 0.12392
0.07381 0.12096 0.16490 0.16495 0.12764 0.14744 0.09292 0.13247
0.06791 0.07812 0.18099 0.15713 0.21288 0.17310 0.16767 0.16093
0.07357 0.08984 0.13387 0.14595 0.19102 0.08445 0.13149 0.13700
0.10337 0.06745 0.17419 0.17234 0.11324 0.18533 0.18391 0.19354
0.08179 0.15017 0.09342 0.14349 0.14052 0.12910 0.14641 0.14963
0.05026 0.12482 0.18804 0.12066 0.13653 0.13384 0.15278 0.11325
0.07177 0.15825 0.11573 0.13746 0.10137 0.14407 0.14118 0.13275
0.11595 0.11698 0.09697 0.17461 0.15999 0.16457 0.15047 0.18177
0.14939 0.11080 0.10587 0.16027 0.11645 0.14135 0.15227 0.11922
0.91809 0.95198 0.14431 0.09559 0.12470 0.14618 0.10589 0.14499
0.05484 0.06282 0.18849 0.16914 0.17058 0.14532 0.14588 0.15434
0.12303 0.06999 0.17404 0.15811 0.15135 0.12606 0.18198 0.13264
0.08665 0.05654 0.11670 0.13922 0.09616 0.16915 0.15808 0.14357
0.13792 0.07907 0.15354 0.11864 0.10527 0.15425 0.21062 0.15621
0.09613 0.07691 0.11532 0.16119 0.12992 0.16644 0.18168 0.13863
0.13516 0.12149 0.14837 0.18626 0.10917 0.17993 0.13227 0.19042
0.13048 0.07767 0.15626 0.14055 0.10313 0.18333 0.13012 0.16534
0.11071 0.11776 0.14192 0.16376 0.15624 0.15950 0.12106 0.14711
0.09165 0.14450 0.13717 0.11139 0.16890 0.14518 0.12468 0.15016
0.91245 0.86962 0.14574 0.12263 0.13782 0.22828 0.11003 0.11264
0.15698 0.05374 0.14050 0.15844 0.14152 0.14628 0.17265 0.16148
0.13486 0.08284 0.14410 0.18991 0.18220 0.14118 0.18527 0.19737
0.08294 0.07919 0.14560 0.15989 0.15002 0.15604 0.14659 0.16470
0.11716 0.10226 0.06455 0.13110 0.13254 0.14260 0.13151 0.14260
0.12050 0.05896 0.11607 0.13616 0.19117 0.18779 0.11499 0.16472
0.10812 0.05125 0.16116 0.17379 0.09452 0.14055 0.19298 0.11336
0.11864 0.17354 0.16483 0.17466 0.18118 0.16494 0.13614 0.13040
0.13545 0.13300 0.19136 0.09965 0.22281 0.19233 0.10319 0.15685
0.06709 0.11673 0.14445 0.18645 0.15598 0.16483 0.14306 0.21408
0.91210 0.90385 0.15270 0.14299 0.15932 0.16874 0.13895 0.16738
0.07130 0.09826 0.13383 0.17209 0.16512 0.13687 0.11178 0.12365
0.16839 0.14662 0.16636 0.13635 0.17288 0.16819 0.14867 0.15892
0.09935 0.13433 0.07714 0.16677 0.14837 0.13124 0.10709 0.10389
0.10811 0.01906 0.16946 0.15603 0.12513 0.19384 0.16740 0.18274
0.08605 0.10555 0.13626 0.15178 0.18232 0.16197 0.18569 0.11472
0.15698 0.12633 0.14613 0.16130 0.20569 0.12674 0.18191 0.16019
0.04620 0.14152 0.16250 0.15462 0.12410 0.14461 0.16048 0.15544
0.11639 0.06779 0.13862 0.24335 0.13432 0.15934 0.17082 0.07880
0.10055 0.05059 0.15126 0.10906 0.15982 0.16564 0.16289 0.13826
0.93807 0.87030 0.18853 0.15280 0.12913 0.16611 0.17664 0.11609
0.11002 0.15001 0.11441 0.16056 0.13006 0.15481 0.12758 0.18915
0.09519 0.12536 0.17155 0.16563 0.17209 0.18732 0.14927 0.17985
0.10952 0.07731 0.17428 0.14932 0.16219 0.17217 0.17398 0.17753
0.14231 0.07758 0.11446 0.17925 0.18935 0.14495 0.15903 0.20063
0.05913 0.08610 0.15389 0.21219 0.15444 0.19716 0.21157 0.06582
0.11245 0.10971 0.12930 0.15994 0.20240 0.22054 0.15005 0.10857
0.11437 0.17848 0.10976 0.10107 0.13975 0.17068 0.12392 0.13812
0.04446 0.05000 0.18300 0.17078 0.20779 0.16509 0.18847 0.15613
0.08645 0.12835 0.18256 0.16299 0.15683 0.15256 0.18713 0.18158
0.88590 0.90064 0.14634 0.15906 0.10460 0.12372 0.20548 0.13124
0.09795 0.15649 0.20777 0.17542 0.09339 0.13412 0.14655 0.14014
0.08570 0.15117 0.14929 0.14389 0.14721 0.11942 0.16603 0.16607
0.13287 0.12716 0.11638 0.14643 0.14831 0.17447 0.14606 0.16800
0.13898 0.09797 0.14073 0.18318 0.17049 0.14933 0.15679 0.16292
0.08071 0.08702 0.10607 0.11281 0.14269 0.14693 0.12544 0.12543
0.13392 0.16310 0.11301 0.12112 0.19254 0.10836 0.19846 0.18385
0.09150 0.10354 0.13710 0.13594 0.14552 0.14690 0.13738 0.16445
0.11361 0.07805 0.16865 0.16742 0.09283 0.15550 0.14845 0.14097
0.12260 0.06819 0.15482 0.16940 0.19685 0.15784 0.10289 0.16357
0.11520 0.11601 0.15947 0.11201 0.16919 0.20847 0.20610 0.14933
