36 36
GT 0.970856637 -0.217510029 -0.100631892 0.206361949 0.972217096 -0.110492823 0.121869343 0.086506097 0.988769214 6.000000000 -4.000000000 3.000000000
-9.146776 -27.540391 -0.794039
-1.494258 -26.221504 1.219019
6.395997 -24.467011 3.272148
14.001196 -22.855880 4.435776
21.507045 -21.107100 5.201054
29.639683 -19.793120 5.435097
-11.039070 -19.972352 0.539316
-3.316791 -18.360980 3.053569
4.360215 -16.886163 5.431131
12.306190 -15.246256 7.001214
19.800998 -13.703440 6.972380
27.751663 -11.729622 6.987567
-12.755154 -12.314415 1.523497
-4.961582 -10.886600 4.809501
2.501272 -9.540925 7.571162
10.367882 -8.004080 8.807013
18.043312 -6.041383 8.721478
25.975862 -4.312887 8.182567
-14.311629 -4.233586 2.351521
-6.814363 -2.952101 5.111757
0.805632 -1.613811 8.029831
8.258248 -0.051652 9.309429
16.528579 1.571853 8.962059
24.297127 3.918730 8.679010
-16.362557 3.106388 2.148646
-8.592281 4.779153 4.898047
-0.692760 6.464549 7.168706
6.941778 8.295600 8.516054
14.799908 9.875895 8.390277
22.787949 11.705078 8.631284
-18.024371 11.264921 2.035450
-10.338576 12.867474 4.073172
-2.587364 14.687961 5.868639
5.321444 16.110713 7.174680
13.155118 17.913540 7.695094
20.882755 19.593915 8.369929
-20.000000 -20.000000 0.412012
-12.000000 -20.000000 1.459965
-4.000000 -20.000000 2.360728
4.000000 -20.000000 2.680728
12.000000 -20.000000 2.419965
20.000000 -20.000000 2.012012
-20.000000 -12.000000 0.979965
-12.000000 -12.000000 2.680514
-4.000000 -12.000000 4.101920
4.000000 -12.000000 4.421920
12.000000 -12.000000 3.640514
20.000000 -12.000000 2.579965
-20.000000 -4.000000 1.400728
-12.000000 -4.000000 3.621920
-4.000000 -4.000000 5.458698
4.000000 -4.000000 5.778698
12.000000 -4.000000 4.581920
20.000000 -4.000000 3.000728
-20.000000 4.000000 1.240728
-12.000000 4.000000 3.461920
-4.000000 4.000000 5.298698
4.000000 4.000000 5.618698
12.000000 4.000000 4.421920
20.000000 4.000000 2.840728
-20.000000 12.000000 0.499965
-12.000000 12.000000 2.200514
-4.000000 12.000000 3.621920
4.000000 12.000000 3.941920
12.000000 12.000000 3.160514
20.000000 12.000000 2.099965
-20.000000 20.000000 -0.387988
-12.000000 20.000000 0.659965
-4.000000 20.000000 1.560728
4.000000 20.000000 1.880728
12.000000 20.000000 1.619965
20.000000 20.000000 1.212012
