# SYNTHETIC scRNA-seq count matrix -- Project 3.12 (NOT real patient data)
# format: header 'N G k target_sum', then N rows of '<typeLabel> count0 .. count(G-1)'
# 3 cell types, marker-gene blocks, random sequencing depth per cell
30 18 5 10000
0 29 36 25 39 42 38 0 0 3 0 0 0 0 0 0 1 0 0
1 1 0 1 1 0 0 31 31 23 37 31 39 0 0 0 1 1 0
2 1 0 1 0 1 1 1 0 1 0 0 2 39 35 34 41 36 39
0 18 16 18 12 17 17 0 0 0 1 0 0 1 0 0 1 0 1
1 1 0 0 0 1 0 15 21 28 33 23 19 0 0 3 1 0 0
2 0 0 4 0 1 0 0 0 1 0 0 0 45 32 33 38 47 37
0 21 20 27 15 23 15 0 0 0 0 0 0 1 0 0 0 0 0
1 1 0 2 1 0 1 42 26 43 32 36 39 2 0 0 1 0 1
2 2 1 1 1 0 0 0 2 1 1 0 1 54 58 45 45 45 57
0 30 25 24 23 29 24 0 0 1 0 0 1 0 0 2 0 0 1
1 0 3 1 1 1 2 17 16 14 13 14 23 1 1 1 0 0 1
2 0 0 1 0 1 1 0 2 1 0 0 1 45 44 43 41 42 46
0 31 43 33 36 33 17 0 2 1 1 0 0 0 2 0 1 0 0
1 0 0 0 0 1 1 16 16 22 26 9 10 0 0 0 0 0 0
2 1 1 0 0 0 1 1 0 1 1 0 0 31 31 32 36 33 36
0 16 28 17 20 21 12 1 0 0 0 1 0 1 2 0 0 1 0
1 1 0 0 1 1 2 47 57 48 58 44 39 1 3 1 1 2 0
2 0 1 0 0 0 2 1 0 0 1 0 0 40 45 43 38 43 52
0 38 48 60 44 64 51 0 1 1 1 0 0 1 0 0 0 0 0
1 0 1 0 1 0 0 23 26 27 23 33 31 0 1 0 1 0 0
2 1 0 0 1 0 0 1 1 0 0 2 5 53 57 48 56 58 62
0 41 53 46 51 50 42 0 0 2 1 1 1 1 2 2 0 2 0
1 1 2 1 0 1 2 32 40 32 28 22 25 0 1 1 0 0 1
2 0 1 1 1 0 0 3 0 0 0 1 1 27 30 38 28 36 34
0 27 42 31 47 50 44 1 1 0 2 1 1 1 1 4 2 0 0
1 0 0 1 0 1 2 43 36 34 33 37 37 0 1 2 2 2 3
2 0 0 0 0 1 0 0 0 0 1 0 0 22 14 19 19 15 16
0 23 24 19 29 23 31 0 1 1 0 1 0 0 0 0 0 0 0
1 0 1 1 0 0 1 23 34 20 24 27 26 0 0 1 0 1 1
2 0 0 2 0 0 0 1 1 0 0 1 1 28 22 30 22 23 23
