48 48
2.000000 2.000000 2.000000 2.000000 2.000000 2.000000 2.000000 2.000000 2.000000 2.000000 2.000000 2.000000 2.000000 2.000000 2.000000 2.000000 2.000000 2.000000 2.000000 2.000000 2.000000 2.000000 2.000000 2.000000 2.000000 2.000000 2.000000 2.000000 2.289348 3.370849 6.164271 10.110893 12.129279 10.110893 6.164271 3.370849 2.289348 2.000000 2.000000 2.000000 2.000000 2.000000 2.000000 2.000000 2.000000 2.000000 2.000000 2.000000
2.000000 2.000000 2.000000 2.000000 2.000000 2.000000 2.000000 2.000000 2.000000 2.000000 2.000000 2.000000 2.000000 2.000000 2.000000 2.000000 2.000000 2.000000 2.000000 2.000000 2.000000 2.000000 2.000000 2.000000 2.000000 2.000000 2.000000 2.000000 2.289348 3.370849 6.164271 10.110893 12.129279 10.110893 6.164271 3.370849 2.289348 2.000000 2.000000 2.000000 2.000000 2.000000 2.000000 2.000000 2.000000 2.000000 2.000000 2.000000
2.000000 2.000000 2.000000 2.000000 2.000000 2.000000 2.000000 2.000000 2.000000 2.000000 2.000000 2.000000 2.000000 2.000000 2.000000 2.000000 2.000000 2.000000 2.000000 2.000000 2.000000 2.000000 2.000000 2.000000 2.000000 2.000000 2.000000 2.000000 2.289348 3.370849 6.164271 10.110893 12.129279 10.110893 6.164271 3.370849 2.289348 2.000000 2.000000 2.000000 2.000000 2.000000 2.000000 2.000000 2.000000 2.000000 2.000000 2.000000
2.000000 2.000000 2.000000 2.000000 2.000000 2.000000 2.000000 2.000000 2.000000 2.000000 2.000000 2.000000 2.000000 2.000000 2.000000 2.000000 2.000000 2.000000 2.000000 2.000000 2.000000 2.000000 2.000000 2.000000 2.000000 2.000000 2.000000 2.000000 2.289348 3.370849 6.164271 10.110893 12.129279 10.110893 6.164271 3.370849 2.289348 2.000000 2.000000 2.000000 2.000000 2.000000 2.000000 2.000000 2.000000 2.000000 2.000000 2.000000
2.000000 2.000000 2.000000 2.000000 2.000000 2.000000 2.000000 2.000000 2.000000 2.000000 2.000000 2.000000 2.000000 2.000000 2.000000 2.000000 2.000000 2.000000 2.000000 2.000000 2.000000 2.000000 2.000000 2.000000 2.000000 2.000000 2.000000 2.000000 2.289348 3.370849 6.164271 10.110893 12.129279 10.110893 6.164271 3.370849 2.289348 2.000000 2.000000 2.000000 2.000000 2.000000 2.000000 2.000000 2.000000 2.000000 2.000000 2.000000
2.000000 2.000000 2.000000 2.000000 2.000000 2.000000 2.000000 2.000000 2.000000 2.000000 2.000000 2.000000 2.000000 2.000000 2.000000 2.000000 2.000000 2.000000 2.000000 2.000000 2.000000 2.000000 2.000000 2.000000 2.000000 2.000000 2.000000 2.000000 2.289348 3.370849 6.164271 10.110893 12.129279 10.110893 6.164271 3.370849 2.289348 2.000000 2.000000 2.000000 2.000000 2.000000 2.000000 2.000000 2.000000 2.000000 2.000000 2.000000
2.000000 2.000000 2.000000 2.000000 2.000000 2.000000 2.000000 2.000000 2.000000 2.000000 2.000000 2.000000 2.000000 2.000000 2.000000 2.000000 2.000000 2.000000 2.000000 2.000000 2.000000 2.000000 2.000000 2.000000 2.000000 2.000000 2.000000 2.000000 2.289348 3.370849 6.164271 10.110893 12.129279 10.110893 6.164271 3.370849 2.289348 2.000000 2.000000 2.000000 2.000000 2.000000 2.000000 2.000000 2.000000 2.000000 2.000000 2.000000
2.000000 2.000000 2.000000 2.000000 2.000000 2.000000 2.000000 2.000000 2.000000 2.000000 2.000000 2.000000 2.000000 2.000000 2.000000 2.000000 2.000000 2.000000 2.000000 2.000000 2.000000 2.000000 2.000000 2.000000 2.000000 2.000000 2.000000 2.000000 2.289348 3.370849 6.164271 10.110893 12.129279 10.110893 6.164271 3.370849 2.289348 2.000000 2.000000 2.000000 2.000000 2.000000 2.000000 2.000000 2.000000 2.000000 2.000000 2.000000
2.000000 2.000000 2.000000 2.000000 2.000000 2.000000 2.000000 2.000000 2.005682 2.026920 2.081775 2.159275 2.198911 2.159275 2.081775 2.026920 2.005682 2.000000 2.000000 2.000000 2.000000 2.000000 2.000000 2.000000 2.000000 2.000000 2.000000 2.000000 2.289348 3.370849 6.164271 10.110893 12.133801 10.132318 6.229357 3.497619 2.447664 2.126770 2.065086 2.021426 2.004522 2.000000 2.000000 2.000000 2.000000 2.000000 2.000000 2.000000
2.000000 2.000000 2.000000 2.000000 2.000000 2.000000 2.000000 2.000000 2.026920 2.127538 2.387425 2.754601 2.942382 2.754601 2.387425 2.127538 2.026920 2.000000 2.000000 2.000000 2.000000 2.000000 2.000000 2.000000 2.000000 2.000000 2.000000 2.000000 2.289348 3.370849 6.164271 10.110893 12.150705 10.212402 6.472630 3.971449 3.039407 2.600600 2.308359 2.101509 2.021426 2.000000 2.000000 2.000000 2.000000 2.000000 2.000000 2.000000
2.000000 2.000000 2.000000 2.000000 2.000000 2.000000 2.000000 2.000000 2.081775 2.387425 3.176893 4.292274 4.862704 4.292274 3.176893 2.387425 2.081775 2.000000 2.000000 2.000000 2.000000 2.000000 2.000000 2.000000 2.000000 2.000000 2.000000 2.000000 2.289348 3.370849 6.164271 10.110893 12.194365 10.419251 7.100982 5.195312 4.567826 3.824463 2.936711 2.308359 2.065086 2.000000 2.000000 2.000000 2.000000 2.000000 2.000000 2.000000
2.000000 2.000000 2.000000 2.000000 2.000000 2.000000 2.000000 2.000000 2.159275 2.754601 4.292274 6.464740 7.575786 6.464740 4.292274 2.754601 2.159275 2.000000 2.000000 2.000000 2.000000 2.000000 2.000000 2.000000 2.000000 2.000000 2.000000 2.000000 2.289348 3.370849 6.164271 10.110893 12.256049 10.711493 7.988734 6.924418 6.727218 5.553569 3.824463 2.600600 2.126770 2.000000 2.000000 2.000000 2.000000 2.000000 2.000000 2.000000
2.289348 2.289348 2.289348 2.289348 2.289348 2.289348 2.289348 2.289348 2.488258 3.231730 5.152052 7.865134 9.252662 7.865134 5.152052 3.231730 2.488258 2.289348 2.289348 2.289348 2.289348 2.289348 2.289348 2.289348 2.289348 2.289348 2.289348 2.289348 2.576493 3.649759 6.421911 10.338481 12.499815 11.088540 8.700389 8.087629 8.118722 6.727218 4.567826 3.039407 2.447664 2.289348 2.289348 2.289348 2.289348 2.289348 2.289348 2.289348
3.370849 3.370849 3.370849 3.370849 3.370849 3.370849 3.370849 3.370849 3.530124 4.125449 5.663123 7.835589 8.946634 7.835589 5.663123 4.125449 3.530124 3.370849 3.370849 3.370849 3.370849 3.370849 3.370849 3.370849 3.370849 3.370849 3.370849 3.370849 3.649759 4.692244 7.384894 11.189141 13.261484 11.789742 9.209357 8.245813 8.087629 6.924418 5.195312 3.971449 3.497619 3.370849 3.370849 3.370849 3.370849 3.370849 3.370849 3.370849
6.164271 6.164271 6.164271 6.164271 6.164271 6.164271 6.164271 6.164271 6.246046 6.551696 7.341164 8.456545 9.026975 8.456545 7.341164 6.551696 6.246046 6.164271 6.164271 6.164271 6.164271 6.164271 6.164271 6.164271 6.164271 6.164271 6.164271 6.164271 6.421911 7.384894 9.872196 13.386323 15.248608 13.694681 10.808907 9.209357 8.700389 7.988734 7.100982 6.472630 6.229357 6.164271 6.164271 6.164271 6.164271 6.164271 6.164271 6.164271
10.110893 10.110893 10.110893 10.110893 10.110893 10.110893 10.110893 10.110893 10.137812 10.238430 10.498317 10.865493 11.053275 10.865493 10.498317 10.238430 10.137812 10.110893 10.110893 10.110893 10.110893 10.110893 10.110893 10.110893 10.110893 10.110893 10.110893 10.110893 10.338481 11.189141 13.386323 16.490559 18.099558 16.592069 13.694681 11.789742 11.088540 10.711493 10.419251 10.212402 10.132318 10.110893 10.110893 10.110893 10.110893 10.110893 10.110893 10.110893
12.129279 12.129279 12.129279 12.129279 12.129279 12.129279 12.129279 12.129279 12.134961 12.156199 12.211054 12.288554 12.328190 12.288554 12.211054 12.156199 12.134961 12.129279 12.129279 12.129279 12.129279 12.129279 12.129279 12.129279 12.129279 12.129279 12.129279 12.129279 12.341498 13.134714 15.183522 18.078132 19.563020 18.099558 15.248608 13.261484 12.499815 12.256049 12.194365 12.150705 12.133801 12.129279 12.129279 12.129279 12.129279 12.129279 12.129279 12.129279
10.110893 10.110893 10.110893 10.110893 10.110893 10.110893 10.110893 10.110893 10.110893 10.110893 10.110893 10.110893 10.110893 10.110893 10.110893 10.110893 10.110893 10.110893 10.110893 10.110893 10.110893 10.110893 10.110893 10.110893 10.110893 10.110893 10.110893 10.110893 10.338481 11.189141 13.386323 16.490559 18.078132 16.490559 13.386323 11.189141 10.338481 10.110893 10.110893 10.110893 10.110893 10.110893 10.110893 10.110893 10.110893 10.110893 10.110893 10.110893
6.164271 6.164271 6.164271 6.164271 6.164271 6.164271 6.164271 6.164271 6.164271 6.164271 6.164271 6.164271 6.164271 6.164271 6.164271 6.164271 6.164271 6.164271 6.164271 6.164271 6.164271 6.164271 6.164271 6.164271 6.164271 6.164271 6.164271 6.164271 6.421911 7.384894 9.872196 13.386323 15.183522 13.386323 9.872196 7.384894 6.421911 6.164271 6.164271 6.164271 6.164271 6.164271 6.164271 6.164271 6.164271 6.164271 6.164271 6.164271
3.370849 3.370849 3.370849 3.370849 3.370849 3.370849 3.370849 3.370849 3.370849 3.370849 3.370849 3.370849 3.370849 3.370849 3.370849 3.370849 3.370849 3.370849 3.370849 3.370849 3.370849 3.370849 3.370849 3.370849 3.370849 3.370849 3.370849 3.370849 3.649759 4.692244 7.384894 11.189141 13.134714 11.189141 7.384894 4.692244 3.649759 3.370849 3.370849 3.370849 3.370849 3.370849 3.370849 3.370849 3.370849 3.370849 3.370849 3.370849
2.289348 2.289348 2.289348 2.289348 2.289348 2.289348 2.289348 2.289348 2.289348 2.289348 2.289348 2.289348 2.289348 2.289348 2.289348 2.289348 2.289348 2.289348 2.289348 2.289348 2.296189 2.321761 2.387811 2.481128 2.528852 2.481128 2.387811 2.321761 2.583334 3.649759 6.421911 10.338481 12.341498 10.338481 6.421911 3.649759 2.576493 2.289348 2.289348 2.289348 2.289348 2.289348 2.289348 2.289348 2.289348 2.289348 2.289348 2.289348
2.000000 2.000000 2.000000 2.000000 2.000000 2.000000 2.000000 2.000000 2.000000 2.000000 2.000000 2.000000 2.000000 2.000000 2.000000 2.000000 2.000000 2.000000 2.000000 2.000000 2.032413 2.153566 2.466491 2.908601 3.134705 2.908601 2.466491 2.153566 2.321761 3.370849 6.164271 10.110893 12.129279 10.110893 6.164271 3.370849 2.289348 2.000000 2.000000 2.000000 2.000000 2.000000 2.000000 2.000000 2.000000 2.000000 2.000000 2.000000
2.000000 2.000000 2.000000 2.000000 2.000000 2.000000 2.000000 2.000000 2.000000 2.000000 2.000000 2.000000 2.000000 2.000000 2.000000 2.000000 2.000000 2.000000 2.000000 2.000000 2.098463 2.466491 3.417075 4.760085 5.446929 4.760085 3.417075 2.466491 2.387811 3.370849 6.164271 10.110893 12.129279 10.110893 6.164271 3.370849 2.289348 2.000000 2.000000 2.000000 2.000000 2.000000 2.000000 2.000000 2.000000 2.000000 2.000000 2.000000
2.000000 2.000000 2.000000 2.000000 2.000000 2.000000 2.000000 2.000000 2.000000 2.000000 2.000000 2.000000 2.000000 2.000000 2.000000 2.000000 2.000000 2.000000 2.000000 2.000000 2.191780 2.908601 4.760085 7.375912 8.713701 7.375912 4.760085 2.908601 2.481128 3.370849 6.164271 10.110893 12.129279 10.110893 6.164271 3.370849 2.289348 2.000000 2.000000 2.000000 2.000000 2.000000 2.000000 2.000000 2.000000 2.000000 2.000000 2.000000
2.000000 2.000000 2.000000 2.000000 2.000000 2.000000 2.000000 2.000000 2.000000 2.000000 2.000000 2.000000 2.000000 2.000000 2.000000 2.000000 2.000000 2.000000 2.000000 2.000000 2.239505 3.134705 5.446929 8.713701 10.384398 8.713701 5.446929 3.134705 2.528852 3.370849 6.164271 10.110893 12.129279 10.110893 6.164271 3.370849 2.289348 2.000000 2.000000 2.000000 2.000000 2.000000 2.000000 2.000000 2.000000 2.000000 2.000000 2.000000
2.000000 2.000000 2.000000 2.000000 2.000000 2.000000 2.000000 2.000000 2.000000 2.000000 2.000000 2.000000 2.000000 2.000000 2.000000 2.000000 2.000000 2.000000 2.000000 2.000000 2.191780 2.908601 4.760085 7.375912 8.713701 7.375912 4.760085 2.908601 2.481128 3.370849 6.164271 10.110893 12.129279 10.110893 6.164271 3.370849 2.289348 2.000000 2.000000 2.000000 2.000000 2.000000 2.000000 2.000000 2.000000 2.000000 2.000000 2.000000
2.000000 2.000000 2.000000 2.000000 2.000000 2.000000 2.000000 2.000000 2.000000 2.000000 2.000000 2.000000 2.000000 2.000000 2.000000 2.000000 2.000000 2.000000 2.000000 2.000000 2.098463 2.466491 3.417075 4.760085 5.446929 4.760085 3.417075 2.466491 2.387811 3.370849 6.164271 10.110893 12.129279 10.110893 6.164271 3.370849 2.289348 2.000000 2.000000 2.000000 2.000000 2.000000 2.000000 2.000000 2.000000 2.000000 2.000000 2.000000
2.000000 2.000000 2.000000 2.000000 2.000000 2.000000 2.000000 2.000000 2.000000 2.000000 2.000000 2.000000 2.000000 2.000000 2.000000 2.000000 2.000000 2.000000 2.000000 2.000000 2.032413 2.153566 2.466491 2.908601 3.134705 2.908601 2.466491 2.153566 2.321761 3.370849 6.164271 10.110893 12.129279 10.110893 6.164271 3.370849 2.289348 2.000000 2.000000 2.000000 2.000000 2.000000 2.000000 2.000000 2.000000 2.000000 2.000000 2.000000
2.000000 2.000000 2.000000 2.000000 2.000000 2.000000 2.000000 2.000000 2.000000 2.000000 2.000000 2.000000 2.000000 2.000000 2.000000 2.000000 2.000000 2.000000 2.000000 2.000000 2.006842 2.032413 2.098463 2.191780 2.239505 2.191780 2.098463 2.032413 2.296189 3.370849 6.164271 10.110893 12.129279 10.110893 6.164271 3.370849 2.289348 2.000000 2.000000 2.000000 2.000000 2.000000 2.000000 2.000000 2.000000 2.000000 2.000000 2.000000
2.000000 2.000000 2.000000 2.000000 2.000000 2.000000 2.000000 2.000000 2.000000 2.000000 2.000000 2.000000 2.000000 2.000000 2.000000 2.000000 2.000000 2.000000 2.000000 2.000000 2.000000 2.000000 2.000000 2.000000 2.000000 2.000000 2.000000 2.000000 2.289348 3.370849 6.164271 10.110893 12.129279 10.110893 6.164271 3.370849 2.289348 2.000000 2.000000 2.000000 2.000000 2.000000 2.000000 2.000000 2.000000 2.000000 2.000000 2.000000
2.000000 2.000000 2.000000 2.000000 2.000000 2.000000 2.000000 2.000000 2.000000 2.000000 2.000000 2.000000 2.000000 2.000000 2.000000 2.000000 2.000000 2.000000 2.000000 2.000000 2.000000 2.000000 2.000000 2.000000 2.000000 2.000000 2.000000 2.000000 2.289348 3.370849 6.164271 10.110893 12.129279 10.110893 6.164271 3.370849 2.289348 2.000000 2.000000 2.000000 2.000000 2.000000 2.000000 2.000000 2.000000 2.000000 2.000000 2.000000
2.000000 2.000000 2.000000 2.000000 2.000000 2.000000 2.000000 2.000000 2.000000 2.000000 2.000000 2.000000 2.000000 2.000000 2.000000 2.000000 2.000000 2.000000 2.000000 2.000000 2.000000 2.000000 2.000000 2.000000 2.000000 2.000000 2.000000 2.000000 2.289348 3.370849 6.164271 10.110893 12.129279 10.110893 6.164271 3.370849 2.289348 2.000000 2.000000 2.000000 2.000000 2.000000 2.000000 2.000000 2.000000 2.000000 2.000000 2.000000
2.000000 2.000000 2.000000 2.000000 2.000000 2.000000 2.000000 2.000000 2.005102 2.024173 2.073430 2.143023 2.178614 2.143023 2.073430 2.024173 2.005102 2.000000 2.000000 2.000000 2.000000 2.000000 2.000000 2.000000 2.000000 2.000000 2.000000 2.000000 2.289348 3.370849 6.164271 10.110893 12.135541 10.140559 6.254390 3.546377 2.508555 2.175528 2.090119 2.029667 2.006262 2.000000 2.000000 2.000000 2.000000 2.000000 2.000000 2.000000
2.000000 2.000000 2.000000 2.000000 2.000000 2.000000 2.000000 2.000000 2.024173 2.114524 2.347892 2.677600 2.846221 2.677600 2.347892 2.114524 2.024173 2.000000 2.000000 2.000000 2.000000 2.000000 2.000000 2.000000 2.000000 2.000000 2.000000 2.000000 2.289348 3.370849 6.164271 10.110893 12.158946 10.251444 6.591229 4.202449 3.327891 2.831601 2.426958 2.140552 2.029667 2.000000 2.000000 2.000000 2.000000 2.000000 2.000000 2.000000
2.000000 2.000000 2.000000 2.000000 2.000000 2.000000 2.000000 2.000000 2.073430 2.347892 3.056802 4.058368 4.570591 4.058368 3.056802 2.347892 2.073430 2.000000 2.000000 2.000000 2.000000 2.000000 2.000000 2.000000 2.000000 2.000000 2.000000 2.000000 2.289348 3.370849 6.164271 10.110893 12.219398 10.537851 7.461255 5.897028 5.444164 4.526180 3.296984 2.426958 2.090119 2.000000 2.000000 2.000000 2.000000 2.000000 2.000000 2.000000
2.000000 2.000000 2.000000 2.000000 2.000000 2.000000 2.000000 2.000000 2.143023 2.677600 4.058368 6.009154 7.006828 6.009154 4.058368 2.677600 2.143023 2.000000 2.000000 2.000000 2.000000 2.000000 2.000000 2.000000 2.000000 2.000000 2.000000 2.000000 2.289348 3.370849 6.164271 10.110893 12.304807 10.942493 8.690451 8.291175 8.434091 6.920326 4.526180 2.831601 2.175528 2.000000 2.000000 2.000000 2.000000 2.000000 2.000000 2.000000
2.000000 2.000000 2.000000 2.000000 2.000000 2.000000 2.000000 2.000000 2.178614 2.846221 4.570591 7.006828 8.252771 7.006828 4.570591 2.846221 2.178614 2.000000 2.000000 2.000000 2.000000 2.000000 2.000000 2.000000 2.000000 2.000000 2.000000 2.000000 2.289348 3.370849 6.164271 10.110893 12.348487 11.149436 9.319088 9.515592 9.963204 8.144743 5.154816 3.038543 2.219208 2.000000 2.000000 2.000000 2.000000 2.000000 2.000000 2.000000
2.000000 2.000000 2.000000 2.000000 2.000000 2.000000 2.000000 2.000000 2.143023 2.677600 4.058368 6.009154 7.006828 6.009154 4.058368 2.677600 2.143023 2.000000 2.000000 2.000000 2.000000 2.000000 2.000000 2.000000 2.000000 2.000000 2.000000 2.000000 2.289348 3.370849 6.164271 10.110893 12.304807 10.942493 8.690451 8.291175 8.434091 6.920326 4.526180 2.831601 2.175528 2.000000 2.000000 2.000000 2.000000 2.000000 2.000000 2.000000
2.000000 2.000000 2.000000 2.000000 2.000000 2.000000 2.000000 2.000000 2.073430 2.347892 3.056802 4.058368 4.570591 4.058368 3.056802 2.347892 2.073430 2.000000 2.000000 2.000000 2.000000 2.000000 2.000000 2.000000 2.000000 2.000000 2.000000 2.000000 2.289348 3.370849 6.164271 10.110893 12.219398 10.537851 7.461255 5.897028 5.444164 4.526180 3.296984 2.426958 2.090119 2.000000 2.000000 2.000000 2.000000 2.000000 2.000000 2.000000
2.000000 2.000000 2.000000 2.000000 2.000000 2.000000 2.000000 2.000000 2.024173 2.114524 2.347892 2.677600 2.846221 2.677600 2.347892 2.114524 2.024173 2.000000 2.000000 2.000000 2.000000 2.000000 2.000000 2.000000 2.000000 2.000000 2.000000 2.000000 2.289348 3.370849 6.164271 10.110893 12.158946 10.251444 6.591229 4.202449 3.327891 2.831601 2.426958 2.140552 2.029667 2.000000 2.000000 2.000000 2.000000 2.000000 2.000000 2.000000
2.000000 2.000000 2.000000 2.000000 2.000000 2.000000 2.000000 2.000000 2.005102 2.024173 2.073430 2.143023 2.178614 2.143023 2.073430 2.024173 2.005102 2.000000 2.000000 2.000000 2.000000 2.000000 2.000000 2.000000 2.000000 2.000000 2.000000 2.000000 2.289348 3.370849 6.164271 10.110893 12.135541 10.140559 6.254390 3.546377 2.508555 2.175528 2.090119 2.029667 2.006262 2.000000 2.000000 2.000000 2.000000 2.000000 2.000000 2.000000
2.000000 2.000000 2.000000 2.000000 2.000000 2.000000 2.000000 2.000000 2.000000 2.000000 2.000000 2.000000 2.000000 2.000000 2.000000 2.000000 2.000000 2.000000 2.000000 2.000000 2.000000 2.000000 2.000000 2.000000 2.000000 2.000000 2.000000 2.000000 2.289348 3.370849 6.164271 10.110893 12.129279 10.110893 6.164271 3.370849 2.289348 2.000000 2.000000 2.000000 2.000000 2.000000 2.000000 2.000000 2.000000 2.000000 2.000000 2.000000
2.000000 2.000000 2.000000 2.000000 2.000000 2.000000 2.000000 2.000000 2.000000 2.000000 2.000000 2.000000 2.000000 2.000000 2.000000 2.000000 2.000000 2.000000 2.000000 2.000000 2.000000 2.000000 2.000000 2.000000 2.000000 2.000000 2.000000 2.000000 2.289348 3.370849 6.164271 10.110893 12.129279 10.110893 6.164271 3.370849 2.289348 2.000000 2.000000 2.000000 2.000000 2.000000 2.000000 2.000000 2.000000 2.000000 2.000000 2.000000
2.000000 2.000000 2.000000 2.000000 2.000000 2.000000 2.000000 2.000000 2.000000 2.000000 2.000000 2.000000 2.000000 2.000000 2.000000 2.000000 2.000000 2.000000 2.000000 2.000000 2.000000 2.000000 2.000000 2.000000 2.000000 2.000000 2.000000 2.000000 2.289348 3.370849 6.164271 10.110893 12.129279 10.110893 6.164271 3.370849 2.289348 2.000000 2.000000 2.000000 2.000000 2.000000 2.000000 2.000000 2.000000 2.000000 2.000000 2.000000
2.000000 2.000000 2.000000 2.000000 2.000000 2.000000 2.000000 2.000000 2.000000 2.000000 2.000000 2.000000 2.000000 2.000000 2.000000 2.000000 2.000000 2.000000 2.000000 2.000000 2.000000 2.000000 2.000000 2.000000 2.000000 2.000000 2.000000 2.000000 2.289348 3.370849 6.164271 10.110893 12.129279 10.110893 6.164271 3.370849 2.289348 2.000000 2.000000 2.000000 2.000000 2.000000 2.000000 2.000000 2.000000 2.000000 2.000000 2.000000
2.000000 2.000000 2.000000 2.000000 2.000000 2.000000 2.000000 2.000000 2.000000 2.000000 2.000000 2.000000 2.000000 2.000000 2.000000 2.000000 2.000000 2.000000 2.000000 2.000000 2.000000 2.000000 2.000000 2.000000 2.000000 2.000000 2.000000 2.000000 2.289348 3.370849 6.164271 10.110893 12.129279 10.110893 6.164271 3.370849 2.289348 2.000000 2.000000 2.000000 2.000000 2.000000 2.000000 2.000000 2.000000 2.000000 2.000000 2.000000
2.000000 2.000000 2.000000 2.000000 2.000000 2.000000 2.000000 2.000000 2.000000 2.000000 2.000000 2.000000 2.000000 2.000000 2.000000 2.000000 2.000000 2.000000 2.000000 2.000000 2.000000 2.000000 2.000000 2.000000 2.000000 2.000000 2.000000 2.000000 2.289348 3.370849 6.164271 10.110893 12.129279 10.110893 6.164271 3.370849 2.289348 2.000000 2.000000 2.000000 2.000000 2.000000 2.000000 2.000000 2.000000 2.000000 2.000000 2.000000
2.000000 2.000000 2.000000 2.000000 2.000000 2.000000 2.000000 2.000000 2.000000 2.000000 2.000000 2.000000 2.000000 2.000000 2.000000 2.000000 2.000000 2.000000 2.000000 2.000000 2.000000 2.000000 2.000000 2.000000 2.000000 2.000000 2.000000 2.000000 2.289348 3.370849 6.164271 10.110893 12.129279 10.110893 6.164271 3.370849 2.289348 2.000000 2.000000 2.000000 2.000000 2.000000 2.000000 2.000000 2.000000 2.000000 2.000000 2.000000
