32 32 2 5 0.080000 0.096000
0.112702 0.232755 0.197367 0.159141 0.157735 0.067808 0.045792 0.085794 0.241053 0.205828 0.217404 0.121564 0.073233 0.321441 0.083028 0.123015 0.197458 0.156341 0.140877 0.278478 0.080442 0.168154 0.079459 0.264335 0.168074 0.139388 0.191432 0.219986 0.219940 0.197751 0.166403 0.139924
0.147050 0.140296 0.252507 0.000000 0.000000 0.046350 0.306457 0.075608 0.170350 0.160541 0.183359 0.089765 0.158059 0.069454 0.209014 0.304006 0.166263 0.141934 0.252467 0.250664 0.077126 0.096559 0.161238 0.057037 0.052091 0.213669 0.108826 0.141341 0.015119 0.119946 0.153057 0.151380
0.230128 0.104648 0.101910 0.255407 0.010308 0.087752 0.096263 0.195218 0.130259 0.158386 0.133450 0.096035 0.094361 0.135990 0.015633 0.204579 0.148993 0.150023 0.000000 0.096068 0.205987 0.325986 0.000000 0.112534 0.087614 0.149461 0.277502 0.101232 0.162587 0.195705 0.190383 0.154627
0.099832 0.066339 0.288500 0.000000 0.234869 0.174207 0.199467 0.199421 0.158450 0.132569 0.112966 0.035127 0.312352 0.121761 0.022502 0.098419 0.000000 0.226478 0.148139 0.202699 0.236936 0.238272 0.072127 0.205713 0.248783 0.074096 0.185376 0.107102 0.056854 0.093798 0.113589 0.229828
0.081953 0.098666 0.205314 0.233454 0.215295 0.058749 0.114313 0.061397 0.132200 0.155703 0.173783 0.194962 0.252123 0.137815 0.269850 0.189057 0.231720 0.088210 0.101756 0.240044 0.055490 0.174135 0.252933 0.032072 0.234863 0.285084 0.077658 0.000000 0.296663 0.056903 0.214623 0.113201
0.208201 0.142633 0.225936 0.342507 0.222775 0.206303 0.084364 0.160696 0.128490 0.229129 0.075164 0.053757 0.276372 0.626181 0.752794 0.710021 0.852602 0.721369 0.745784 0.034098 0.087904 0.157549 0.182139 0.015192 0.190482 0.123656 0.104793 0.099384 0.175677 0.196296 0.252916 0.084900
0.179236 0.191698 0.224300 0.185232 0.181449 0.082554 0.155426 0.130903 0.144060 0.245062 0.201754 0.734816 0.876100 0.633164 0.790166 0.773730 0.852081 0.741841 0.762199 0.619878 0.763091 0.047935 0.220735 0.233934 0.029735 0.138262 0.007094 0.157434 0.202135 0.037033 0.092049 0.140011
0.054397 0.000000 0.170651 0.021170 0.057784 0.158128 0.241472 0.142699 0.150933 0.655560 0.640222 0.742238 0.797673 0.787008 0.622736 0.839679 0.731973 0.949837 0.786732 0.694245 0.828172 0.663609 0.650335 0.337872 0.232996 0.156837 0.000000 0.122181 0.250489 0.106706 0.098555 0.012173
0.232771 0.085933 0.152049 0.072029 0.243023 0.271259 0.146690 0.227106 0.900928 0.899012 0.808807 0.692098 0.675096 0.798783 0.716822 0.707874 0.771854 0.829512 0.791323 0.661278 0.758390 0.847344 0.777883 0.680606 0.099321 0.118569 0.213158 0.248649 0.105780 0.146772 0.227424 0.060795
0.189351 0.112103 0.172614 0.158764 0.128395 0.003485 0.180195 0.702392 0.767881 0.486995 0.485996 0.381689 0.374597 0.616665 0.736614 0.800530 0.738369 0.822779 0.876107 0.592234 0.871120 0.598517 0.776742 0.765749 0.867481 0.025504 0.160003 0.058305 0.079282 0.180517 0.130701 0.208118
0.184010 0.051637 0.237475 0.000000 0.146645 0.208669 0.205699 0.770901 0.750118 0.597197 0.439449 0.381932 0.261783 0.343585 0.810869 0.842043 0.615391 0.967367 0.905122 0.730593 0.713271 0.843969 0.781661 0.698297 0.707594 0.317480 0.127974 0.179283 0.297853 0.037200 0.135776 0.200945
0.080750 0.116289 0.000000 0.216783 0.032429 0.072710 0.759827 0.754310 0.761006 0.326766 0.417225 0.394877 0.418689 0.456582 0.727305 0.889156 0.831292 0.776954 0.786230 0.835336 0.780998 0.845332 0.719508 0.877733 0.686840 0.873732 0.054454 0.047999 0.192899 0.094586 0.200651 0.154164
0.182696 0.143450 0.132114 0.189639 0.000000 0.141327 0.867952 0.691048 0.744101 0.537798 0.366319 0.488317 0.276444 0.510340 0.777441 0.760797 0.674455 0.689403 0.713014 0.833301 0.626865 0.924378 0.686048 0.723965 0.767363 0.713322 0.167451 0.110921 0.126815 0.080905 0.209672 0.044334
0.220039 0.093084 0.137952 0.202645 0.125484 0.860116 0.918675 0.842663 0.771818 0.625662 0.338193 0.481317 0.379639 0.438137 0.642761 0.612719 0.765144 0.704943 0.739323 0.844350 0.743198 0.813329 0.820428 0.762739 0.522484 0.756909 0.772084 0.062732 0.179463 0.062685 0.107223 0.226357
0.113009 0.258974 0.129192 0.122727 0.137786 0.658587 0.689604 0.763858 0.654524 0.848800 0.668806 0.887832 0.725862 0.797535 0.710772 0.706294 0.678579 0.831792 0.802606 0.677717 0.755056 0.813587 0.747379 0.772370 0.769506 0.809380 0.727553 0.153391 0.154434 0.244089 0.125753 0.155681
0.157590 0.203990 0.019950 0.127224 0.116510 0.792827 0.833856 0.806699 0.769737 0.675146 0.680060 0.756336 0.753143 0.567969 0.735480 0.861973 0.742074 0.870064 0.793098 0.578413 0.775277 0.858719 0.716886 0.782669 0.662532 0.637491 0.670149 0.067132 0.131017 0.217888 0.337004 0.265490
0.180232 0.104694 0.191612 0.104022 0.195040 0.667610 0.624247 0.880585 0.819842 0.712429 0.721375 0.902609 0.760296 0.756376 0.771587 0.682213 0.814472 0.750577 0.752072 0.705607 0.944518 0.640258 0.755573 0.749133 0.705565 0.849384 0.605235 0.090572 0.173510 0.181840 0.307189 0.261588
0.013703 0.208232 0.083811 0.153938 0.187259 0.694120 0.754818 0.731360 0.734127 0.718066 0.656997 0.837882 0.755685 0.781314 0.869515 0.698712 0.796655 0.816462 0.650262 0.735805 0.910234 0.609867 0.633196 0.732540 0.851967 0.637171 0.823195 0.110418 0.012336 0.275396 0.172028 0.087618
0.134858 0.073800 0.120165 0.138576 0.190539 0.673743 0.625867 0.705061 0.640017 0.691752 0.696065 0.771556 0.729253 0.798439 0.762210 0.777133 0.854638 0.696455 0.718488 0.824165 0.775881 0.708083 0.733165 0.658767 0.695361 0.693923 0.843700 0.248505 0.054675 0.135240 0.143112 0.203534
0.141824 0.232947 0.231837 0.176079 0.176267 0.094029 0.709523 0.759283 0.710336 0.650908 0.702210 0.680149 0.688839 0.799008 0.727810 0.685629 0.790713 0.736664 0.799732 0.810984 0.758285 0.845774 0.903501 0.736385 0.770904 0.620529 0.041823 0.156354 0.166466 0.190185 0.258796 0.081907
0.299158 0.030696 0.145197 0.171880 0.130788 0.051802 0.726399 0.706252 0.954008 0.758776 0.743584 0.564646 0.790804 0.561066 0.551368 0.710373 0.618462 0.909688 0.842963 0.873726 0.849732 0.792167 0.631204 0.772366 0.887561 0.730682 0.097086 0.364159 0.073037 0.017949 0.158994 0.000000
0.165629 0.121381 0.084860 0.006783 0.103146 0.155150 0.049153 0.898376 0.637666 0.778387 0.673949 0.711615 0.660384 0.728248 0.887293 0.801937 0.739118 0.672114 0.877948 0.799982 0.786192 0.765793 0.701463 0.651654 0.711230 0.189193 0.161829 0.094230 0.023456 0.157438 0.122508 0.307544
0.202380 0.077917 0.146234 0.179813 0.073273 0.111427 0.173478 0.789047 0.756916 0.750793 0.840856 0.894841 0.746236 0.875225 0.839675 0.670519 0.871723 0.741872 0.583634 0.760386 0.814889 0.655299 0.765144 0.662511 0.906619 0.171545 0.168959 0.122836 0.000000 0.154912 0.207143 0.163150
0.109276 0.188676 0.173065 0.131483 0.228501 0.047941 0.214795 0.061997 0.788668 0.659767 0.699161 0.609403 0.857986 0.705777 0.711418 0.753985 0.756984 0.701834 0.720153 0.607796 0.757944 0.667584 0.938469 0.859599 0.245618 0.056645 0.243621 0.103358 0.072760 0.210230 0.061443 0.266342
0.117768 0.150632 0.133665 0.133827 0.179319 0.225793 0.202076 0.134693 0.151843 0.687894 0.697249 0.755313 0.633270 0.761802 0.686381 0.680720 0.684266 0.767277 0.731282 0.790898 0.738532 0.842504 0.634619 0.000000 0.177034 0.137043 0.195824 0.170899 0.093817 0.016984 0.171481 0.300815
0.134265 0.172352 0.246328 0.124046 0.118035 0.225390 0.216406 0.189973 0.194758 0.093499 0.108939 0.712551 0.831619 0.863414 0.542858 0.795249 0.902774 0.747278 0.775799 0.850382 0.815690 0.107918 0.195317 0.171578 0.277726 0.236843 0.224283 0.255263 0.142747 0.147667 0.177647 0.061601
0.213244 0.180630 0.072624 0.235912 0.161837 0.000000 0.190637 0.194312 0.088403 0.000000 0.111333 0.000000 0.192586 0.804514 0.760775 0.708717 0.841421 0.749371 0.811066 0.211949 0.257070 0.251631 0.115511 0.219546 0.133662 0.089385 0.176217 0.088194 0.175455 0.125861 0.123909 0.311371
0.101796 0.217670 0.185154 0.248462 0.055455 0.112538 0.181662 0.347720 0.122538 0.276485 0.213572 0.221813 0.081835 0.106701 0.233897 0.000000 0.050922 0.152238 0.075065 0.240356 0.066677 0.155306 0.060831 0.049475 0.160996 0.188637 0.118709 0.034140 0.158927 0.021093 0.055381 0.151249
0.114066 0.077517 0.116799 0.092808 0.075321 0.173292 0.008927 0.113008 0.219779 0.220846 0.125448 0.164009 0.159507 0.019552 0.181722 0.098987 0.235652 0.157380 0.087710 0.108788 0.136999 0.082098 0.128771 0.146215 0.168651 0.317348 0.150429 0.115095 0.217608 0.229911 0.120177 0.121623
0.080844 0.062817 0.059045 0.066029 0.171337 0.275240 0.129768 0.208368 0.136753 0.117679 0.109329 0.114504 0.222161 0.252254 0.180188 0.163195 0.095212 0.192997 0.127922 0.024283 0.139402 0.115147 0.141014 0.126142 0.180843 0.061368 0.002626 0.048100 0.188994 0.124105 0.066730 0.165282
0.135568 0.180558 0.011813 0.027021 0.149324 0.055928 0.000000 0.218100 0.131054 0.165545 0.190919 0.190759 0.138852 0.157196 0.129184 0.255548 0.156444 0.243440 0.067851 0.186177 0.181044 0.129754 0.214440 0.125977 0.261301 0.261414 0.055088 0.072360 0.250968 0.273619 0.176627 0.237766
0.169795 0.181787 0.103627 0.321377 0.229020 0.093094 0.000000 0.250345 0.079874 0.083264 0.188648 0.159783 0.220272 0.039208 0.173474 0.209348 0.174420 0.151189 0.074046 0.296871 0.139543 0.095024 0.120559 0.324307 0.150252 0.158044 0.180167 0.137554 0.213082 0.225969 0.063479 0.061027
0.150000 0.150000 0.150000 0.150000 0.150000 0.150000 0.150000 0.150000 0.150000 0.150000 0.150000 0.150000 0.150000 0.150000 0.150000 0.150000 0.150000 0.150000 0.150000 0.150000 0.150000 0.150000 0.150000 0.150000 0.150000 0.150000 0.150000 0.150000 0.150000 0.150000 0.150000 0.150000
0.150000 0.150000 0.150000 0.150000 0.150000 0.150000 0.150000 0.150000 0.150000 0.150000 0.150000 0.150000 0.150000 0.150000 0.150000 0.150000 0.150000 0.150000 0.150000 0.150000 0.150000 0.150000 0.150000 0.150000 0.150000 0.150000 0.150000 0.150000 0.150000 0.150000 0.150000 0.150000
0.150000 0.150000 0.150000 0.150000 0.150000 0.150000 0.150000 0.150000 0.150000 0.150000 0.150000 0.150000 0.150000 0.150000 0.150000 0.150000 0.150000 0.150000 0.150000 0.150000 0.150000 0.150000 0.150000 0.150000 0.150000 0.150000 0.150000 0.150000 0.150000 0.150000 0.150000 0.150000
0.150000 0.150000 0.150000 0.150000 0.150000 0.150000 0.150000 0.150000 0.150000 0.150000 0.150000 0.150000 0.150000 0.150000 0.150000 0.150000 0.150000 0.150000 0.150000 0.150000 0.150000 0.150000 0.150000 0.150000 0.150000 0.150000 0.150000 0.150000 0.150000 0.150000 0.150000 0.150000
0.150000 0.150000 0.150000 0.150000 0.150000 0.150000 0.150000 0.150000 0.150000 0.150000 0.150000 0.150000 0.150000 0.150000 0.150000 0.150000 0.150000 0.150000 0.150000 0.150000 0.150000 0.150000 0.150000 0.150000 0.150000 0.150000 0.150000 0.150000 0.150000 0.150000 0.150000 0.150000
0.150000 0.150000 0.150000 0.150000 0.150000 0.150000 0.150000 0.150000 0.150000 0.150000 0.150000 0.150000 0.150000 0.750000 0.750000 0.750000 0.750000 0.750000 0.750000 0.150000 0.150000 0.150000 0.150000 0.150000 0.150000 0.150000 0.150000 0.150000 0.150000 0.150000 0.150000 0.150000
0.150000 0.150000 0.150000 0.150000 0.150000 0.150000 0.150000 0.150000 0.150000 0.150000 0.150000 0.750000 0.750000 0.750000 0.750000 0.750000 0.750000 0.750000 0.750000 0.750000 0.750000 0.150000 0.150000 0.150000 0.150000 0.150000 0.150000 0.150000 0.150000 0.150000 0.150000 0.150000
0.150000 0.150000 0.150000 0.150000 0.150000 0.150000 0.150000 0.150000 0.150000 0.750000 0.750000 0.750000 0.750000 0.750000 0.750000 0.750000 0.750000 0.750000 0.750000 0.750000 0.750000 0.750000 0.750000 0.150000 0.150000 0.150000 0.150000 0.150000 0.150000 0.150000 0.150000 0.150000
0.150000 0.150000 0.150000 0.150000 0.150000 0.150000 0.150000 0.150000 0.750000 0.750000 0.750000 0.750000 0.750000 0.750000 0.750000 0.750000 0.750000 0.750000 0.750000 0.750000 0.750000 0.750000 0.750000 0.750000 0.150000 0.150000 0.150000 0.150000 0.150000 0.150000 0.150000 0.150000
0.150000 0.150000 0.150000 0.150000 0.150000 0.150000 0.150000 0.750000 0.750000 0.450000 0.450000 0.450000 0.450000 0.450000 0.750000 0.750000 0.750000 0.750000 0.750000 0.750000 0.750000 0.750000 0.750000 0.750000 0.750000 0.150000 0.150000 0.150000 0.150000 0.150000 0.150000 0.150000
0.150000 0.150000 0.150000 0.150000 0.150000 0.150000 0.150000 0.750000 0.750000 0.450000 0.450000 0.450000 0.450000 0.450000 0.750000 0.750000 0.750000 0.750000 0.750000 0.750000 0.750000 0.750000 0.750000 0.750000 0.750000 0.150000 0.150000 0.150000 0.150000 0.150000 0.150000 0.150000
0.150000 0.150000 0.150000 0.150000 0.150000 0.150000 0.750000 0.750000 0.750000 0.450000 0.450000 0.450000 0.450000 0.450000 0.750000 0.750000 0.750000 0.750000 0.750000 0.750000 0.750000 0.750000 0.750000 0.750000 0.750000 0.750000 0.150000 0.150000 0.150000 0.150000 0.150000 0.150000
0.150000 0.150000 0.150000 0.150000 0.150000 0.150000 0.750000 0.750000 0.750000 0.450000 0.450000 0.450000 0.450000 0.450000 0.750000 0.750000 0.750000 0.750000 0.750000 0.750000 0.750000 0.750000 0.750000 0.750000 0.750000 0.750000 0.150000 0.150000 0.150000 0.150000 0.150000 0.150000
0.150000 0.150000 0.150000 0.150000 0.150000 0.750000 0.750000 0.750000 0.750000 0.450000 0.450000 0.450000 0.450000 0.450000 0.750000 0.750000 0.750000 0.750000 0.750000 0.750000 0.750000 0.750000 0.750000 0.750000 0.750000 0.750000 0.750000 0.150000 0.150000 0.150000 0.150000 0.150000
0.150000 0.150000 0.150000 0.150000 0.150000 0.750000 0.750000 0.750000 0.750000 0.750000 0.750000 0.750000 0.750000 0.750000 0.750000 0.750000 0.750000 0.750000 0.750000 0.750000 0.750000 0.750000 0.750000 0.750000 0.750000 0.750000 0.750000 0.150000 0.150000 0.150000 0.150000 0.150000
0.150000 0.150000 0.150000 0.150000 0.150000 0.750000 0.750000 0.750000 0.750000 0.750000 0.750000 0.750000 0.750000 0.750000 0.750000 0.750000 0.750000 0.750000 0.750000 0.750000 0.750000 0.750000 0.750000 0.750000 0.750000 0.750000 0.750000 0.150000 0.150000 0.150000 0.150000 0.150000
0.150000 0.150000 0.150000 0.150000 0.150000 0.750000 0.750000 0.750000 0.750000 0.750000 0.750000 0.750000 0.750000 0.750000 0.750000 0.750000 0.750000 0.750000 0.750000 0.750000 0.750000 0.750000 0.750000 0.750000 0.750000 0.750000 0.750000 0.150000 0.150000 0.150000 0.150000 0.150000
0.150000 0.150000 0.150000 0.150000 0.150000 0.750000 0.750000 0.750000 0.750000 0.750000 0.750000 0.750000 0.750000 0.750000 0.750000 0.750000 0.750000 0.750000 0.750000 0.750000 0.750000 0.750000 0.750000 0.750000 0.750000 0.750000 0.750000 0.150000 0.150000 0.150000 0.150000 0.150000
0.150000 0.150000 0.150000 0.150000 0.150000 0.750000 0.750000 0.750000 0.750000 0.750000 0.750000 0.750000 0.750000 0.750000 0.750000 0.750000 0.750000 0.750000 0.750000 0.750000 0.750000 0.750000 0.750000 0.750000 0.750000 0.750000 0.750000 0.150000 0.150000 0.150000 0.150000 0.150000
0.150000 0.150000 0.150000 0.150000 0.150000 0.150000 0.750000 0.750000 0.750000 0.750000 0.750000 0.750000 0.750000 0.750000 0.750000 0.750000 0.750000 0.750000 0.750000 0.750000 0.750000 0.750000 0.750000 0.750000 0.750000 0.750000 0.150000 0.150000 0.150000 0.150000 0.150000 0.150000
0.150000 0.150000 0.150000 0.150000 0.150000 0.150000 0.750000 0.750000 0.750000 0.750000 0.750000 0.750000 0.750000 0.750000 0.750000 0.750000 0.750000 0.750000 0.750000 0.750000 0.750000 0.750000 0.750000 0.750000 0.750000 0.750000 0.150000 0.150000 0.150000 0.150000 0.150000 0.150000
0.150000 0.150000 0.150000 0.150000 0.150000 0.150000 0.150000 0.750000 0.750000 0.750000 0.750000 0.750000 0.750000 0.750000 0.750000 0.750000 0.750000 0.750000 0.750000 0.750000 0.750000 0.750000 0.750000 0.750000 0.750000 0.150000 0.150000 0.150000 0.150000 0.150000 0.150000 0.150000
0.150000 0.150000 0.150000 0.150000 0.150000 0.150000 0.150000 0.750000 0.750000 0.750000 0.750000 0.750000 0.750000 0.750000 0.750000 0.750000 0.750000 0.750000 0.750000 0.750000 0.750000 0.750000 0.750000 0.750000 0.750000 0.150000 0.150000 0.150000 0.150000 0.150000 0.150000 0.150000
0.150000 0.150000 0.150000 0.150000 0.150000 0.150000 0.150000 0.150000 0.750000 0.750000 0.750000 0.750000 0.750000 0.750000 0.750000 0.750000 0.750000 0.750000 0.750000 0.750000 0.750000 0.750000 0.750000 0.750000 0.150000 0.150000 0.150000 0.150000 0.150000 0.150000 0.150000 0.150000
0.150000 0.150000 0.150000 0.150000 0.150000 0.150000 0.150000 0.150000 0.150000 0.750000 0.750000 0.750000 0.750000 0.750000 0.750000 0.750000 0.750000 0.750000 0.750000 0.750000 0.750000 0.750000 0.750000 0.150000 0.150000 0.150000 0.150000 0.150000 0.150000 0.150000 0.150000 0.150000
0.150000 0.150000 0.150000 0.150000 0.150000 0.150000 0.150000 0.150000 0.150000 0.150000 0.150000 0.750000 0.750000 0.750000 0.750000 0.750000 0.750000 0.750000 0.750000 0.750000 0.750000 0.150000 0.150000 0.150000 0.150000 0.150000 0.150000 0.150000 0.150000 0.150000 0.150000 0.150000
0.150000 0.150000 0.150000 0.150000 0.150000 0.150000 0.150000 0.150000 0.150000 0.150000 0.150000 0.150000 0.150000 0.750000 0.750000 0.750000 0.750000 0.750000 0.750000 0.150000 0.150000 0.150000 0.150000 0.150000 0.150000 0.150000 0.150000 0.150000 0.150000 0.150000 0.150000 0.150000
0.150000 0.150000 0.150000 0.150000 0.150000 0.150000 0.150000 0.150000 0.150000 0.150000 0.150000 0.150000 0.150000 0.150000 0.150000 0.150000 0.150000 0.150000 0.150000 0.150000 0.150000 0.150000 0.150000 0.150000 0.150000 0.150000 0.150000 0.150000 0.150000 0.150000 0.150000 0.150000
0.150000 0.150000 0.150000 0.150000 0.150000 0.150000 0.150000 0.150000 0.150000 0.150000 0.150000 0.150000 0.150000 0.150000 0.150000 0.150000 0.150000 0.150000 0.150000 0.150000 0.150000 0.150000 0.150000 0.150000 0.150000 0.150000 0.150000 0.150000 0.150000 0.150000 0.150000 0.150000
0.150000 0.150000 0.150000 0.150000 0.150000 0.150000 0.150000 0.150000 0.150000 0.150000 0.150000 0.150000 0.150000 0.150000 0.150000 0.150000 0.150000 0.150000 0.150000 0.150000 0.150000 0.150000 0.150000 0.150000 0.150000 0.150000 0.150000 0.150000 0.150000 0.150000 0.150000 0.150000
0.150000 0.150000 0.150000 0.150000 0.150000 0.150000 0.150000 0.150000 0.150000 0.150000 0.150000 0.150000 0.150000 0.150000 0.150000 0.150000 0.150000 0.150000 0.150000 0.150000 0.150000 0.150000 0.150000 0.150000 0.150000 0.150000 0.150000 0.150000 0.150000 0.150000 0.150000 0.150000
0.150000 0.150000 0.150000 0.150000 0.150000 0.150000 0.150000 0.150000 0.150000 0.150000 0.150000 0.150000 0.150000 0.150000 0.150000 0.150000 0.150000 0.150000 0.150000 0.150000 0.150000 0.150000 0.150000 0.150000 0.150000 0.150000 0.150000 0.150000 0.150000 0.150000 0.150000 0.150000
