4 5
32
0.8000 0.0485 0.0465 0.0576 0.0506
0.0479 0.8000 0.0600 0.0451 0.0509
0.0376 0.8000 0.0595 0.0442 0.0420
0.0585 0.8000 0.0599 0.0453 0.0492
0.8000 0.0590 0.0379 0.0483 0.0613
0.0395 0.0612 0.8000 0.0429 0.0383
0.0427 0.0479 0.8000 0.0499 0.0537
0.0622 0.0393 0.8000 0.0398 0.0618
0.8000 0.0493 0.0381 0.0589 0.0557
0.0471 0.0514 0.0582 0.8000 0.0590
0.0537 0.0442 0.0572 0.8000 0.0595
0.0438 0.0430 0.0442 0.8000 0.0451
0.8000 0.0416 0.0564 0.0583 0.0458
0.0563 0.0553 0.0612 0.0602 0.8000
0.0408 0.0427 0.0457 0.0504 0.8000
0.0482 0.0397 0.0505 0.0554 0.8000
0.8000 0.0390 0.0465 0.0484 0.0392
0.0455 0.8000 0.0476 0.0471 0.0470
0.0598 0.8000 0.0529 0.0419 0.0569
0.0493 0.8000 0.0579 0.0546 0.0535
0.8000 0.0399 0.0391 0.0518 0.0377
0.0491 0.0419 0.8000 0.0498 0.0459
0.0490 0.0397 0.8000 0.0375 0.0540
0.0528 0.0459 0.8000 0.0469 0.0545
0.8000 0.0565 0.0576 0.0615 0.0454
0.0524 0.0376 0.0467 0.8000 0.0552
0.0610 0.0550 0.0594 0.8000 0.0566
0.0595 0.0524 0.0412 0.8000 0.0468
0.8000 0.0418 0.0564 0.0590 0.0517
0.0464 0.0589 0.0589 0.0488 0.8000
0.0391 0.0499 0.0554 0.0480 0.8000
0.0477 0.0490 0.0552 0.0573 0.8000
32
0.8000 0.0559 0.0436 0.0542 0.0500
0.0377 0.8000 0.0382 0.0575 0.0477
0.0560 0.8000 0.0617 0.0406 0.0595
0.0493 0.8000 0.0471 0.0502 0.0613
0.8000 0.0475 0.0429 0.0405 0.0595
0.0477 0.8000 0.0594 0.0442 0.0436
0.0513 0.8000 0.0502 0.0563 0.0488
0.0519 0.8000 0.0573 0.0449 0.0550
0.8000 0.0477 0.0577 0.0504 0.0423
0.0435 0.0586 0.8000 0.0512 0.0423
0.0457 0.0425 0.8000 0.0402 0.0500
0.0498 0.0591 0.8000 0.0438 0.0541
0.8000 0.0401 0.0476 0.0501 0.0516
0.0585 0.0564 0.8000 0.0515 0.0469
0.0550 0.0488 0.8000 0.0459 0.0553
0.0395 0.0594 0.8000 0.0594 0.0487
0.8000 0.0400 0.0412 0.0525 0.0520
0.0625 0.0381 0.0585 0.8000 0.0396
0.0462 0.0578 0.0604 0.8000 0.0611
0.0553 0.0468 0.0559 0.8000 0.0574
0.8000 0.0607 0.0400 0.0403 0.0597
0.0463 0.0512 0.0386 0.8000 0.0386
0.0426 0.0428 0.0608 0.8000 0.0558
0.0566 0.0552 0.0441 0.8000 0.0431
0.8000 0.0441 0.0422 0.0382 0.0462
0.0531 0.0486 0.0429 0.0430 0.8000
0.0488 0.0568 0.0461 0.0414 0.8000
0.0539 0.0513 0.0506 0.0387 0.8000
0.8000 0.0396 0.0415 0.0459 0.0612
0.0450 0.0382 0.0572 0.0459 0.8000
0.0574 0.0476 0.0401 0.0512 0.8000
0.0520 0.0604 0.0423 0.0528 0.8000
28
0.8000 0.0477 0.0445 0.0569 0.0598
0.0376 0.0389 0.0474 0.8000 0.0480
0.0589 0.0422 0.0471 0.8000 0.0434
0.0540 0.0439 0.0578 0.8000 0.0563
0.8000 0.0420 0.0415 0.0536 0.0405
0.0604 0.8000 0.0517 0.0557 0.0434
0.0478 0.8000 0.0516 0.0538 0.0420
0.0397 0.8000 0.0410 0.0592 0.0516
0.8000 0.0518 0.0474 0.0584 0.0562
0.0404 0.0483 0.0394 0.0382 0.8000
0.0473 0.0538 0.0487 0.0391 0.8000
0.0511 0.0414 0.0460 0.0575 0.8000
0.8000 0.0462 0.0418 0.0474 0.0404
0.0550 0.0559 0.0393 0.0546 0.8000
0.0462 0.0410 0.0425 0.0410 0.8000
0.0392 0.0447 0.0443 0.0396 0.8000
0.8000 0.0624 0.0385 0.0519 0.0487
0.0560 0.8000 0.0545 0.0389 0.0393
0.0530 0.8000 0.0377 0.0565 0.0517
0.0599 0.8000 0.0520 0.0400 0.0489
0.8000 0.0518 0.0452 0.0480 0.0566
0.0572 0.0432 0.8000 0.0418 0.0535
0.0405 0.0470 0.8000 0.0475 0.0409
0.0469 0.0444 0.8000 0.0402 0.0581
0.8000 0.0601 0.0506 0.0553 0.0563
0.0542 0.8000 0.0452 0.0407 0.0548
0.0548 0.8000 0.0535 0.0439 0.0475
0.0452 0.8000 0.0482 0.0411 0.0418
32
0.8000 0.0385 0.0507 0.0482 0.0443
0.0565 0.0557 0.0465 0.0467 0.8000
0.0490 0.0386 0.0430 0.0568 0.8000
0.0463 0.0530 0.0446 0.0506 0.8000
0.8000 0.0596 0.0555 0.0544 0.0403
0.0501 0.0622 0.0424 0.0543 0.8000
0.0531 0.0491 0.0473 0.0518 0.8000
0.0564 0.0383 0.0379 0.0387 0.8000
0.8000 0.0509 0.0487 0.0384 0.0504
0.0497 0.0560 0.0478 0.0593 0.8000
0.0430 0.0446 0.0530 0.0581 0.8000
0.0506 0.0546 0.0520 0.0607 0.8000
0.8000 0.0424 0.0381 0.0508 0.0439
0.0505 0.0615 0.0474 0.0564 0.8000
0.0581 0.0504 0.0618 0.0410 0.8000
0.0584 0.0612 0.0621 0.0500 0.8000
0.8000 0.0548 0.0536 0.0464 0.0383
0.0440 0.0553 0.0407 0.8000 0.0445
0.0402 0.0481 0.0455 0.8000 0.0594
0.0487 0.0532 0.0503 0.8000 0.0420
0.8000 0.0500 0.0610 0.0414 0.0442
0.0521 0.0528 0.0433 0.8000 0.0578
0.0433 0.0515 0.0515 0.8000 0.0559
0.0503 0.0398 0.0564 0.8000 0.0495
0.8000 0.0474 0.0387 0.0550 0.0550
0.0471 0.0583 0.0441 0.8000 0.0459
0.0597 0.0443 0.0464 0.8000 0.0463
0.0508 0.0487 0.0382 0.8000 0.0402
0.8000 0.0509 0.0486 0.0609 0.0595
0.0599 0.0566 0.0466 0.8000 0.0442
0.0456 0.0542 0.0606 0.8000 0.0540
0.0542 0.0490 0.0490 0.8000 0.0544
