32 64 64 21 8 6 4 1
-0.002189525 -0.0005565788
-0.004000738 0.0002310707
-0.005514465 0.002086379
-0.00485755 0.005103682
0.001057999 0.008570673
0.01585351 0.01045483
0.04166221 0.007289878
0.07566492 -0.004964266
0.1061119 -0.02862039
0.1102235 -0.06061748
0.05752393 -0.08865359
-0.07825054 -0.08938099
-0.2987777 -0.0315382
-0.558734 0.1138976
-0.7551286 0.3570778
-0.7460291 0.6707218
-0.4108801 0.9780437
0.2535955 1.157022
1.035775 1.067874
1.468961 0.6025958
0.9119404 -0.2558155
-1.21942 -1.387179
-5.110059 -2.527539
-10.2184 -3.32121
-15.14297 -3.430283
-17.83786 -2.672359
-16.21145 -1.133055
-8.957763 0.8056637
3.694505 2.556692
19.67739 3.524428
35.45676 3.337566
47.04321 2.017778
51.30103 0
47.04321 -2.017778
35.45676 -3.337566
19.67739 -3.524428
3.694505 -2.556692
-8.957763 -0.8056637
-16.21145 1.133055
-17.83786 2.672359
-15.14297 3.430283
-10.2184 3.32121
-5.110059 2.527539
-1.21942 1.387179
0.9119404 0.2558155
1.468961 -0.6025958
1.035775 -1.067874
0.2535955 -1.157022
-0.4108801 -0.9780437
-0.7460291 -0.6707218
-0.7551286 -0.3570778
-0.558734 -0.1138976
-0.2987777 0.0315382
-0.07825054 0.08938099
0.05752393 0.08865359
0.1102235 0.06061748
0.1061119 0.02862039
0.07566492 0.004964266
0.04166221 -0.007289878
0.01585351 -0.01045483
0.001057999 -0.008570673
-0.00485755 -0.005103682
-0.005514465 -0.002086379
-0.004000738 -0.0002310707
0.001678557 0.001493708
0.001198353 0.002875294
-0.001437706 0.00387163
-0.007466452 0.002995962
-0.01695499 -0.001628942
-0.02698253 -0.01105726
-0.03001607 -0.0235104
-0.01430962 -0.03247384
0.03129973 -0.02674822
0.1068228 0.005445373
0.1868467 0.06757831
0.2101257 0.143698
0.08539523 0.1915916
-0.275062 0.1485152
-0.8936676 -0.04574698
-1.658392 -0.4133076
-2.289263 -0.9066112
-2.389741 -1.403224
-1.605352 -1.741609
0.1497605 -1.790804
2.50934 -1.521685
4.659205 -1.036482
5.62319 -0.5293438
4.783522 -0.1902945
2.4138 -0.1047373
-0.0972098 -0.2113178
-0.5802761 -0.349022
3.028929 -0.3663185
11.59245 -0.220497
24.01043 0.001088922
37.27838 0.1525866
47.47432 0.1417647
51.30103 0
47.47432 -0.1417647
37.27838 -0.1525866
24.01043 -0.001088922
11.59245 0.220497
3.028929 0.3663185
-0.5802761 0.349022
-0.0972098 0.2113178
2.4138 0.1047373
4.783522 0.1902945
5.62319 0.5293438
4.659205 1.036482
2.50934 1.521685
0.1497605 1.790804
-1.605352 1.741609
-2.389741 1.403224
-2.289263 0.9066112
-1.658392 0.4133076
-0.8936676 0.04574698
-0.275062 -0.1485152
0.08539523 -0.1915916
0.2101257 -0.143698
0.1868467 -0.06757831
0.1068228 -0.005445373
0.03129973 0.02674822
-0.01430962 0.03247384
-0.03001607 0.0235104
-0.02698253 0.01105726
-0.01695499 0.001628942
-0.007466452 -0.002995962
-0.001437706 -0.00387163
0.001198353 -0.002875294
-0.002117137 7.752353e-05
-0.003520237 -0.000132127
-0.005733249 -0.0006535377
-0.009165109 -0.001740416
-0.0143974 -0.003745055
-0.02220681 -0.007065485
-0.0335023 -0.0119926
-0.04905393 -0.01843848
-0.06883158 -0.02562194
-0.090758 -0.03198273
-0.1087833 -0.03586704
-0.1104745 -0.03772039
-0.07480636 -0.04430643
0.02851302 -0.07439797
0.2361849 -0.1632354
0.582463 -0.3604016
1.081979 -0.714565
1.70362 -1.241835
2.339591 -1.884481
2.782837 -2.4815
2.737709 -2.783037
1.895264 -2.533268
0.09232294 -1.612141
-2.469416 -0.1744367
-5.034881 1.311901
-6.283248 2.206041
-4.622689 1.998072
1.199525 0.6359738
11.36509 -1.333914
24.49285 -2.957977
37.74341 -3.350813
47.63462 -2.202425
51.30103 0
47.63462 2.202425
37.74341 3.350813
24.49285 2.957977
11.36509 1.333914
1.199525 -0.6359738
-4.622689 -1.998072
-6.283248 -2.206041
-5.034881 -1.311901
-2.469416 0.1744367
0.09232294 1.612141
1.895264 2.533268
2.737709 2.783037
2.782837 2.4815
2.339591 1.884481
1.70362 1.241835
1.081979 0.714565
0.582463 0.3604016
0.2361849 0.1632354
0.02851302 0.07439797
-0.07480636 0.04430643
-0.1104745 0.03772039
-0.1087833 0.03586704
-0.090758 0.03198273
-0.06883158 0.02562194
-0.04905393 0.01843848
-0.0335023 0.0119926
-0.02220681 0.007065485
-0.0143974 0.003745055
-0.009165109 0.001740416
-0.005733249 0.0006535377
-0.003520237 0.000132127
0.0002966388 0.001480379
0.002655354 0.001513096
0.006351793 4.876423e-05
0.009529674 -0.003630086
0.007745033 -0.008939879
-0.005347486 -0.01280571
-0.03433455 -0.009497925
-0.0752134 0.007092783
-0.108332 0.03820731
-0.09800359 0.07379969
-0.007225089 0.08958283
0.1693653 0.05310662
0.3652584 -0.05908924
0.4234223 -0.2393884
0.1360488 -0.4368325
-0.6389256 -0.5708131
-1.816295 -0.5750876
-2.970426 -0.4541823
-3.390792 -0.3150517
-2.37164 -0.3386374
0.3412991 -0.6866456
4.187243 -1.385043
7.811497 -2.256219
9.631635 -2.958078
8.782685 -3.129733
5.938599 -2.574156
3.412818 -1.376465
4.24297 0.1114198
10.56404 1.412538
22.11958 2.116808
35.85334 2.030003
47.00971 1.225274
51.30103 0
47.00971 -1.225274
35.85334 -2.030003
22.11958 -2.116808
10.56404 -1.412538
4.24297 -0.1114198
3.412818 1.376465
5.938599 2.574156
8.782685 3.129733
9.631635 2.958078
7.811497 2.256219
4.187243 1.385043
0.3412991 0.6866456
-2.37164 0.3386374
-3.390792 0.3150517
-2.970426 0.4541823
-1.816295 0.5750876
-0.6389256 0.5708131
0.1360488 0.4368325
0.4234223 0.2393884
0.3652584 0.05908924
0.1693653 -0.05310662
-0.007225089 -0.08958283
-0.09800359 -0.07379969
-0.108332 -0.03820731
-0.0752134 -0.007092783
-0.03433455 0.009497925
-0.005347486 0.01280571
0.007745033 0.008939879
0.009529674 0.003630086
0.006351793 -4.876423e-05
0.002655354 -0.001513096
0.001489375 0.001505511
0.001506042 0.002695415
0.0004756635 0.004059337
-0.002692303 0.004984416
-0.009432669 0.004262895
-0.02113169 5.746933e-05
-0.03821989 -0.009775574
-0.05863561 -0.02677065
-0.07578734 -0.05020773
-0.07658976 -0.07488812
-0.04074633 -0.0889738
0.05699329 -0.07313902
0.2397083 -0.002757532
0.5150741 0.1451976
0.8565874 0.3798791
1.182788 0.6805281
1.341674 0.981642
1.110779 1.167733
0.2246626 1.087532
-1.561055 0.5943859
-4.368409 -0.3899085
-8.073014 -1.805521
-12.1918 -3.41148
-15.83586 -4.805489
-17.78734 -5.527429
-16.73835 -5.230273
-11.6757 -3.856938
-2.318918 -1.734159
10.54756 0.4895447
25.02046 2.06955
38.40418 2.473974
47.87741 1.633574
51.30103 0
47.87741 -1.633574
38.40418 -2.473974
25.02046 -2.06955
10.54756 -0.4895447
-2.318918 1.734159
-11.6757 3.856938
-16.73835 5.230273
-17.78734 5.527429
-15.83586 4.805489
-12.1918 3.41148
-8.073014 1.805521
-4.368409 0.3899085
-1.561055 -0.5943859
0.2246626 -1.087532
1.110779 -1.167733
1.341674 -0.981642
1.182788 -0.6805281
0.8565874 -0.3798791
0.5150741 -0.1451976
0.2397083 0.002757532
0.05699329 0.07313902
-0.04074633 0.0889738
-0.07658976 0.07488812
-0.07578734 0.05020773
-0.05863561 0.02677065
-0.03821989 0.009775574
-0.02113169 -5.746933e-05
-0.009432669 -0.004262895
-0.002692303 -0.004984416
0.0004756635 -0.004059337
0.001506042 -0.002695415
0.001534412 0.0008997153
0.001363294 0.002036122
-0.0001740289 0.003769342
-0.004398694 0.006004953
-0.0129854 0.00829604
-0.02742693 0.009696683
-0.04786392 0.008721801
-0.07115689 0.003508693
-0.08837246 -0.007787967
-0.08237441 -0.02648825
-0.02688228 -0.05308671
0.1110475 -0.08758707
0.3630294 -0.1306869
0.744513 -0.1853064
1.233674 -0.2568191
1.747557 -0.3494489
2.122445 -0.4568652
2.108565 -0.5482723
1.39106 -0.5571414
-0.351381 -0.3853926
-3.343812 0.06424945
-7.574059 0.8262642
-12.64116 1.801528
-17.64992 2.721314
-21.23142 3.194041
-21.76459 2.852487
-17.81836 1.55824
-8.729095 -0.4398868
4.888555 -2.508813
20.95578 -3.846305
36.25861 -3.838558
47.28326 -2.384722
51.30103 0
47.28326 2.384722
36.25861 3.838558
20.95578 3.846305
4.888555 2.508813
-8.729095 0.4398868
-17.81836 -1.55824
-21.76459 -2.852487
-21.23142 -3.194041
-17.64992 -2.721314
-12.64116 -1.801528
-7.574059 -0.8262642
-3.343812 -0.06424945
-0.351381 0.3853926
1.39106 0.5571414
2.108565 0.5482723
2.122445 0.4568652
1.747557 0.3494489
1.233674 0.2568191
0.744513 0.1853064
0.3630294 0.1306869
0.1110475 0.08758707
-0.02688228 0.05308671
-0.08237441 0.02648825
-0.08837246 0.007787967
-0.07115689 -0.003508693
-0.04786392 -0.008721801
-0.02742693 -0.009696683
-0.0129854 -0.00829604
-0.004398694 -0.006004953
-0.0001740289 -0.003769342
0.001363294 -0.002036122
0.0003241447 0.001447727
0.002673537 0.001213757
0.006458802 -0.0007570891
0.01006979 -0.005111799
0.009492802 -0.01095632
-0.001045635 -0.01467504
-0.02552283 -0.01005304
-0.05928584 0.00883665
-0.08154647 0.04171404
-0.05378504 0.07563852
0.0674439 0.08353323
0.2993589 0.03359153
0.5929472 -0.0895192
0.8116784 -0.2607166
0.7660313 -0.4061464
0.3248484 -0.4280564
-0.4242711 -0.2639142
-1.056735 0.04665081
-0.8582638 0.3336959
0.8882426 0.3461669
4.444253 -0.1252751
9.224817 -1.110916
13.78998 -2.397489
16.40166 -3.594343
15.99861 -4.309495
13.08433 -4.337886
9.902975 -3.748146
9.568193 -2.817976
14.42297 -1.868775
24.48632 -1.111964
36.96467 -0.5959398
47.29593 -0.2565989
51.30103 0
47.29593 0.2565989
36.96467 0.5959398
24.48632 1.111964
14.42297 1.868775
9.568193 2.817976
9.902975 3.748146
13.08433 4.337886
15.99861 4.309495
16.40166 3.594343
13.78998 2.397489
9.224817 1.110916
4.444253 0.1252751
0.8882426 -0.3461669
-0.8582638 -0.3336959
-1.056735 -0.04665081
-0.4242711 0.2639142
0.3248484 0.4280564
0.7660313 0.4061464
0.8116784 0.2607166
0.5929472 0.0895192
0.2993589 -0.03359153
0.0674439 -0.08353323
-0.05378504 -0.07563852
-0.08154647 -0.04171404
-0.05928584 -0.00883665
-0.02552283 0.01005304
-0.001045635 0.01467504
0.009492802 0.01095632
0.01006979 0.005111799
0.006458802 0.0007570891
0.002673537 -0.001213757
-0.00218265 -0.0007746448
-0.003711218 -0.001529403
-0.006172028 -0.002895541
-0.01001576 -0.005296851
-0.01580453 -0.009400057
-0.02413788 -0.0162029
-0.03546717 -0.02709335
-0.04975197 -0.04379408
-0.06594597 -0.06803825
-0.08137896 -0.1007566
-0.0912173 -0.1405528
-0.08828998 -0.1814221
-0.06358979 -0.2101892
-0.007668847 -0.2051124
0.08694018 -0.1383513
0.22197 0.01422633
0.3874455 0.2536085
0.5521921 0.5311095
0.6510029 0.7260131
0.5741569 0.6479004
0.1745342 0.08589308
-0.68453 -1.088258
-2.023172 -2.791234
-3.593849 -4.642246
-4.75085 -6.005214
-4.452102 -6.204381
-1.49689 -4.860734
4.992413 -2.187533
14.99735 0.9555454
27.2276 3.358572
39.22699 4.017741
48.05139 2.671919
51.30103 0
48.05139 -2.671919
39.22699 -4.017741
27.2276 -3.358572
14.99735 -0.9555454
4.992413 2.187533
-1.49689 4.860734
-4.452102 6.204381
-4.75085 6.005214
-3.593849 4.642246
-2.023172 2.791234
-0.68453 1.088258
0.1745342 -0.08589308
0.5741569 -0.6479004
0.6510029 -0.7260131
0.5521921 -0.5311095
0.3874455 -0.2536085
0.22197 -0.01422633
0.08694018 0.1383513
-0.007668847 0.2051124
-0.06358979 0.2101892
-0.08828998 0.1814221
-0.0912173 0.1405528
-0.08137896 0.1007566
-0.06594597 0.06803825
-0.04975197 0.04379408
-0.03546717 0.02709335
-0.02413788 0.0162029
-0.01580453 0.009400057
-0.01001576 0.005296851
-0.006172028 0.002895541
-0.003711218 0.001529403
0.001754745 0.001088877
0.00120554 0.002470359
-0.001594579 0.003877738
-0.007734844 0.004105668
-0.01676743 0.001288855
-0.02470537 -0.00637098
-0.02241691 -0.01911024
0.003549641 -0.03382098
0.06529475 -0.04325075
0.1620029 -0.03790249
0.2652766 -0.01170577
0.3096616 0.02965679
0.2006362 0.06205424
-0.150093 0.04440347
-0.7647585 -0.0662711
-1.538912 -0.2870072
-2.222721 -0.5787276
-2.486992 -0.8320787
-2.084312 -0.8871598
-1.053881 -0.592254
0.1442741 0.1151078
0.6973965 1.14128
-0.2238173 2.224809
-2.940374 3.002473
-6.790827 3.139664
-10.01839 2.475584
-10.22929 1.117932
-5.364317 -0.5625783
5.190447 -2.045963
19.90683 -2.845328
35.28289 -2.687224
46.94852 -1.618882
51.30103 0
46.94852 1.618882
35.28289 2.687224
19.90683 2.845328
5.190447 2.045963
-5.364317 0.5625783
-10.22929 -1.117932
-10.01839 -2.475584
-6.790827 -3.139664
-2.940374 -3.002473
-0.2238173 -2.224809
0.6973965 -1.14128
0.1442741 -0.1151078
-1.053881 0.592254
-2.084312 0.8871598
-2.486992 0.8320787
-2.222721 0.5787276
-1.538912 0.2870072
-0.7647585 0.0662711
-0.150093 -0.04440347
0.2006362 -0.06205424
0.3096616 -0.02965679
0.2652766 0.01170577
0.1620029 0.03790249
0.06529475 0.04325075
0.003549641 0.03382098
-0.02241691 0.01911024
-0.02470537 0.00637098
-0.01676743 -0.001288855
-0.007734844 -0.004105668
-0.001594579 -0.003877738
0.00120554 -0.002470359
-0.0020025 -9.103021e-05
-0.003739057 0.00122543
-0.005378088 0.003697531
-0.005364911 0.007055167
-0.001055497 0.009911289
0.01071099 0.0093837
0.03175453 0.00145933
0.05915519 -0.01728939
0.0809751 -0.04641464
0.07325917 -0.07745945
0.001972478 -0.09098254
-0.16618 -0.05761062
-0.44253 0.05456088
-0.7892289 0.2665112
-1.098636 0.5732293
-1.198188 0.9350707
-0.8977496 1.283551
-0.08132566 1.543941
1.182501 1.666952
2.566325 1.652581
3.513069 1.548129
3.412221 1.413895
1.90287 1.270874
-0.8013394 1.063047
-3.731801 0.6681127
-5.28593 -0.03238106
-3.702841 -1.051037
2.222739 -2.219517
12.46307 -3.199075
25.44457 -3.595884
38.32048 -3.13918
47.80815 -1.833843
51.30103 0
47.80815 1.833843
38.32048 3.13918
25.44457 3.595884
12.46307 3.199075
2.222739 2.219517
-3.702841 1.051037
-5.28593 0.03238106
-3.731801 -0.6681127
-0.8013394 -1.063047
1.90287 -1.270874
3.412221 -1.413895
3.513069 -1.548129
2.566325 -1.652581
1.182501 -1.666952
-0.08132566 -1.543941
-0.8977496 -1.283551
-1.198188 -0.9350707
-1.098636 -0.5732293
-0.7892289 -0.2665112
-0.44253 -0.05456088
-0.16618 0.05761062
0.001972478 0.09098254
0.07325917 0.07745945
0.0809751 0.04641464
0.05915519 0.01728939
0.03175453 -0.00145933
0.01071099 -0.0093837
-0.001055497 -0.009911289
-0.005364911 -0.007055167
-0.005378088 -0.003697531
-0.003739057 -0.00122543
0.00220099 0.0006695595
0.003786905 0.0006472526
0.006115538 0.0002468718
0.009240891 -0.0009564929
0.0129611 -0.003680205
0.01659976 -0.009048543
0.01873805 -0.01868012
0.01694249 -0.03465214
0.007551387 -0.05916261
-0.01442632 -0.09362063
-0.05529222 -0.1368613
-0.1225754 -0.1823403
-0.2249788 -0.2147103
-0.3724442 -0.2072634
-0.5764743 -0.1232151
-0.8511697 0.07510105
-1.21611 0.4059586
-1.702638 0.83855
-2.363592 1.264858
-3.28098 1.494525
-4.556608 1.297426
-6.263013 0.5043983
-8.338188 -0.8588283
-10.43889 -2.472834
-11.82038 -3.749228
-11.35603 -4.030767
-7.799853 -2.921191
-0.2954109 -0.5866141
11.03156 2.174138
24.69738 4.205966
37.99476 4.53846
47.72576 2.916277
51.30103 0
47.72576 -2.916277
37.99476 -4.53846
24.69738 -4.205966
11.03156 -2.174138
-0.2954109 0.5866141
-7.799853 2.921191
-11.35603 4.030767
-11.82038 3.749228
-10.43889 2.472834
-8.338188 0.8588283
-6.263013 -0.5043983
-4.556608 -1.297426
-3.28098 -1.494525
-2.363592 -1.264858
-1.702638 -0.83855
-1.21611 -0.4059586
-0.8511697 -0.07510105
-0.5764743 0.1232151
-0.3724442 0.2072634
-0.2249788 0.2147103
-0.1225754 0.1823403
-0.05529222 0.1368613
-0.01442632 0.09362063
0.007551387 0.05916261
0.01694249 0.03465214
0.01873805 0.01868012
0.01659976 0.009048543
0.0129611 0.003680205
0.009240891 0.0009564929
0.006115538 -0.0002468718
0.003786905 -0.0006472526
-0.0008751565 -0.001579063
0.0008974576 -0.002289046
0.004881422 -0.001692754
0.01029674 0.001565866
0.01334362 0.007951678
0.006606693 0.01533612
-0.01849932 0.01788432
-0.0646875 0.007456312
-0.1185812 -0.02100155
-0.1439398 -0.06109239
-0.08931045 -0.0885836
0.08107019 -0.06457303
0.3378672 0.04675588
0.546291 0.2501579
0.4805232 0.4978406
-0.06995444 0.6967385
-1.115237 0.7559233
-2.292555 0.6582342
-2.853832 0.5119676
-1.92793 0.5335789
0.9777279 0.945536
5.480297 1.83203
10.19729 3.039833
13.25526 4.202122
13.33215 4.893527
10.70252 4.837084
7.563286 4.042053
7.196319 2.791528
12.20768 1.494561
22.7718 0.4986216
36.0009 -0.03342041
47.01815 -0.139597
51.30103 0
47.01815 0.139597
36.0009 0.03342041
22.7718 -0.4986216
12.20768 -1.494561
7.196319 -2.791528
7.563286 -4.042053
10.70252 -4.837084
13.33215 -4.893527
13.25526 -4.202122
10.19729 -3.039833
5.480297 -1.83203
0.9777279 -0.945536
-1.92793 -0.5335789
-2.853832 -0.5119676
-2.292555 -0.6582342
-1.115237 -0.7559233
-0.06995444 -0.6967385
0.4805232 -0.4978406
0.546291 -0.2501579
0.3378672 -0.04675588
0.08107019 0.06457303
-0.08931045 0.0885836
-0.1439398 0.06109239
-0.1185812 0.02100155
-0.0646875 -0.007456312
-0.01849932 -0.01788432
0.006606693 -0.01533612
0.01334362 -0.007951678
0.01029674 -0.001565866
0.004881422 0.001692754
0.0008974576 0.002289046
-0.001450227 0.0016066
-0.001688152 0.002867232
-0.00129076 0.004636228
0.0006314094 0.006764438
0.005579688 0.008705799
0.01581281 0.009245795
0.03432393 0.006191415
0.0644475 -0.003899891
0.1088355 -0.02582188
0.1675499 -0.06546936
0.2351625 -0.1290079
0.297086 -0.2211895
0.3258751 -0.3424856
0.2787605 -0.4846763
0.09791527 -0.6246755
-0.285465 -0.7170528
-0.9432762 -0.6873907
-1.939953 -0.4314432
-3.320218 0.1719604
-5.093444 1.225916
-7.208636 2.756073
-9.5122 4.639492
-11.68798 6.554473
-13.19924 7.997548
-13.27927 8.403837
-11.03161 7.363583
-5.677865 4.862115
3.079198 1.419106
14.70373 -1.98916
27.67367 -4.252906
39.68235 -4.589492
48.21137 -2.927182
51.30103 0
48.21137 2.927182
39.68235 4.589492
27.67367 4.252906
14.70373 1.98916
3.079198 -1.419106
-5.677865 -4.862115
-11.03161 -7.363583
-13.27927 -8.403837
-13.19924 -7.997548
-11.68798 -6.554473
-9.5122 -4.639492
-7.208636 -2.756073
-5.093444 -1.225916
-3.320218 -0.1719604
-1.939953 0.4314432
-0.9432762 0.6873907
-0.285465 0.7170528
0.09791527 0.6246755
0.2787605 0.4846763
0.3258751 0.3424856
0.297086 0.2211895
0.2351625 0.1290079
0.1675499 0.06546936
0.1088355 0.02582188
0.0644475 0.003899891
0.03432393 -0.006191415
0.01581281 -0.009245795
0.005579688 -0.008705799
0.0006314094 -0.006764438
-0.00129076 -0.004636228
-0.001688152 -0.002867232
-0.0009953143 0.001308247
2.02882e-05 0.002388081
0.002905067 0.00342378
0.008555627 0.003558542
0.01718022 0.001323407
0.02716289 -0.005179499
0.03374398 -0.01758749
0.02826333 -0.03595469
-0.0007927459 -0.05692705
-0.06355846 -0.07194977
-0.1606991 -0.06646748
-0.2727418 -0.02130756
-0.3511511 0.08276252
-0.3185831 0.257077
-0.08690954 0.4947651
0.4016179 0.7607122
1.113842 0.9859025
1.863712 1.071226
2.281084 0.9055546
1.849977 0.4002567
0.04433439 -0.4637724
-3.443399 -1.589989
-8.435854 -2.744091
-14.07167 -3.582091
-18.80099 -3.743227
-20.66926 -2.993535
-17.88459 -1.368965
-9.52606 0.7568966
3.867602 2.742756
20.11511 3.893069
35.79043 3.742244
47.15109 2.280493
51.30103 0
47.15109 -2.280493
35.79043 -3.742244
20.11511 -3.893069
3.867602 -2.742756
-9.52606 -0.7568966
-17.88459 1.368965
-20.66926 2.993535
-18.80099 3.743227
-14.07167 3.582091
-8.435854 2.744091
-3.443399 1.589989
0.04433439 0.4637724
1.849977 -0.4002567
2.281084 -0.9055546
1.863712 -1.071226
1.113842 -0.9859025
0.4016179 -0.7607122
-0.08690954 -0.4947651
-0.3185831 -0.257077
-0.3511511 -0.08276252
-0.2727418 0.02130756
-0.1606991 0.06646748
-0.06355846 0.07194977
-0.0007927459 0.05692705
0.02826333 0.03595469
0.03374398 0.01758749
0.02716289 0.005179499
0.01718022 -0.001323407
0.008555627 -0.003558542
0.002905067 -0.00342378
2.02882e-05 -0.002388081
0.002113658 4.49991e-05
0.003687024 0.001612619
0.00430914 0.004162337
0.001719129 0.006660198
-0.006729538 0.006577525
-0.02193142 0.0002807596
-0.03942424 -0.01502337
-0.04580734 -0.03780628
-0.01861276 -0.05873844
0.06598028 -0.0603844
0.2153651 -0.02347226
0.3972021 0.05960948
0.5249848 0.1692244
0.4737494 0.2519649
0.1418852 0.2353403
-0.4488568 0.06729937
-1.060416 -0.2328013
-1.227363 -0.5415203
-0.3936071 -0.6486008
1.804344 -0.3346808
5.217551 0.517763
9.027567 1.838853
11.94091 3.368779
12.77009 4.753939
11.18705 5.695889
8.232804 6.068135
6.176118 5.931803
7.602217 5.447155
14.06522 4.748609
24.99163 3.873001
37.51591 2.785579
47.49546 1.470018
51.30103 0
47.49546 -1.470018
37.51591 -2.785579
24.99163 -3.873001
14.06522 -4.748609
7.602217 -5.447155
6.176118 -5.931803
8.232804 -6.068135
11.18705 -5.695889
12.77009 -4.753939
11.94091 -3.368779
9.027567 -1.838853
5.217551 -0.517763
1.804344 0.3346808
-0.3936071 0.6486008
-1.227363 0.5415203
-1.060416 0.2328013
-0.4488568 -0.06729937
0.1418852 -0.2353403
0.4737494 -0.2519649
0.5249848 -0.1692244
0.3972021 -0.05960948
0.2153651 0.02347226
0.06598028 0.0603844
-0.01861276 0.05873844
-0.04580734 0.03780628
-0.03942424 0.01502337
-0.02193142 -0.0002807596
-0.006729538 -0.006577525
0.001719129 -0.006660198
0.00430914 -0.004162337
0.003687024 -0.001612619
0.001680806 -0.001348213
0.002919115 -0.002190459
0.004991361 -0.003464153
0.008423061 -0.005320712
0.0140649 -0.007925611
0.02329093 -0.01145423
0.03829244 -0.01612456
0.06246819 -0.02233323
0.1008568 -0.03100781
0.1604666 -0.04432811
0.2502602 -0.06695386
0.3805178 -0.1077302
0.5614285 -0.1813866
0.8010541 -0.3088869
1.103075 -0.5139409
1.464497 -0.8124304
1.872413 -1.192575
2.297386 -1.588385
2.681264 -1.857854
2.922273 -1.787299
2.871479 -1.145713
2.366838 0.2025957
1.330474 2.156447
-0.07387774 4.282541
-1.28409 5.861787
-1.302514 6.130482
1.098118 4.66023
6.895595 1.695108
16.21055 -1.783371
27.8746 -4.391778
39.49201 -4.981434
48.11284 -3.255881
51.30103 0
48.11284 3.255881
39.49201 4.981434
27.8746 4.391778
16.21055 1.783371
6.895595 -1.695108
1.098118 -4.66023
-1.302514 -6.130482
-1.28409 -5.861787
-0.07387774 -4.282541
1.330474 -2.156447
2.366838 -0.2025957
2.871479 1.145713
2.922273 1.787299
2.681264 1.857854
2.297386 1.588385
1.872413 1.192575
1.464497 0.8124304
1.103075 0.5139409
0.8010541 0.3088869
0.5614285 0.1813866
0.3805178 0.1077302
0.2502602 0.06695386
0.1604666 0.04432811
0.1008568 0.03100781
0.06246819 0.02233323
0.03829244 0.01612456
0.02329093 0.01145423
0.0140649 0.007925611
0.008423061 0.005320712
0.004991361 0.003464153
0.002919115 0.002190459
0.00162794 0.0008738261
0.003942951 3.59701e-05
0.006265061 -0.002237635
0.006154164 -0.005850158
-0.0002190025 -0.00918069
-0.01620556 -0.008540971
-0.04057952 0.001118443
-0.06236008 0.02351575
-0.05837168 0.05675076
0.000536472 0.08971404
0.1299693 0.1030078
0.3017133 0.07750001
0.4176474 0.009460585
0.313793 -0.07534533
-0.1813622 -0.1210093
-1.134452 -0.06411335
-2.384766 0.1230026
-3.49617 0.388743
-3.867863 0.5901333
-3.020714 0.5359773
-0.9534029 0.08019249
1.64804 -0.7762816
3.568042 -1.835906
3.64847 -2.751148
1.590007 -3.160933
-1.483578 -2.855621
-3.156656 -1.885648
-0.6985151 -0.5551812
7.467966 0.6970379
20.56292 1.470369
35.27331 1.549625
46.88823 0.9717429
51.30103 0
46.88823 -0.9717429
35.27331 -1.549625
20.56292 -1.470369
7.467966 -0.6970379
-0.6985151 0.5551812
-3.156656 1.885648
-1.483578 2.855621
1.590007 3.160933
3.64847 2.751148
3.568042 1.835906
1.64804 0.7762816
-0.9534029 -0.08019249
-3.020714 -0.5359773
-3.867863 -0.5901333
-3.49617 -0.388743
-2.384766 -0.1230026
-1.134452 0.06411335
-0.1813622 0.1210093
0.313793 0.07534533
0.4176474 -0.009460585
0.3017133 -0.07750001
0.1299693 -0.1030078
0.000536472 -0.08971404
-0.05837168 -0.05675076
-0.06236008 -0.02351575
-0.04057952 -0.001118443
-0.01620556 0.008540971
-0.0002190025 0.00918069
0.006154164 0.005850158
0.006265061 0.002237635
0.003942951 -3.59701e-05
0.001163381 -0.0009323528
0.003045394 -0.0004039271
0.006040971 0.001377634
0.009813676 0.005143899
0.01289063 0.01134942
0.01194358 0.01952715
0.001294328 0.02747571
-0.02674892 0.03061331
-0.07993939 0.02204934
-0.1618895 -0.006043203
-0.2657265 -0.0595288
-0.3671723 -0.1385071
-0.4205464 -0.234393
-0.3627942 -0.3305681
-0.1305985 -0.4090537
0.3074892 -0.4635042
0.9088278 -0.5147271
1.518826 -0.620295
1.860474 -0.8674218
1.576343 -1.341432
0.3378472 -2.072526
-1.988305 -2.978895
-5.161449 -3.83737
-8.452396 -4.313672
-10.67794 -4.065642
-10.4386 -2.896764
-6.541114 -0.8989133
1.505865 1.493943
13.10749 3.596597
26.49954 4.701429
39.07142 4.363723
48.04544 2.615985
51.30103 0
48.04544 -2.615985
39.07142 -4.363723
26.49954 -4.701429
13.10749 -3.596597
1.505865 -1.493943
-6.541114 0.8989133
-10.4386 2.896764
-10.67794 4.065642
-8.452396 4.313672
-5.161449 3.83737
-1.988305 2.978895
0.3378472 2.072526
1.576343 1.341432
1.860474 0.8674218
1.518826 0.620295
0.9088278 0.5147271
0.3074892 0.4635042
-0.1305985 0.4090537
-0.3627942 0.3305681
-0.4205464 0.234393
-0.3671723 0.1385071
-0.2657265 0.0595288
-0.1618895 0.006043203
-0.07993939 -0.02204934
-0.02674892 -0.03061331
0.001294328 -0.02747571
0.01194358 -0.01952715
0.01289063 -0.01134942
0.009813676 -0.005143899
0.006040971 -0.001377634
0.003045394 0.0004039271
-0.002141235 0.0007576813
-0.003983336 0.0005762799
-0.006622959 -0.0002171661
-0.009809053 -0.002080887
-0.01257852 -0.005528085
-0.01273152 -0.01094059
-0.00622585 -0.01825635
0.01331933 -0.02658738
0.05465766 -0.0339461
0.1279714 -0.03740416
0.2423521 -0.03409411
0.4012382 -0.02333648
0.5957863 -0.00964265
0.7969305 -0.005307357
0.9477827 -0.02999394
0.9586526 -0.103944
0.706993 -0.2326162
0.04419544 -0.3850355
-1.188595 -0.4757395
-3.131432 -0.3675466
-5.855799 0.08746547
-9.286473 0.9655179
-13.09811 2.172906
-16.61631 3.388671
-18.7886 4.113236
-18.31053 3.851522
-13.96257 2.37981
-5.117872 -0.03618556
7.750175 -2.626418
22.822 -4.37931
37.17138 -4.498931
47.52395 -2.829804
51.30103 0
47.52395 2.829804
37.17138 4.498931
22.822 4.37931
7.750175 2.626418
-5.117872 0.03618556
-13.96257 -2.37981
-18.31053 -3.851522
-18.7886 -4.113236
-16.61631 -3.388671
-13.09811 -2.172906
-9.286473 -0.9655179
-5.855799 -0.08746547
-3.131432 0.3675466
-1.188595 0.4757395
0.04419544 0.3850355
0.706993 0.2326162
0.9586526 0.103944
0.9477827 0.02999394
0.7969305 0.005307357
0.5957863 0.00964265
0.4012382 0.02333648
0.2423521 0.03409411
0.1279714 0.03740416
0.05465766 0.0339461
0.01331933 0.02658738
-0.00622585 0.01825635
-0.01273152 0.01094059
-0.01257852 0.005528085
-0.009809053 0.002080887
-0.006622959 0.0002171661
-0.003983336 -0.0005762799
-0.0006242599 0.001556683
0.001291151 0.001947219
0.00524582 0.0007599414
0.01026535 -0.003279816
0.01251104 -0.01035534
0.004998551 -0.01795563
-0.01965472 -0.02012974
-0.06216326 -0.009481995
-0.1068577 0.01692955
-0.115895 0.04936336
-0.03779484 0.0602732
0.1619223 0.009764636
0.4536495 -0.134433
0.7075014 -0.368739
0.7116816 -0.6355492
0.2790582 -0.837132
-0.574053 -0.8899253
-1.467975 -0.7984285
-1.660784 -0.7007682
-0.3169585 -0.8377512
2.998023 -1.436217
7.840256 -2.558806
12.78526 -4.013198
15.94793 -5.395224
16.01745 -6.261861
13.28172 -6.341167
9.935248 -5.65372
9.243578 -4.474751
13.80713 -3.171487
23.83724 -2.02703
36.53916 -1.153174
47.16388 -0.5137406
51.30103 0
47.16388 0.5137406
36.53916 1.153174
23.83724 2.02703
13.80713 3.171487
9.243578 4.474751
9.935248 5.65372
13.28172 6.341167
16.01745 6.261861
15.94793 5.395224
12.78526 4.013198
7.840256 2.558806
2.998023 1.436217
-0.3169585 0.8377512
-1.660784 0.7007682
-1.467975 0.7984285
-0.574053 0.8899253
0.2790582 0.837132
0.7116816 0.6355492
0.7075014 0.368739
0.4536495 0.134433
0.1619223 -0.009764636
-0.03779484 -0.0602732
-0.115895 -0.04936336
-0.1068577 -0.01692955
-0.06216326 0.009481995
-0.01965472 0.02012974
0.004998551 0.01795563
0.01251104 0.01035534
0.01026535 0.003279816
0.00524582 -0.0007599414
0.001291151 -0.001947219
0.0009245509 0.001612722
0.001072765 0.00264642
0.0009244779 0.004117816
7.360603e-05 0.006055911
-0.002183779 0.008370631
-0.006983746 0.01077733
-0.01606025 0.01274163
-0.03195075 0.01350592
-0.05826213 0.01228952
-0.100024 0.008764499
-0.164128 0.003853918
-0.2597484 0.0007087775
-0.3984487 0.005316168
-0.5934965 0.02556318
-0.8579911 0.06694487
-1.202102 0.1230922
-1.631075 0.1609689
-2.146888 0.1049022
-2.755558 -0.169859
-3.476931 -0.8180189
-4.344473 -1.965865
-5.374612 -3.616518
-6.489451 -5.551879
-7.402985 -7.29423
-7.525888 -8.193959
-5.982013 -7.664615
-1.820852 -5.497033
5.57238 -2.096419
16.00265 1.530813
28.17111 4.115652
39.79654 4.682425
48.21987 3.051762
51.30103 0
48.21987 -3.051762
39.79654 -4.682425
28.17111 -4.115652
16.00265 -1.530813
5.57238 2.096419
-1.820852 5.497033
-5.982013 7.664615
-7.525888 8.193959
-7.402985 7.29423
-6.489451 5.551879
-5.374612 3.616518
-4.344473 1.965865
-3.476931 0.8180189
-2.755558 0.169859
-2.146888 -0.1049022
-1.631075 -0.1609689
-1.202102 -0.1230922
-0.8579911 -0.06694487
-0.5934965 -0.02556318
-0.3984487 -0.005316168
-0.2597484 -0.0007087775
-0.164128 -0.003853918
-0.100024 -0.008764499
-0.05826213 -0.01228952
-0.03195075 -0.01350592
-0.01606025 -0.01274163
-0.006983746 -0.01077733
-0.002183779 -0.008370631
7.360603e-05 -0.006055911
0.0009244779 -0.004117816
0.001072765 -0.00264642
-0.0008143274 0.001395125
-0.003076082 0.001581572
-0.006604778 0.000754409
-0.0102972 -0.001879224
-0.01105189 -0.006713491
-0.003397193 -0.01291165
0.01941213 -0.01759132
0.06183345 -0.01574837
0.1198577 -0.001836922
0.1740106 0.0264362
0.1859276 0.062706
0.1046163 0.08730671
-0.1129484 0.06729657
-0.4687709 -0.03498791
-0.8911468 -0.2437293
-1.225755 -0.5460305
-1.275693 -0.8731987
-0.9002879 -1.100328
-0.1488042 -1.074342
0.6351484 -0.6699227
0.825429 0.1424612
-0.2933647 1.24495
-3.162591 2.368013
-7.537601 3.15151
-12.23648 3.263082
-15.25904 2.536243
-14.36197 1.071545
-7.95796 -0.7520146
4.00623 -2.377922
19.6205 -3.260872
35.33054 -3.074818
46.99327 -1.853843
51.30103 0
46.99327 1.853843
35.33054 3.074818
19.6205 3.260872
4.00623 2.377922
-7.95796 0.7520146
-14.36197 -1.071545
-15.25904 -2.536243
-12.23648 -3.263082
-7.537601 -3.15151
-3.162591 -2.368013
-0.2933647 -1.24495
0.825429 -0.1424612
0.6351484 0.6699227
-0.1488042 1.074342
-0.9002879 1.100328
-1.275693 0.8731987
-1.225755 0.5460305
-0.8911468 0.2437293
-0.4687709 0.03498791
-0.1129484 -0.06729657
0.1046163 -0.08730671
0.1859276 -0.062706
0.1740106 -0.0264362
0.1198577 0.001836922
0.06183345 0.01574837
0.01941213 0.01759132
-0.003397193 0.01291165
-0.01105189 0.006713491
-0.0102972 0.001879224
-0.006604778 -0.000754409
-0.003076082 -0.001581572
0.000306601 -0.001623552
-0.001425358 -0.001971925
-0.00507984 -0.001027994
-0.01063122 0.002441316
-0.01630581 0.009294135
-0.01751 0.01882096
-0.006731102 0.02746524
0.02415797 0.02851459
0.07803405 0.01417548
0.1435989 -0.01907091
0.1870707 -0.06272784
0.1517648 -0.08975956
-0.02581821 -0.05501054
-0.3790788 0.09237553
-0.8610208 0.3844507
-1.304341 0.8060507
-1.427434 1.277869
-0.9162286 1.666508
0.4198521 1.826285
2.471357 1.659025
4.732315 1.162094
6.389653 0.434283
6.640722 -0.3706461
5.15728 -1.120364
2.486123 -1.763765
0.1279658 -2.331869
0.1303117 -2.873502
4.256798 -3.366684
13.05382 -3.671738
25.2743 -3.572423
38.02594 -2.894268
47.69457 -1.631743
51.30103 0
47.69457 1.631743
38.02594 2.894268
25.2743 3.572423
13.05382 3.671738
4.256798 3.366684
0.1303117 2.873502
0.1279658 2.331869
2.486123 1.763765
5.15728 1.120364
6.640722 0.3706461
6.389653 -0.434283
4.732315 -1.162094
2.471357 -1.659025
0.4198521 -1.826285
-0.9162286 -1.666508
-1.427434 -1.277869
-1.304341 -0.8060507
-0.8610208 -0.3844507
-0.3790788 -0.09237553
-0.02581821 0.05501054
0.1517648 0.08975956
0.1870707 0.06272784
0.1435989 0.01907091
0.07803405 -0.01417548
0.02415797 -0.02851459
-0.006731102 -0.02746524
-0.01751 -0.01882096
-0.01630581 -0.009294135
-0.01063122 -0.002441316
-0.00507984 0.001027994
-0.001425358 0.001971925
-0.0009356231 -0.001488492
-0.002117901 -0.002375681
-0.004387072 -0.00368059
-0.008508822 -0.005557608
-0.01562142 -0.008222098
-0.02728708 -0.01198554
-0.04543829 -0.01728523
-0.07212941 -0.02464562
-0.1090103 -0.03442888
-0.1565034 -0.04612842
-0.2128 -0.05689024
-0.2729655 -0.05904775
-0.328587 -0.03694133
-0.3684355 0.03563395
-0.3806072 0.1944227
-0.3567584 0.4758602
-0.2995135 0.8966705
-0.2343847 1.422892
-0.2258815 1.939064
-0.3915516 2.239982
-0.8972429 2.072305
-1.907685 1.239649
-3.471579 -0.2523471
-5.353015 -2.082497
-6.879401 -3.628672
-6.929521 -4.171912
-4.180809 -3.247854
2.367609 -0.9791957
12.75889 1.831197
25.64834 3.978879
38.40071 4.427936
47.82348 2.880428
51.30103 0
47.82348 -2.880428
38.40071 -4.427936
25.64834 -3.978879
12.75889 -1.831197
2.367609 0.9791957
-4.180809 3.247854
-6.929521 4.171912
-6.879401 3.628672
-5.353015 2.082497
-3.471579 0.2523471
-1.907685 -1.239649
-0.8972429 -2.072305
-0.3915516 -2.239982
-0.2258815 -1.939064
-0.2343847 -1.422892
-0.2995135 -0.8966705
-0.3567584 -0.4758602
-0.3806072 -0.1944227
-0.3684355 -0.03563395
-0.328587 0.03694133
-0.2729655 0.05904775
-0.2128 0.05689024
-0.1565034 0.04612842
-0.1090103 0.03442888
-0.07212941 0.02464562
-0.04543829 0.01728523
-0.02728708 0.01198554
-0.01562142 0.008222098
-0.008508822 0.005557608
-0.004387072 0.00368059
-0.002117901 0.002375681
-0.0003171731 -0.001572364
0.00182133 -0.001981657
0.00582361 -0.0009855683
0.01035739 0.002464611
0.01120244 0.00830009
0.001284965 0.01385688
-0.02620659 0.01320598
-0.07073532 -0.001025976
-0.1156079 -0.03232967
-0.1243691 -0.07288831
-0.05229605 -0.09885387
0.1209635 -0.07490076
0.3456989 0.02839522
0.4721431 0.2095803
0.2780657 0.4194247
-0.4180877 0.5712469
-1.581516 0.5863615
-2.816505 0.4579277
-3.388029 0.2928765
-2.499768 0.2899096
0.2288438 0.6430225
4.330689 1.411814
8.440207 2.437235
10.8335 3.370563
10.42425 3.820603
7.696407 3.546647
4.913128 2.587654
5.234943 1.252284
11.02246 -0.02153994
22.21489 -0.8544065
35.81543 -1.063223
46.98457 -0.6992012
51.30103 0
46.98457 0.6992012
35.81543 1.063223
22.21489 0.8544065
11.02246 0.02153994
5.234943 -1.252284
4.913128 -2.587654
7.696407 -3.546647
10.42425 -3.820603
10.8335 -3.370563
8.440207 -2.437235
4.330689 -1.411814
0.2288438 -0.6430225
-2.499768 -0.2899096
-3.388029 -0.2928765
-2.816505 -0.4579277
-1.581516 -0.5863615
-0.4180877 -0.5712469
0.2780657 -0.4194247
0.4721431 -0.2095803
0.3456989 -0.02839522
0.1209635 0.07490076
-0.05229605 0.09885387
-0.1243691 0.07288831
-0.1156079 0.03232967
-0.07073532 0.001025976
-0.02620659 -0.01320598
0.001284965 -0.01385688
0.01120244 -0.00830009
0.01035739 -0.002464611
0.00582361 0.0009855683
0.00182133 0.001981657
-0.0008179879 -0.001163506
-0.002368047 -0.001136094
-0.005198339 -0.000317672
-0.009704167 0.002036278
-0.01589354 0.006846562
-0.02280813 0.01491639
-0.02769344 0.02632581
-0.02505851 0.03947327
-0.005993627 0.04986361
0.04160734 0.04897213
0.1310508 0.02380624
0.2722053 -0.04193961
0.4637628 -0.1641227
0.6828631 -0.3510044
0.8738958 -0.5927585
0.9397819 -0.8493084
0.7402551 -1.040609
0.1023016 -1.046208
-1.152177 -0.7224272
-3.157541 0.05668082
-5.933741 1.336691
-9.300529 3.014999
-12.79662 4.800077
-15.64109 6.236491
-16.78701 6.819984
-15.10965 6.187453
-9.731863 4.315012
-0.4183656 1.622852
12.10247 -1.099677
26.05998 -2.961229
38.9221 -3.335425
48.01558 -2.158893
51.30103 0
48.01558 2.158893
38.9221 3.335425
26.05998 2.961229
12.10247 1.099677
-0.4183656 -1.622852
-9.731863 -4.315012
-15.10965 -6.187453
-16.78701 -6.819984
-15.64109 -6.236491
-12.79662 -4.800077
-9.300529 -3.014999
-5.933741 -1.336691
-3.157541 -0.05668082
-1.152177 0.7224272
0.1023016 1.046208
0.7402551 1.040609
0.9397819 0.8493084
0.8738958 0.5927585
0.6828631 0.3510044
0.4637628 0.1641227
0.2722053 0.04193961
0.1310508 -0.02380624
0.04160734 -0.04897213
-0.005993627 -0.04986361
-0.02505851 -0.03947327
-0.02769344 -0.02632581
-0.02280813 -0.01491639
-0.01589354 -0.006846562
-0.009704167 -0.002036278
-0.005198339 0.000317672
-0.002368047 0.001136094
0.002160937 0.0006125205
0.003810314 6.238425e-05
0.005537347 -0.001460247
0.006184052 -0.004486111
0.003505807 -0.009413423
-0.005896567 -0.01615507
-0.02595458 -0.02367313
-0.05932676 -0.02951795
-0.1040873 -0.02955528
-0.1491578 -0.01806851
-0.1697644 0.01166416
-0.1255096 0.06635418
0.03527906 0.1513382
0.3612455 0.2687668
0.8719426 0.414821
1.522437 0.5751315
2.167188 0.7182069
2.538433 0.7889871
2.258851 0.7084028
0.9073838 0.3877768
-1.852538 -0.2350502
-6.093825 -1.141412
-11.43763 -2.180505
-16.9307 -3.057831
-21.08005 -3.398638
-22.11734 -2.892101
-18.49485 -1.470292
-9.502266 0.5697976
4.215262 2.595351
20.4958 3.850884
36.02874 3.784846
47.22212 2.333328
51.30103 0
47.22212 -2.333328
36.02874 -3.784846
20.4958 -3.850884
4.215262 -2.595351
-9.502266 -0.5697976
-18.49485 1.470292
-22.11734 2.892101
-21.08005 3.398638
-16.9307 3.057831
-11.43763 2.180505
-6.093825 1.141412
-1.852538 0.2350502
0.9073838 -0.3877768
2.258851 -0.7084028
2.538433 -0.7889871
2.167188 -0.7182069
1.522437 -0.5751315
0.8719426 -0.414821
0.3612455 -0.2687668
0.03527906 -0.1513382
-0.1255096 -0.06635418
-0.1697644 -0.01166416
-0.1491578 0.01806851
-0.1040873 0.02955528
-0.05932676 0.02951795
-0.02595458 0.02367313
-0.005896567 0.01615507
0.003505807 0.009413423
0.006184052 0.004486111
0.005537347 0.001460247
0.003810314 -6.238425e-05
0.001044367 -0.001154684
0.003390863 -0.0004091178
0.006380498 0.001973943
0.00792032 0.006008839
0.004043204 0.009957539
-0.009783669 0.009628808
-0.0347655 -0.000782296
-0.06268629 -0.02532446
-0.07078502 -0.06085519
-0.02378014 -0.09255334
0.1104519 -0.09549546
0.3308352 -0.04650742
0.5707874 0.05523084
0.6902331 0.169431
0.5224191 0.2148741
-0.01410819 0.1016203
-0.7744388 -0.2094906
-1.305575 -0.6492832
-0.9292044 -1.027671
0.9642757 -1.095241
4.497229 -0.6656761
8.992165 0.2624661
13.03851 1.463564
15.06845 2.565339
14.26537 3.2199
11.32447 3.268932
8.514159 2.803027
8.781334 2.082323
14.20399 1.377922
24.59324 0.841863
37.1201 0.4807463
47.35533 0.2226266
51.30103 0
47.35533 -0.2226266
37.1201 -0.4807463
24.59324 -0.841863
14.20399 -1.377922
8.781334 -2.082323
8.514159 -2.803027
11.32447 -3.268932
14.26537 -3.2199
15.06845 -2.565339
13.03851 -1.463564
8.992165 -0.2624661
4.497229 0.6656761
0.9642757 1.095241
-0.9292044 1.027671
-1.305575 0.6492832
-0.7744388 0.2094906
-0.01410819 -0.1016203
0.5224191 -0.2148741
0.6902331 -0.169431
0.5707874 -0.05523084
0.3308352 0.04650742
0.1104519 0.09549546
-0.02378014 0.09255334
-0.07078502 0.06085519
-0.06268629 0.02532446
-0.0347655 0.000782296
-0.009783669 -0.009628808
0.004043204 -0.009957539
0.00792032 -0.006008839
0.006380498 -0.001973943
0.003390863 0.0004091178
1.728759e-07 0.001493817
0.0001202619 0.002384071
0.0003742703 0.003723191
0.0008564569 0.005717512
0.001728556 0.00869609
0.00330469 0.01321103
0.00624992 0.02018696
0.01198358 0.03107781
0.02338651 0.04789024
0.04586001 0.07277857
0.0886372 0.1067624
0.1659965 0.1471187
0.2977163 0.1834271
0.5078219 0.1933817
0.8204664 0.141335
1.251672 -0.01564255
1.795757 -0.3094214
2.406218 -0.7297248
2.974132 -1.189652
3.314198 -1.509655
3.178554 -1.44824
2.324746 -0.7961514
0.6543142 0.484465
-1.598646 2.141823
-3.708864 3.630406
-4.460076 4.284703
-2.419737 3.638767
3.506443 1.741386
13.41631 -0.7387334
25.97641 -2.746728
38.5307 -3.348655
47.85335 -2.248648
51.30103 0
47.85335 2.248648
38.5307 3.348655
25.97641 2.746728
13.41631 0.7387334
3.506443 -1.741386
-2.419737 -3.638767
-4.460076 -4.284703
-3.708864 -3.630406
-1.598646 -2.141823
0.6543142 -0.484465
2.324746 0.7961514
3.178554 1.44824
3.314198 1.509655
2.974132 1.189652
2.406218 0.7297248
1.795757 0.3094214
1.251672 0.01564255
0.8204664 -0.141335
0.5078219 -0.1933817
0.2977163 -0.1834271
0.1659965 -0.1471187
0.0886372 -0.1067624
0.04586001 -0.07277857
0.02338651 -0.04789024
0.01198358 -0.03107781
0.00624992 -0.02018696
0.00330469 -0.01321103
0.001728556 -0.00869609
0.0008564569 -0.005717512
0.0003742703 -0.003723191
0.0001202619 -0.002384071
0.00233273 -0.0002779362
0.003249469 -0.00171542
0.00246961 -0.003870627
-0.002111014 -0.005775663
-0.01215916 -0.005258013
-0.02654567 0.0007394691
-0.03830146 0.01470796
-0.03293726 0.03604896
0.008449084 0.0585837
0.09808288 0.07027509
0.2227211 0.05743651
0.3244508 0.01382512
0.296134 -0.04882755
0.00883746 -0.09627891
-0.6216516 -0.08141918
-1.54689 0.02914234
-2.524296 0.2199967
-3.144741 0.4033163
-2.988056 0.4296152
-1.875985 0.1436142
-0.1031176 -0.5293457
1.52535 -1.50649
1.974917 -2.528753
0.5501745 -3.228158
-2.489825 -3.267247
-5.640852 -2.493603
-6.491903 -1.03571
-2.707383 0.7118839
6.720543 2.215845
20.58215 2.993759
35.48796 2.789826
46.98104 1.669326
51.30103 0
46.98104 -1.669326
35.48796 -2.789826
20.58215 -2.993759
6.720543 -2.215845
-2.707383 -0.7118839
-6.491903 1.03571
-5.640852 2.493603
-2.489825 3.267247
0.5501745 3.228158
1.974917 2.528753
1.52535 1.50649
-0.1031176 0.5293457
-1.875985 -0.1436142
-2.988056 -0.4296152
-3.144741 -0.4033163
-2.524296 -0.2199967
-1.54689 -0.02914234
-0.6216516 0.08141918
0.00883746 0.09627891
0.296134 0.04882755
0.3244508 -0.01382512
0.2227211 -0.05743651
0.09808288 -0.07027509
0.008449084 -0.0585837
-0.03293726 -0.03604896
-0.03830146 -0.01470796
-0.02654567 -0.0007394691
-0.01215916 0.005258013
-0.002111014 0.005775663
0.00246961 0.003870627
0.003249469 0.00171542
-0.001831567 -0.001356373
-0.001965993 -0.002828155
-0.0005970471 -0.004494779
0.003827179 -0.005336615
0.01299354 -0.003458809
0.02764445 0.003706883
0.04568735 0.01850488
0.05982824 0.04136638
0.05582842 0.0687263
0.01330117 0.09161793
-0.08875056 0.09649361
-0.2605071 0.06953814
-0.4858488 0.004266297
-0.7092418 -0.09030861
-0.8357532 -0.1860567
-0.7556703 -0.2421909
-0.3986619 -0.2240131
0.1926954 -0.1290906
0.8001901 -0.008019944
1.023229 0.03672551
0.3701239 -0.1153382
-1.541334 -0.5412868
-4.718331 -1.211041
-8.566635 -1.958711
-11.83777 -2.519164
-12.8535 -2.630616
-10.01161 -2.164445
-2.438616 -1.21637
9.458863 -0.09967201
23.81177 0.7745595
37.63394 1.08314
47.64494 0.751238
51.30103 0
47.64494 -0.751238
37.63394 -1.08314
23.81177 -0.7745595
9.458863 0.09967201
-2.438616 1.21637
-10.01161 2.164445
-12.8535 2.630616
-11.83777 2.519164
-8.566635 1.958711
-4.718331 1.211041
-1.541334 0.5412868
0.3701239 0.1153382
1.023229 -0.03672551
0.8001901 0.008019944
0.1926954 0.1290906
-0.3986619 0.2240131
-0.7556703 0.2421909
-0.8357532 0.1860567
-0.7092418 0.09030861
-0.4858488 -0.004266297
-0.2605071 -0.06953814
-0.08875056 -0.09649361
0.01330117 -0.09161793
0.05582842 -0.0687263
0.05982824 -0.04136638
0.04568735 -0.01850488
0.02764445 -0.003706883
0.01299354 0.003458809
0.003827179 0.005336615
-0.0005970471 0.004494779
-0.001965993 0.002828155
0.0002385772 -0.001526641
0.001347511 -0.002574259
0.003683255 -0.004053893
0.008004455 -0.005929507
0.01521913 -0.007922732
0.02619028 -0.009280345
0.04136967 -0.008432158
0.06026828 -0.002574835
0.08085755 0.01266172
0.09909367 0.0431036
0.1088087 0.09487349
0.1021351 0.1714674
0.07034839 0.268694
0.004497252 0.368267
-0.1054923 0.4329287
-0.2751598 0.4082993
-0.5352071 0.2373482
-0.9467865 -0.1101362
-1.618005 -0.5999653
-2.709241 -1.107368
-4.406007 -1.429633
-6.836052 -1.356947
-9.92321 -0.7906121
-13.21115 0.1448518
-15.74541 1.076583
-16.13812 1.505198
-12.91039 1.055056
-5.08773 -0.2659376
7.149784 -1.966531
22.09038 -3.243534
36.68373 -3.378132
47.37322 -2.148042
51.30103 0
47.37322 2.148042
36.68373 3.378132
22.09038 3.243534
7.149784 1.966531
-5.08773 0.2659376
-12.91039 -1.055056
-16.13812 -1.505198
-15.74541 -1.076583
-13.21115 -0.1448518
-9.92321 0.7906121
-6.836052 1.356947
-4.406007 1.429633
-2.709241 1.107368
-1.618005 0.5999653
-0.9467865 0.1101362
-0.5352071 -0.2373482
-0.2751598 -0.4082993
-0.1054923 -0.4329287
0.004497252 -0.368267
0.07034839 -0.268694
0.1021351 -0.1714674
0.1088087 -0.09487349
0.09909367 -0.0431036
0.08085755 -0.01266172
0.06026828 0.002574835
0.04136967 0.008432158
0.02619028 0.009280345
0.01521913 0.007922732
0.008004455 0.005929507
0.003683255 0.004053893
0.001347511 0.002574259
-0.0008706057 0.001507787
0.0009313273 0.002153234
0.005080084 0.001404515
0.01099233 -0.002182246
0.01517828 -0.009180666
0.01063728 -0.01755037
-0.0106984 -0.02147005
-0.05081586 -0.01270836
-0.09503798 0.01396569
-0.104518 0.052399
-0.02290891 0.07882042
0.1935072 0.05557335
0.5262481 -0.05002606
0.8526149 -0.2363394
0.9571438 -0.4450366
0.6348987 -0.5689329
-0.1246882 -0.5018812
-0.9638787 -0.2141603
-1.141075 0.1924963
0.2082309 0.5009303
3.565776 0.4816348
8.524117 0.0381837
13.65277 -0.6950432
17.00634 -1.381455
17.18194 -1.64237
14.39321 -1.263528
10.82585 -0.3227134
9.81455 0.8408807
14.07145 1.792705
23.89916 2.198729
36.52498 1.942674
47.15231 1.127074
51.30103 0
47.15231 -1.127074
36.52498 -1.942674
23.89916 -2.198729
14.07145 -1.792705
9.81455 -0.8408807
10.82585 0.3227134
14.39321 1.263528
17.18194 1.64237
17.00634 1.381455
13.65277 0.6950432
8.524117 -0.0381837
3.565776 -0.4816348
0.2082309 -0.5009303
-1.141075 -0.1924963
-0.9638787 0.2141603
-0.1246882 0.5018812
0.6348987 0.5689329
0.9571438 0.4450366
0.8526149 0.2363394
0.5262481 0.05002606
0.1935072 -0.05557335
-0.02290891 -0.07882042
-0.104518 -0.052399
-0.09503798 -0.01396569
-0.05081586 0.01270836
-0.0106984 0.02147005
0.01063728 0.01755037
0.01517828 0.009180666
0.01099233 0.002182246
0.005080084 -0.001404515
0.0009313273 -0.002153234
0.001138546 -0.001014684
0.002584298 -0.001073402
0.005192563 -0.0006308296
0.009530252 0.0008572784
0.01619435 0.004177751
0.02561241 0.01027985
0.03771365 0.02001485
0.05150096 0.03364273
0.06463089 0.05015842
0.07318428 0.06669783
0.0718208 0.0785538
0.05436855 0.08050588
0.01452969 0.06995047
-0.05421406 0.05139458
-0.161072 0.04020116
-0.3246685 0.06168396
-0.5851046 0.1412741
-1.019627 0.2844501
-1.754733 0.4522571
-2.960372 0.5472141
-4.806815 0.4288917
-7.368843 -0.02940521
-10.48255 -0.8546021
-13.59822 -1.9001
-15.71461 -2.841769
-15.49565 -3.281312
-11.62763 -2.935861
-3.365015 -1.823397
8.925886 -0.3238602
23.5011 0.9565211
37.4775 1.476955
47.60101 1.057679
51.30103 0
47.60101 -1.057679
37.4775 -1.476955
23.5011 -0.9565211
8.925886 0.3238602
-3.365015 1.823397
-11.62763 2.935861
-15.49565 3.281312
-15.71461 2.841769
-13.59822 1.9001
-10.48255 0.8546021
-7.368843 0.02940521
-4.806815 -0.4288917
-2.960372 -0.5472141
-1.754733 -0.4522571
-1.019627 -0.2844501
-0.5851046 -0.1412741
-0.3246685 -0.06168396
-0.161072 -0.04020116
-0.05421406 -0.05139458
0.01452969 -0.06995047
0.05436855 -0.08050588
0.0718208 -0.0785538
0.07318428 -0.06669783
0.06463089 -0.05015842
0.05150096 -0.03364273
0.03771365 -0.02001485
0.02561241 -0.01027985
0.01619435 -0.004177751
0.009530252 -0.0008572784
0.005192563 0.0006308296
0.002584298 0.001073402
-0.002315549 -0.0002409228
-0.003199455 -0.001422802
-0.002884136 -0.003389982
0.0004416244 -0.005777861
0.009048987 -0.007352505
0.02458636 -0.00576311
0.04602669 0.002188473
0.06700544 0.01934776
0.07382719 0.04587406
0.04638312 0.07612338
-0.03548989 0.09591586
-0.1790205 0.08211682
-0.3613023 0.006643807
-0.5156649 -0.1538887
-0.5342308 -0.403833
-0.2996297 -0.7134067
0.2492654 -1.009478
1.030526 -1.179902
1.747198 -1.097032
1.883035 -0.6603231
0.8147797 0.1508281
-1.94581 1.23231
-6.431483 2.342708
-11.94246 3.143893
-16.97284 3.29978
-19.46821 2.611122
-17.42714 1.135968
-9.69266 -0.7670435
3.363128 -2.51709
19.5916 -3.505724
35.46265 -3.339881
47.0527 -2.026007
51.30103 0
47.0527 2.026007
35.46265 3.339881
19.5916 3.505724
3.363128 2.51709
-9.69266 0.7670435
-17.42714 -1.135968
-19.46821 -2.611122
-16.97284 -3.29978
-11.94246 -3.143893
-6.431483 -2.342708
-1.94581 -1.23231
0.8147797 -0.1508281
1.883035 0.6603231
1.747198 1.097032
1.030526 1.179902
0.2492654 1.009478
-0.2996297 0.7134067
-0.5342308 0.403833
-0.5156649 0.1538887
-0.3613023 -0.006643807
-0.1790205 -0.08211682
-0.03548989 -0.09591586
0.04638312 -0.07612338
0.07382719 -0.04587406
0.06700544 -0.01934776
0.04602669 -0.002188473
0.02458636 0.00576311
0.009048987 0.007352505
0.0004416244 0.005777861
-0.002884136 0.003389982
-0.003199455 0.001422802
0.002129543 -0.001003354
0.002556768 -0.002651876
0.001154887 -0.00451331
-0.003858198 -0.005190537
-0.01364172 -0.002445413
-0.02665699 0.005773406
-0.03617911 0.01911313
-0.02925353 0.03204144
0.009932962 0.03239443
0.08963012 0.003944118
0.1936113 -0.06515313
0.264638 -0.1694261
0.2021328 -0.274931
-0.1100922 -0.3195771
-0.739617 -0.2326598
-1.621264 0.02819651
-2.498144 0.4384535
-2.947906 0.8918306
-2.533138 1.229869
-1.049851 1.314141
1.238291 1.109033
3.546061 0.7249946
4.821375 0.3843386
4.288717 0.3143179
2.058463 0.6215771
-0.5564561 1.223196
-1.321911 1.881518
2.005328 2.325813
10.47939 2.386289
23.08704 2.057977
36.74327 1.462166
47.31817 0.7458605
51.30103 0
47.31817 -0.7458605
36.74327 -1.462166
23.08704 -2.057977
10.47939 -2.386289
2.005328 -2.325813
-1.321911 -1.881518
-0.5564561 -1.223196
2.058463 -0.6215771
4.288717 -0.3143179
4.821375 -0.3843386
3.546061 -0.7249946
1.238291 -1.109033
-1.049851 -1.314141
-2.533138 -1.229869
-2.947906 -0.8918306
-2.498144 -0.4384535
-1.621264 -0.02819651
-0.739617 0.2326598
-0.1100922 0.3195771
0.2021328 0.274931
0.264638 0.1694261
0.1936113 0.06515313
0.08963012 -0.003944118
0.009932962 -0.03239443
-0.02925353 -0.03204144
-0.03617911 -0.01911313
-0.02665699 -0.005773406
-0.01364172 0.002445413
-0.003858198 0.005190537
0.001154887 0.00451331
0.002556768 0.002651876
-0.001034006 0.001067807
-0.001471831 0.001855517
-0.001947209 0.003190709
-0.002338072 0.005453831
-0.002447067 0.009269027
-0.00204635 0.01558047
-0.000996149 0.0256311
0.0006000227 0.04069019
0.002389546 0.06135592
0.004340905 0.08639269
0.00856344 0.1114683
0.02307878 0.128835
0.06770166 0.129644
0.180719 0.1104656
0.4226098 0.08377312
0.8702922 0.08829064
1.594076 0.1905713
2.612477 0.467674
3.830178 0.9669701
4.982192 1.65454
5.627063 2.382146
5.239874 2.909757
3.433073 3.000958
0.2687718 2.561582
-3.464801 1.74254
-6.206375 0.9181073
-5.970122 0.5094714
-1.094022 0.7301397
8.856831 1.413023
22.47491 2.06066
36.60925 2.125744
47.31032 1.360501
51.30103 0
47.31032 -1.360501
36.60925 -2.125744
22.47491 -2.06066
8.856831 -1.413023
-1.094022 -0.7301397
-5.970122 -0.5094714
-6.206375 -0.9181073
-3.464801 -1.74254
0.2687718 -2.561582
3.433073 -3.000958
5.239874 -2.909757
5.627063 -2.382146
4.982192 -1.65454
3.830178 -0.9669701
2.612477 -0.467674
1.594076 -0.1905713
0.8702922 -0.08829064
0.4226098 -0.08377312
0.180719 -0.1104656
0.06770166 -0.129644
0.02307878 -0.128835
0.00856344 -0.1114683
0.004340905 -0.08639269
0.002389546 -0.06135592
0.0006000227 -0.04069019
-0.000996149 -0.0256311
-0.00204635 -0.01558047
-0.002447067 -0.009269027
-0.002338072 -0.005453831
-0.001947209 -0.003190709
-0.001471831 -0.001855517
0.0007304514 -0.001325887
0.003110235 -0.001033164
0.006334013 0.000817332
0.008212253 0.004717209
0.004296131 0.009796594
-0.0109687 0.0128965
-0.04028108 0.008806709
-0.07700843 -0.007143015
-0.09952587 -0.03395766
-0.07304686 -0.0593749
0.03389295 -0.05825163
0.21727 0.0002437059
0.4023984 0.1356256
0.4339403 0.3359472
0.1235173 0.548488
-0.6338203 0.695243
-1.711619 0.7152212
-2.664157 0.6150626
-2.806949 0.4934404
-1.512735 0.508836
1.367025 0.7902386
5.190333 1.332382
8.597707 1.942499
10.09537 2.289607
8.962613 2.051233
5.995164 1.088646
3.533415 -0.4458791
4.530307 -2.134667
10.97998 -3.445438
22.52339 -3.933405
36.10917 -3.402232
47.08791 -1.964935
51.30103 0
47.08791 1.964935
36.10917 3.402232
22.52339 3.933405
10.97998 3.445438
4.530307 2.134667
3.533415 0.4458791
5.995164 -1.088646
8.962613 -2.051233
10.09537 -2.289607
8.597707 -1.942499
5.190333 -1.332382
1.367025 -0.7902386
-1.512735 -0.508836
-2.806949 -0.4934404
-2.664157 -0.6150626
-1.711619 -0.7152212
-0.6338203 -0.695243
0.1235173 -0.548488
0.4339403 -0.3359472
0.4023984 -0.1356256
0.21727 -0.0002437059
0.03389295 0.05825163
-0.07304686 0.0593749
-0.09952587 0.03395766
-0.07700843 0.007143015
-0.04028108 -0.008806709
-0.0109687 -0.0128965
0.004296131 -0.009796594
0.008212253 -0.004717209
0.006334013 -0.000817332
0.003110235 0.001033164
0.002169408 -0.0007935644
0.003329043 -0.002243138
0.004143976 -0.00461968
0.003397923 -0.007801101
-0.001069976 -0.01096325
-0.01238683 -0.01212883
-0.03406452 -0.007830969
-0.06835724 0.006789762
-0.1131854 0.0370459
-0.1576862 0.08656009
-0.1773629 0.1538399
-0.1311568 0.2280662
0.0358141 0.2854052
0.3794006 0.2879936
0.9301676 0.1881681
1.654543 -0.06006415
2.411502 -0.4824487
2.922145 -1.062672
2.777002 -1.725568
1.506178 -2.336343
-1.275287 -2.724953
-5.662685 -2.736206
-11.25231 -2.292426
-17.01758 -1.442628
-21.37041 -0.3693542
-22.47125 0.661897
-18.76469 1.397762
-9.603013 1.695421
4.270989 1.573498
20.62085 1.184987
36.12764 0.7248096
47.25505 0.32496
51.30103 0
47.25505 -0.32496
36.12764 -0.7248096
20.62085 -1.184987
4.270989 -1.573498
-9.603013 -1.695421
-18.76469 -1.397762
-22.47125 -0.661897
-21.37041 0.3693542
-17.01758 1.442628
-11.25231 2.292426
-5.662685 2.736206
-1.275287 2.724953
1.506178 2.336343
2.777002 1.725568
2.922145 1.062672
2.411502 0.4824487
1.654543 0.06006415
0.9301676 -0.1881681
0.3794006 -0.2879936
0.0358141 -0.2854052
-0.1311568 -0.2280662
-0.1773629 -0.1538399
-0.1576862 -0.08656009
-0.1131854 -0.0370459
-0.06835724 -0.006789762
-0.03406452 0.007830969
-0.01238683 0.01212883
-0.001069976 0.01096325
0.003397923 0.007801101
0.004143976 0.00461968
0.003329043 0.002243138
0.0001036683 -0.001453049
-0.00115629 -0.00234958
-0.003977611 -0.003261004
-0.009222375 -0.003681601
-0.01766088 -0.002707435
-0.02941501 0.0009368396
-0.04301248 0.008608335
-0.0540505 0.02106743
-0.05364599 0.03740968
-0.02712869 0.0538907
0.04621179 0.06333569
0.1911605 0.05617524
0.4310175 0.0240733
0.7771976 -0.03382422
1.213451 -0.1039579
1.675703 -0.1550899
2.031119 -0.1442718
2.063829 -0.03538019
1.479455 0.1734425
-0.05536854 0.4269792
-2.822781 0.6148506
-6.907925 0.6130946
-12.01914 0.3593685
-17.33522 -0.07391333
-21.47745 -0.4626987
-22.70735 -0.5102416
-19.39184 -0.008483832
-10.65272 0.9975204
3.026557 2.152933
19.54119 2.914272
35.4863 2.814347
47.06549 1.731994
51.30103 0
47.06549 -1.731994
35.4863 -2.814347
19.54119 -2.914272
3.026557 -2.152933
-10.65272 -0.9975204
-19.39184 0.008483832
-22.70735 0.5102416
-21.47745 0.4626987
-17.33522 0.07391333
-12.01914 -0.3593685
-6.907925 -0.6130946
-2.822781 -0.6148506
-0.05536854 -0.4269792
1.479455 -0.1734425
2.063829 0.03538019
2.031119 0.1442718
1.675703 0.1550899
1.213451 0.1039579
0.7771976 0.03382422
0.4310175 -0.0240733
0.1911605 -0.05617524
0.04621179 -0.06333569
-0.02712869 -0.0538907
-0.05364599 -0.03740968
-0.0540505 -0.02106743
-0.04301248 -0.008608335
-0.02941501 -0.0009368396
-0.01766088 0.002707435
-0.009222375 0.003681601
-0.003977611 0.003261004
-0.00115629 0.00234958
-0.0001674813 -0.001533367
0.00194613 -0.001599344
0.005704424 -2.206262e-06
0.009673805 0.004149488
0.009704659 0.01031915
-0.0008813594 0.01509311
-0.02813558 0.0118135
-0.07058881 -0.007058643
-0.1108422 -0.0442117
-0.1122686 -0.09053632
-0.03019808 -0.1225353
0.1568082 -0.1107465
0.4035431 -0.04136313
0.5703355 0.05703672
0.451111 0.1004176
-0.1159346 -0.03006677
-1.077812 -0.4291459
-2.028025 -1.094179
-2.232047 -1.885085
-0.9058874 -2.560705
2.308401 -2.893965
6.911562 -2.810206
11.49458 -2.459532
14.27638 -2.159378
14.10228 -2.222552
11.38879 -2.768024
8.354494 -3.633622
8.161874 -4.447882
13.23432 -4.813565
23.63035 -4.486036
36.50499 -3.447747
47.16668 -1.865934
51.30103 0
47.16668 1.865934
36.50499 3.447747
23.63035 4.486036
13.23432 4.813565
8.161874 4.447882
8.354494 3.633622
11.38879 2.768024
14.10228 2.222552
14.27638 2.159378
11.49458 2.459532
6.911562 2.810206
2.308401 2.893965
-0.9058874 2.560705
-2.232047 1.885085
-2.028025 1.094179
-1.077812 0.4291459
-0.1159346 0.03006677
0.451111 -0.1004176
0.5703355 -0.05703672
0.4035431 0.04136313
0.1568082 0.1107465
-0.03019808 0.1225353
-0.1122686 0.09053632
-0.1108422 0.0442117
-0.07058881 0.007058643
-0.02813558 -0.0118135
-0.0008813594 -0.01509311
0.009704659 -0.01031915
0.009673805 -0.004149488
0.005704424 2.206262e-06
0.00194613 0.001599344
-0.00174431 -0.0004963059
-0.003204132 -0.0004295065
-0.005652892 -4.31507e-05
-0.009600044 0.0009362996
-0.0157589 0.002850881
-0.02517935 0.006035464
-0.03954014 0.01072317
-0.06167583 0.01707171
-0.09627787 0.02559383
-0.1503556 0.0383431
-0.232467 0.06098572
-0.3491714 0.1051619
-0.4972225 0.1893365
-0.6515973 0.3352569
-0.7531719 0.5574351
-0.70516 0.8460793
-0.3915332 1.149707
0.2714477 1.369635
1.252955 1.379417
2.322553 1.073087
3.019081 0.4273738
2.741487 -0.4553442
0.9992268 -1.358958
-2.222251 -2.031937
-6.134541 -2.300957
-9.083024 -2.155522
-8.929648 -1.745777
-3.874252 -1.287885
6.566744 -0.9366642
20.90687 -0.7123758
35.80793 -0.5295571
47.09261 -0.2966458
51.30103 0
47.09261 0.2966458
35.80793 0.5295571
20.90687 0.7123758
6.566744 0.9366642
-3.874252 1.287885
-8.929648 1.745777
-9.083024 2.155522
-6.134541 2.300957
-2.222251 2.031937
0.9992268 1.358958
2.741487 0.4553442
3.019081 -0.4273738
2.322553 -1.073087
1.252955 -1.379417
0.2714477 -1.369635
-0.3915332 -1.149707
-0.70516 -0.8460793
-0.7531719 -0.5574351
-0.6515973 -0.3352569
-0.4972225 -0.1893365
-0.3491714 -0.1051619
-0.232467 -0.06098572
-0.1503556 -0.0383431
-0.09627787 -0.02559383
-0.06167583 -0.01707171
-0.03954014 -0.01072317
-0.02517935 -0.006035464
-0.0157589 -0.002850881
-0.009600044 -0.0009362996
-0.005652892 4.31507e-05
-0.003204132 0.0004295065
0.0009857406 -0.001411295
-0.0003985512 -0.002448655
-0.003932497 -0.002994325
-0.009868592 -0.001814252
-0.01653058 0.002615364
-0.01886726 0.01125631
-0.007994401 0.02316306
0.02651073 0.03426501
0.09000143 0.03745731
0.1721115 0.02526585
0.2359834 -0.004587528
0.2154895 -0.0424928
0.03023352 -0.06339911
-0.3765473 -0.03181967
-0.9849567 0.08133966
-1.655737 0.2730199
-2.135547 0.4844031
-2.140836 0.5960534
-1.516201 0.4558232
-0.4080308 -0.0594821
0.653214 -0.9673804
0.8695749 -2.123171
-0.4738716 -3.220816
-3.522406 -3.870046
-7.458501 -3.734516
-10.47338 -2.681523
-10.26338 -0.8776899
-4.963569 1.221509
5.842148 3.000033
20.53279 3.888495
35.67026 3.573785
47.06496 2.127749
51.30103 0
47.06496 -2.127749
35.67026 -3.573785
20.53279 -3.888495
5.842148 -3.000033
-4.963569 -1.221509
-10.26338 0.8776899
-10.47338 2.681523
-7.458501 3.734516
-3.522406 3.870046
-0.4738716 3.220816
0.8695749 2.123171
0.653214 0.9673804
-0.4080308 0.0594821
-1.516201 -0.4558232
-2.140836 -0.5960534
-2.135547 -0.4844031
-1.655737 -0.2730199
-0.9849567 -0.08133966
-0.3765473 0.03181967
0.03023352 0.06339911
0.2154895 0.0424928
0.2359834 0.004587528
0.1721115 -0.02526585
0.09000143 -0.03745731
0.02651073 -0.03426501
-0.007994401 -0.02316306
-0.01886726 -0.01125631
-0.01653058 -0.002615364
-0.009868592 0.001814252
-0.003932497 0.002994325
-0.0003985512 0.002448655
-0.001307098 0.0009368484
-0.003442917 0.0001448787
-0.006416207 -0.002139911
-0.009050118 -0.006336262
-0.008544191 -0.01193208
-0.0003528591 -0.01672287
0.02068634 -0.01652334
0.05726774 -0.006130991
0.1046209 0.01790707
0.1452649 0.05313631
0.147248 0.08765356
0.07085477 0.1006426
-0.1127511 0.07038838
-0.3932949 -0.009651059
-0.6954227 -0.1116839
-0.8758092 -0.1622622
-0.7650074 -0.05183201
-0.2611175 0.3276027
0.5487176 1.023584
1.299647 1.966847
1.373582 2.95056
0.09499093 3.670322
-2.917298 3.823645
-7.361395 3.233891
-12.02718 1.942016
-14.93173 0.2167774
-13.89088 -1.528954
-7.393528 -2.879988
4.557022 -3.5525
20.04417 -3.460639
35.56422 -2.698262
47.05958 -1.466333
51.30103 0
47.05958 1.466333
35.56422 2.698262
20.04417 3.460639
4.557022 3.5525
-7.393528 2.879988
-13.89088 1.528954
-14.93173 -0.2167774
-12.02718 -1.942016
-7.361395 -3.233891
-2.917298 -3.823645
0.09499093 -3.670322
1.373582 -2.95056
1.299647 -1.966847
0.5487176 -1.023584
-0.2611175 -0.3276027
-0.7650074 0.05183201
-0.8758092 0.1622622
-0.6954227 0.1116839
-0.3932949 0.009651059
-0.1127511 -0.07038838
0.07085477 -0.1006426
0.147248 -0.08765356
0.1452649 -0.05313631
0.1046209 -0.01790707
0.05726774 0.006130991
0.02068634 0.01652334
-0.0003528591 0.01672287
-0.008544191 0.01193208
-0.009050118 0.006336262
-0.006416207 0.002139911
-0.003442917 -0.0001448787
0.001762795 0.0006363892
0.002579496 0.001474365
0.003508066 0.002994919
0.004299076 0.005523864
0.004349999 0.009378103
0.0023723 0.01473578
-0.004171474 0.02149455
-0.01988894 0.02926711
-0.05238609 0.03777231
-0.112783 0.04787931
-0.2147826 0.06326356
-0.3708547 0.09189613
-0.584352 0.1455613
-0.8379852 0.2349721
-1.082484 0.3590121
-1.233809 0.4901639
-1.190556 0.563721
-0.880922 0.4827046
-0.3364671 0.1482125
0.2328802 -0.4875247
0.4139118 -1.36777
-0.322589 -2.314439
-2.387104 -3.077498
-5.729255 -3.444928
-9.531734 -3.359526
-12.15525 -2.963905
-11.51353 -2.524349
-5.876963 -2.262918
5.165386 -2.203951
20.06058 -2.15024
35.41141 -1.821868
46.99016 -1.068525
51.30103 0
46.99016 1.068525
35.41141 1.821868
20.06058 2.15024
5.165386 2.203951
-5.876963 2.262918
-11.51353 2.524349
-12.15525 2.963905
-9.531734 3.359526
-5.729255 3.444928
-2.387104 3.077498
-0.322589 2.314439
0.4139118 1.36777
0.2328802 0.4875247
-0.3364671 -0.1482125
-0.880922 -0.4827046
-1.190556 -0.563721
-1.233809 -0.4901639
-1.082484 -0.3590121
-0.8379852 -0.2349721
-0.584352 -0.1455613
-0.3708547 -0.09189613
-0.2147826 -0.06326356
-0.112783 -0.04787931
-0.05238609 -0.03777231
-0.01988894 -0.02926711
-0.004171474 -0.02149455
0.0023723 -0.01473578
0.004349999 -0.009378103
0.004299076 -0.005523864
0.003508066 -0.002994919
0.002579496 -0.001474365
-0.00065745 0.001522174
0.001325729 0.0020967
0.005561229 0.001287716
0.01124175 -0.002214551
0.01467468 -0.008779714
0.008944155 -0.0161825
-0.01330875 -0.01856955
-0.05259833 -0.007883878
-0.09245446 0.02093114
-0.09317836 0.06210185
-0.0002578574 0.09350196
0.2244097 0.08075119
0.5540756 -0.004434759
0.8593139 -0.156272
0.9254028 -0.3138359
0.5593496 -0.3685425
-0.2295124 -0.2110661
-1.067589 0.197773
-1.217473 0.7745929
0.1520935 1.326338
3.469524 1.643392
8.282607 1.632103
13.15961 1.403956
16.21527 1.248489
16.15084 1.483912
13.27838 2.263121
9.821666 3.452166
9.069419 4.659233
13.62947 5.399044
23.70172 5.297411
36.4659 4.229782
47.14343 2.345252
51.30103 0
47.14343 -2.345252
36.4659 -4.229782
23.70172 -5.297411
13.62947 -5.399044
9.069419 -4.659233
9.821666 -3.452166
13.27838 -2.263121
16.15084 -1.483912
16.21527 -1.248489
13.15961 -1.403956
8.282607 -1.632103
3.469524 -1.643392
0.1520935 -1.326338
-1.217473 -0.7745929
-1.067589 -0.197773
-0.2295124 0.2110661
0.5593496 0.3685425
0.9254028 0.3138359
0.8593139 0.156272
0.5540756 0.004434759
0.2244097 -0.08075119
-0.0002578574 -0.09350196
-0.09317836 -0.06210185
-0.09245446 -0.02093114
-0.05259833 0.007883878
-0.01330875 0.01856955
0.008944155 0.0161825
0.01467468 0.008779714
0.01124175 0.002214551
0.005561229 -0.001287716
0.001325729 -0.0020967
-0.002170585 -0.0007219485
-0.00349708 -0.001954247
-0.005018059 -0.004122358
-0.006146535 -0.007439302
-0.00561876 -0.01176743
-0.001249043 -0.01621874
0.0101258 -0.01870344
0.0322875 -0.01567804
0.06869083 -0.002529244
0.1210144 0.02490231
0.1877536 0.06742048
0.2638633 0.1187483
0.3424261 0.1627833
0.418161 0.1747763
0.4900187 0.1293093
0.5569773 0.01554454
0.599934 -0.1446659
0.546889 -0.28567
0.230901 -0.3058679
-0.6317091 -0.1012182
-2.401468 0.3821512
-5.378396 1.098509
-9.56962 1.886332
-14.43207 2.5062
-18.72848 2.727545
-20.65425 2.429213
-18.31906 1.664376
-10.50186 0.6536876
2.594307 -0.2939884
18.96424 -0.8975771
35.09355 -1.005424
46.94332 -0.6436513
51.30103 0
46.94332 0.6436513
35.09355 1.005424
18.96424 0.8975771
2.594307 0.2939884
-10.50186 -0.6536876
-18.31906 -1.664376
-20.65425 -2.429213
-18.72848 -2.727545
-14.43207 -2.5062
-9.56962 -1.886332
-5.378396 -1.098509
-2.401468 -0.3821512
-0.6317091 0.1012182
0.230901 0.3058679
0.546889 0.28567
0.599934 0.1446659
0.5569773 -0.01554454
0.4900187 -0.1293093
0.418161 -0.1747763
0.3424261 -0.1627833
0.2638633 -0.1187483
0.1877536 -0.06742048
0.1210144 -0.02490231
0.06869083 0.002529244
0.0322875 0.01567804
0.0101258 0.01870344
-0.001249043 0.01621874
-0.00561876 0.01176743
-0.006146535 0.007439302
-0.005018059 0.004122358
-0.00349708 0.001954247
0.0004649102 -0.001504078
0.00231097 -0.002136142
0.005675609 -0.002273671
0.01051782 -0.001057721
0.01560657 0.002710738
0.0176568 0.01029104
0.01075784 0.02239585
-0.01309829 0.03827664
-0.0613573 0.05469212
-0.1353295 0.06512867
-0.2219898 0.05973466
-0.285455 0.02636302
-0.2630153 -0.04709938
-0.07259089 -0.1691803
0.3618446 -0.340252
1.064748 -0.5472361
1.950477 -0.7582976
2.771265 -0.919512
3.10246 -0.9575814
2.398789 -0.7942223
0.1431402 -0.3760865
-3.922197 0.2834915
-9.538153 1.067139
-15.74718 1.747471
-20.90846 2.037659
-22.99837 1.701414
-20.1897 0.6871268
-11.56749 -0.7823156
2.27882 -2.233343
19.07541 -3.10232
35.27557 -2.979429
47.01372 -1.819383
51.30103 0
47.01372 1.819383
35.27557 2.979429
19.07541 3.10232
2.27882 2.233343
-11.56749 0.7823156
-20.1897 -0.6871268
-22.99837 -1.701414
-20.90846 -2.037659
-15.74718 -1.747471
-9.538153 -1.067139
-3.922197 -0.2834915
0.1431402 0.3760865
2.398789 0.7942223
3.10246 0.9575814
2.771265 0.919512
1.950477 0.7582976
1.064748 0.5472361
0.3618446 0.340252
-0.07259089 0.1691803
-0.2630153 0.04709938
-0.285455 -0.02636302
-0.2219898 -0.05973466
-0.1353295 -0.06512867
-0.0613573 -0.05469212
-0.01309829 -0.03827664
0.01075784 -0.02239585
0.0176568 -0.01029104
0.01560657 -0.002710738
0.01051782 0.001057721
0.005675609 0.002273671
0.00231097 0.002136142
0.001795586 0.000495264
0.003832342 -0.000845688
0.005561292 -0.003578397
0.004660965 -0.007137231
-0.002243067 -0.009357806
-0.0177272 -0.006513533
-0.03980049 0.004976744
-0.05738724 0.02478614
-0.04859589 0.04406929
0.0128978 0.04331945
0.1393362 -0.002956837
0.3009103 -0.1124664
0.4024428 -0.2759095
0.2890094 -0.4433974
-0.1969386 -0.5308757
-1.107241 -0.4541996
-2.270407 -0.1811854
-3.245718 0.2273521
-3.431321 0.6225795
-2.344668 0.8346932
0.02490868 0.7783838
3.001645 0.5362115
5.366172 0.355693
5.924233 0.5388194
4.299203 1.272007
1.508095 2.493608
-0.1361384 3.884573
2.04212 4.995655
9.646185 5.438793
22.01023 5.033022
35.99693 3.834235
47.08226 2.062098
51.30103 0
47.08226 -2.062098
35.99693 -3.834235
22.01023 -5.033022
9.646185 -5.438793
2.04212 -4.995655
-0.1361384 -3.884573
1.508095 -2.493608
4.299203 -1.272007
5.924233 -0.5388194
5.366172 -0.355693
3.001645 -0.5362115
0.02490868 -0.7783838
-2.344668 -0.8346932
-3.431321 -0.6225795
-3.245718 -0.2273521
-2.270407 0.1811854
-1.107241 0.4541996
-0.1969386 0.5308757
0.2890094 0.4433974
0.4024428 0.2759095
0.3009103 0.1124664
0.1393362 0.002956837
0.0128978 -0.04331945
-0.04859589 -0.04406929
-0.05738724 -0.02478614
-0.03980049 -0.004976744
-0.0177272 0.006513533
-0.002243067 0.009357806
0.004660965 0.007137231
0.005561292 0.003578397
0.003832342 0.000845688
0.002107843 0.0002138066
0.003591989 0.0003433495
0.006077125 0.0005122412
0.0102387 0.0007418565
0.01717241 0.001156222
0.02853038 0.002165936
0.04652647 0.004761748
0.07362291 0.01080636
0.1117501 0.0229949
0.1612124 0.04392555
0.2201168 0.0737344
0.2860956 0.1063735
0.3626595 0.1260645
0.4715255 0.1073311
0.6684779 0.02289655
1.053618 -0.1384081
1.759898 -0.3479154
2.90274 -0.520382
4.486031 -0.5220059
6.289519 -0.2147616
7.801377 0.4714086
8.283315 1.472396
7.031183 2.575584
3.802308 3.48485
-0.7555665 3.94565
-4.94377 3.863911
-6.364356 3.343944
-2.816856 2.617129
6.557823 1.907551
20.44897 1.325567
35.41315 0.8557426
46.95951 0.4284338
51.30103 0
46.95951 -0.4284338
35.41315 -0.8557426
20.44897 -1.325567
6.557823 -1.907551
-2.816856 -2.617129
-6.364356 -3.343944
-4.94377 -3.863911
-0.7555665 -3.94565
3.802308 -3.48485
7.031183 -2.575584
8.283315 -1.472396
7.801377 -0.4714086
6.289519 0.2147616
4.486031 0.5220059
2.90274 0.520382
1.759898 0.3479154
1.053618 0.1384081
0.6684779 -0.02289655
0.4715255 -0.1073311
0.3626595 -0.1260645
0.2860956 -0.1063735
0.2201168 -0.0737344
0.1612124 -0.04392555
0.1117501 -0.0229949
0.07362291 -0.01080636
0.04652647 -0.004761748
0.02853038 -0.002165936
0.01717241 -0.001156222
0.0102387 -0.0007418565
0.006077125 -0.0005122412
0.003591989 -0.0003433495
0.002003243 -0.0005768439
0.003876593 0.0004885609
0.004968737 0.002764086
0.002684909 0.005806405
-0.006396249 0.007742936
-0.02437222 0.005126252
-0.04813459 -0.005893673
-0.06532066 -0.02662734
-0.05389983 -0.0518419
0.009611102 -0.06706135
0.1305985 -0.05055935
0.2701825 0.01772242
0.3280067 0.1422001
0.1571558 0.3001166
-0.371306 0.4431891
-1.262262 0.5194947
-2.296623 0.5107661
-3.015927 0.4652811
-2.859313 0.4991138
-1.449889 0.7485282
1.084806 1.283923
3.962609 2.027161
5.955155 2.72734
5.981395 3.029717
3.858587 2.623778
0.7845073 1.406116
-0.8541109 -0.4253789
1.550648 -2.401932
9.442538 -3.934404
22.00647 -4.521438
36.0516 -3.929283
47.10707 -2.276413
51.30103 0
47.10707 2.276413
36.0516 3.929283
22.00647 4.521438
9.442538 3.934404
1.550648 2.401932
-0.8541109 0.4253789
0.7845073 -1.406116
3.858587 -2.623778
5.981395 -3.029717
5.955155 -2.72734
3.962609 -2.027161
1.084806 -1.283923
-1.449889 -0.7485282
-2.859313 -0.4991138
-3.015927 -0.4652811
-2.296623 -0.5107661
-1.262262 -0.5194947
-0.371306 -0.4431891
0.1571558 -0.3001166
0.3280067 -0.1422001
0.2701825 -0.01772242
0.1305985 0.05055935
0.009611102 0.06706135
-0.05389983 0.0518419
-0.06532066 0.02662734
-0.04813459 0.005893673
-0.02437222 -0.005126252
-0.006396249 -0.007742936
0.002684909 -0.005806405
0.004968737 -0.002764086
0.003876593 -0.0004885609
-0.0001012712 0.001593754
0.001377056 0.001953418
0.004502944 0.001359517
0.00967693 -0.001274402
0.01636742 -0.007134954
0.02206305 -0.01677009
0.02117433 -0.02883079
0.004639162 -0.03854163
-0.0385363 -0.03661646
-0.1164189 -0.009799787
-0.225277 0.05565161
-0.3379862 0.166821
-0.3942785 0.3141426
-0.300983 0.4616925
0.04787956 0.5430567
0.7243876 0.4687036
1.696785 0.1484582
2.75628 -0.4730732
3.478084 -1.378053
3.262492 -2.450228
1.489315 -3.479876
-2.220548 -4.207588
-7.702334 -4.399812
-14.02624 -3.931915
-19.50062 -2.845223
-21.99627 -1.350533
-19.57328 0.2282865
-11.24185 1.550106
2.426977 2.353311
19.13457 2.516868
35.29605 2.069622
47.0183 1.158272
51.30103 0
47.0183 -1.158272
35.29605 -2.069622
19.13457 -2.516868
2.426977 -2.353311
-11.24185 -1.550106
-19.57328 -0.2282865
-21.99627 1.350533
-19.50062 2.845223
-14.02624 3.931915
-7.702334 4.399812
-2.220548 4.207588
1.489315 3.479876
3.262492 2.450228
3.478084 1.378053
2.75628 0.4730732
1.696785 -0.1484582
0.7243876 -0.4687036
0.04787956 -0.5430567
-0.300983 -0.4616925
-0.3942785 -0.3141426
-0.3379862 -0.166821
-0.225277 -0.05565161
-0.1164189 0.009799787
-0.0385363 0.03661646
0.004639162 0.03854163
0.02117433 0.02883079
0.02206305 0.01677009
0.01636742 0.007134954
0.00967693 0.001274402
0.004502944 -0.001359517
0.001377056 -0.001953418
-0.002078678 0.0002415329
-0.002954503 0.001059947
-0.00354139 0.002696329
-0.003024798 0.005605137
1.654313e-05 0.01029262
0.007696518 0.01713467
0.02269061 0.02598355
0.04776136 0.03547266
0.08490457 0.04200652
0.1342817 0.03865419
0.1933629 0.01458642
0.2568531 -0.04379083
0.3177265 -0.1486051
0.3687956 -0.3024102
0.402661 -0.4874855
0.4062538 -0.6571939
0.3458952 -0.7371527
0.1419711 -0.6437571
-0.3594103 -0.3210103
-1.397862 0.2162677
-3.262272 0.8579198
-6.177007 1.419846
-10.10771 1.720178
-14.53779 1.682861
-18.33052 1.407732
-19.82264 1.145152
-17.24622 1.161063
-9.429621 1.555677
3.464131 2.152898
19.53088 2.55624
35.36706 2.366362
47.01444 1.437006
51.30103 0
47.01444 -1.437006
35.36706 -2.366362
19.53088 -2.55624
3.464131 -2.152898
-9.429621 -1.555677
-17.24622 -1.161063
-19.82264 -1.145152
-18.33052 -1.407732
-14.53779 -1.682861
-10.10771 -1.720178
-6.177007 -1.419846
-3.262272 -0.8579198
-1.397862 -0.2162677
-0.3594103 0.3210103
0.1419711 0.6437571
0.3458952 0.7371527
0.4062538 0.6571939
0.402661 0.4874855
0.3687956 0.3024102
0.3177265 0.1486051
0.2568531 0.04379083
0.1933629 -0.01458642
0.1342817 -0.03865419
0.08490457 -0.04200652
0.04776136 -0.03547266
0.02269061 -0.02598355
0.007696518 -0.01713467
1.654313e-05 -0.01029262
-0.003024798 -0.005605137
-0.00354139 -0.002696329
-0.002954503 -0.001059947
-0.0007932026 -0.001623588
0.001029326 -0.002260451
0.005040343 -0.001525958
0.01046665 0.001838272
0.01363007 0.008007587
0.007469046 0.01430521
-0.01590691 0.01410049
-0.0581277 -0.001700604
-0.1043676 -0.03923306
-0.1165694 -0.09364131
-0.04087693 -0.1437492
0.1620725 -0.1571147
0.4686773 -0.1100085
0.7528255 -0.01671554
0.8002355 0.05007627
0.4131348 -0.02911271
-0.407871 -0.3664886
-1.295365 -0.9891533
-1.506038 -1.784883
-0.1845401 -2.521746
3.135206 -2.954828
8.034641 -2.971987
13.08842 -2.687139
16.37621 -2.404885
16.53066 -2.456852
13.79188 -3.000084
10.34514 -3.903421
9.493928 -4.795697
13.90319 -5.243782
23.83734 -4.947947
36.51346 -3.846276
47.15251 -2.098292
51.30103 0
47.15251 2.098292
36.51346 3.846276
23.83734 4.947947
13.90319 5.243782
9.493928 4.795697
10.34514 3.903421
13.79188 3.000084
16.53066 2.456852
16.37621 2.404885
13.08842 2.687139
8.034641 2.971987
3.135206 2.954828
-0.1845401 2.521746
-1.506038 1.784883
-1.295365 0.9891533
-0.407871 0.3664886
0.4131348 0.02911271
0.8002355 -0.05007627
0.7528255 0.01671554
0.4686773 0.1100085
0.1620725 0.1571147
-0.04087693 0.1437492
-0.1165694 0.09364131
-0.1043676 0.03923306
-0.0581277 0.001700604
-0.01590691 -0.01410049
0.007469046 -0.01430521
0.01363007 -0.008007587
0.01046665 -0.001838272
0.005040343 0.001525958
0.001029326 0.002260451
0.002046183 -0.0009515104
0.003305799 -0.001941165
0.00510773 -0.003645237
0.007494423 -0.006445433
0.01027368 -0.01087767
0.01268126 -0.01765095
0.01277094 -0.02756557
0.00648215 -0.04115813
-0.01347714 -0.05781816
-0.05840943 -0.07416139
-0.1430109 -0.08178129
-0.2818979 -0.06525777
-0.4821168 -0.002329724
-0.7321969 0.1312049
-0.9917779 0.3501024
-1.190232 0.643234
-1.245296 0.9587303
-1.109262 1.201874
-0.8370457 1.256246
-0.6481614 1.02922
-0.9326677 0.5064353
-2.147194 -0.2145592
-4.5802 -0.9405981
-8.039807 -1.455434
-11.60725 -1.618487
-13.64769 -1.434039
-12.21678 -1.043987
-5.826949 -0.6429585
5.69522 -0.3685864
20.68588 -0.2398473
35.82766 -0.1819052
47.11916 -0.1099476
51.30103 0
47.11916 0.1099476
35.82766 0.1819052
20.68588 0.2398473
5.69522 0.3685864
-5.826949 0.6429585
-12.21678 1.043987
-13.64769 1.434039
-11.60725 1.618487
-8.039807 1.455434
-4.5802 0.9405981
-2.147194 0.2145592
-0.9326677 -0.5064353
-0.6481614 -1.02922
-0.8370457 -1.256246
-1.109262 -1.201874
-1.245296 -0.9587303
-1.190232 -0.643234
-0.9917779 -0.3501024
-0.7321969 -0.1312049
-0.4821168 0.002329724
-0.2818979 0.06525777
-0.1430109 0.08178129
-0.05840943 0.07416139
-0.01347714 0.05781816
0.00648215 0.04115813
0.01277094 0.02756557
0.01268126 0.01765095
0.01027368 0.01087767
0.007494423 0.006445433
0.00510773 0.003645237
0.003305799 0.001941165
-0.001786304 -0.0009713543
-0.003930534 -0.0005345115
-0.0063932 0.001025993
-0.007477072 0.004099092
-0.003885465 0.008390954
0.008953268 0.01227079
0.03508959 0.01239492
0.07434514 0.004256438
0.1172738 -0.01570217
0.1410864 -0.04629809
0.1105705 -0.07714002
-0.01162379 -0.08588492
-0.2436995 -0.04052484
-0.5574113 0.09060288
-0.8586137 0.3211888
-0.995886 0.6264296
-0.814426 0.928979
-0.2547898 1.102636
0.5343921 1.001633
1.131577 0.514063
0.8978062 -0.3749219
-0.8045415 -1.535603
-4.260421 -2.690241
-9.043017 -3.471909
-13.83737 -3.540881
-16.62107 -2.72494
-15.25389 -1.127839
-8.33181 0.8511723
4.020153 2.616898
19.80042 3.577468
35.4839 3.372578
47.04485 2.033978
51.30103 0
47.04485 -2.033978
35.4839 -3.372578
19.80042 -3.577468
4.020153 -2.616898
-8.33181 -0.8511723
-15.25389 1.127839
-16.62107 2.72494
-13.83737 3.540881
-9.043017 3.471909
-4.260421 2.690241
-0.8045415 1.535603
0.8978062 0.3749219
1.131577 -0.514063
0.5343921 -1.001633
-0.2547898 -1.102636
-0.814426 -0.928979
-0.995886 -0.6264296
-0.8586137 -0.3211888
-0.5574113 -0.09060288
-0.2436995 0.04052484
-0.01162379 0.08588492
0.1105705 0.07714002
0.1410864 0.04629809
0.1172738 0.01570217
0.07434514 -0.004256438
0.03508959 -0.01239492
0.008953268 -0.01227079
-0.003885465 -0.008390954
-0.007477072 -0.004099092
-0.0063932 -0.001025993
-0.003930534 0.0005345115
0.001254498 0.001562472
0.000300228 0.00252492
-0.002729099 0.002645867
-0.008486898 0.0004448054
-0.01604703 -0.005614958
-0.02125042 -0.01578773
-0.01557568 -0.0270945
0.01270044 -0.03172163
0.07303678 -0.01746394
0.1621052 0.02812595
0.2508564 0.10974
0.2766576 0.2153293
0.1515219 0.3121063
-0.2046621 0.3541331
-0.808254 0.3038213
-1.554806 0.1606355
-2.200135 -0.01919576
-2.420029 -0.1307212
-1.960296 -0.0645734
-0.8317904 0.2255716
0.5552562 0.6672223
1.44312 1.065332
1.032237 1.170002
-1.026853 0.7941576
-4.17643 -0.07746899
-6.824559 -1.252761
-6.755214 -2.399005
-2.031958 -3.181396
7.951512 -3.397665
21.79841 -3.03558
36.24887 -2.230941
47.21081 -1.168445
51.30103 0
47.21081 1.168445
36.24887 2.230941
21.79841 3.03558
7.951512 3.397665
-2.031958 3.181396
-6.755214 2.399005
-6.824559 1.252761
-4.17643 0.07746899
-1.026853 -0.7941576
1.032237 -1.170002
1.44312 -1.065332
0.5552562 -0.6672223
-0.8317904 -0.2255716
-1.960296 0.0645734
-2.420029 0.1307212
-2.200135 0.01919576
-1.554806 -0.1606355
-0.808254 -0.3038213
-0.2046621 -0.3541331
0.1515219 -0.3121063
0.2766576 -0.2153293
0.2508564 -0.10974
0.1621052 -0.02812595
0.07303678 0.01746394
0.01270044 0.03172163
-0.01557568 0.0270945
-0.02125042 0.01578773
-0.01604703 0.005614958
-0.008486898 -0.0004448054
-0.002729099 -0.002645867
0.000300228 -0.00252492
-0.002137056 0.0009107574
-0.003717 0.001306963
-0.006249119 0.001744336
-0.01018606 0.002058004
-0.01617584 0.001864948
-0.02519395 0.0004481799
-0.03876916 -0.003291367
-0.05927161 -0.0106537
-0.09007179 -0.02252001
-0.1351039 -0.03818396
-0.197053 -0.0539105
-0.2732707 -0.06221317
-0.3490203 -0.05361354
-0.3892027 -0.02274027
-0.3324551 0.02098045
-0.09477239 0.04163257
0.4083971 -0.02739465
1.2155 -0.2693094
2.252402 -0.7458554
3.270087 -1.444477
3.832064 -2.23906
3.405744 -2.901815
1.588162 -3.187414
-1.571308 -2.966023
-5.283417 -2.332006
-7.967304 -1.600937
-7.60546 -1.158698
-2.509182 -1.227072
7.757742 -1.693031
21.75093 -2.138166
36.24782 -2.083039
47.21331 -1.30308
51.30103 0
47.21331 1.30308
36.24782 2.083039
21.75093 2.138166
7.757742 1.693031
-2.509182 1.227072
-7.60546 1.158698
-7.967304 1.600937
-5.283417 2.332006
-1.571308 2.966023
1.588162 3.187414
3.405744 2.901815
3.832064 2.23906
3.270087 1.444477
2.252402 0.7458554
1.2155 0.2693094
0.4083971 0.02739465
-0.09477239 -0.04163257
-0.3324551 -0.02098045
-0.3892027 0.02274027
-0.3490203 0.05361354
-0.2732707 0.06221317
-0.197053 0.0539105
-0.1351039 0.03818396
-0.09007179 0.02252001
-0.05927161 0.0106537
-0.03876916 0.003291367
-0.02519395 -0.0004481799
-0.01617584 -0.001864948
-0.01018606 -0.002058004
-0.006249119 -0.001744336
-0.003717 -0.001306963
-1.024282e-05 0.001465083
0.00223894 0.001573281
0.006043159 0.0001205031
0.009761462 -0.003841482
0.009051173 -0.01009745
-0.002673909 -0.0159918
-0.03071639 -0.01610131
-0.07200188 -0.004376918
-0.1070787 0.02053258
-0.0981524 0.04845611
-0.002236749 0.05413838
0.1962013 0.002990281
0.4428607 -0.1311376
0.5902857 -0.3419201
0.4324467 -0.5754618
-0.180634 -0.7416776
-1.176673 -0.7582405
-2.1371 -0.6100446
-2.341604 -0.3861766
-1.056334 -0.2566583
2.004339 -0.381924
6.285749 -0.7959869
10.38738 -1.336975
12.62462 -1.685768
12.00354 -1.513109
9.097277 -0.6632913
6.198575 0.7305203
6.42191 2.270359
12.04631 3.447296
22.96531 3.843372
36.22352 3.283803
47.10016 1.884356
51.30103 0
47.10016 -1.884356
36.22352 -3.283803
22.96531 -3.843372
12.04631 -3.447296
6.42191 -2.270359
6.198575 -0.7305203
9.097277 0.6632913
12.00354 1.513109
12.62462 1.685768
10.38738 1.336975
6.285749 0.7959869
2.004339 0.381924
-1.056334 0.2566583
-2.341604 0.3861766
-2.1371 0.6100446
-1.176673 0.7582405
-0.180634 0.7416776
0.4324467 0.5754618
0.5902857 0.3419201
0.4428607 0.1311376
0.1962013 -0.002990281
-0.002236749 -0.05413838
-0.0981524 -0.04845611
-0.1070787 -0.02053258
-0.07200188 0.004376918
-0.03071639 0.01610131
-0.002673909 0.0159918
0.009051173 0.01009745
0.009761462 0.003841482
0.006043159 -0.0001205031
0.00223894 -0.001573281
0.0007443399 0.001733368
2.232866e-05 0.002695824
-0.002113162 0.003533995
-0.006742567 0.003534209
-0.01514643 0.001435267
-0.0283366 -0.004613443
-0.04607165 -0.01685343
-0.06522613 -0.03732344
-0.07758398 -0.06674518
-0.06753121 -0.1028656
-0.01073046 -0.1384296
0.1244454 -0.1592584
0.3704522 -0.1433151
0.7469933 -0.06206487
1.239626 0.114316
1.772903 0.4067183
2.185063 0.8122774
2.216692 1.288444
1.529901 1.743363
-0.2258748 2.042605
-3.294117 2.040244
-7.649904 1.633132
-12.83828 0.8220789
-17.88251 -0.2500733
-21.34447 -1.314969
-21.59513 -2.062182
-17.28358 -2.26586
-7.892129 -1.896315
5.824146 -1.150561
21.73569 -0.3692993
36.71041 0.1292246
47.41497 0.2125676
51.30103 0
47.41497 -0.2125676
36.71041 -0.1292246
21.73569 0.3692993
5.824146 1.150561
-7.892129 1.896315
-17.28358 2.26586
-21.59513 2.062182
-21.34447 1.314969
-17.88251 0.2500733
-12.83828 -0.8220789
-7.649904 -1.633132
-3.294117 -2.040244
-0.2258748 -2.042605
1.529901 -1.743363
2.216692 -1.288444
2.185063 -0.8122774
1.772903 -0.4067183
1.239626 -0.114316
0.7469933 0.06206487
0.3704522 0.1433151
0.1244454 0.1592584
-0.01073046 0.1384296
-0.06753121 0.1028656
-0.07758398 0.06674518
-0.06522613 0.03732344
-0.04607165 0.01685343
-0.0283366 0.004613443
-0.01514643 -0.001435267
-0.006742567 -0.003534209
-0.002113162 -0.003533995
2.232866e-05 -0.002695824
0.002137235 0.0003469971
0.00280581 0.001354854
0.002572135 0.003136002
6.338213e-06 0.005780307
-0.007058865 0.00905003
-0.02122366 0.0121676
-0.04451535 0.01369185
-0.07638433 0.01162399
-0.1106459 0.00384367
-0.1318564 -0.01118738
-0.1124545 -0.03378868
-0.01294691 -0.06306977
0.2119445 -0.09811158
0.5985306 -0.1402089
1.149909 -0.1947996
1.804839 -0.270375
2.407309 -0.3715367
2.689724 -0.48591
2.286681 -0.5701953
0.7964603 -0.546955
-2.099609 -0.325519
-6.467178 0.1480799
-11.93422 0.8269253
-17.56175 1.521781
-21.86308 1.926765
-23.05255 1.733296
-19.53757 0.8010371
-10.5511 -0.7001744
3.298779 -2.278553
19.83679 -3.288134
35.6793 -3.222676
47.12497 -1.989193
51.30103 0
47.12497 1.989193
35.6793 3.222676
19.83679 3.288134
3.298779 2.278553
-10.5511 0.7001744
-19.53757 -0.8010371
-23.05255 -1.733296
-21.86308 -1.926765
-17.56175 -1.521781
-11.93422 -0.8269253
-6.467178 -0.1480799
-2.099609 0.325519
0.7964603 0.546955
2.286681 0.5701953
2.689724 0.48591
2.407309 0.3715367
1.804839 0.270375
1.149909 0.1947996
0.5985306 0.1402089
0.2119445 0.09811158
-0.01294691 0.06306977
-0.1124545 0.03378868
-0.1318564 0.01118738
-0.1106459 -0.00384367
-0.07638433 -0.01162399
-0.04451535 -0.01369185
-0.02122366 -0.0121676
-0.007058865 -0.00905003
6.338213e-06 -0.005780307
0.002572135 -0.003136002
0.00280581 -0.001354854
0.0004991691 0.001378932
0.002778246 0.0009801134
0.006119204 -0.001109869
0.008623591 -0.005273826
0.006087074 -0.0102136
-0.007148994 -0.01189578
-0.03454874 -0.003878011
-0.07085053 0.01969404
-0.09549087 0.05843587
-0.07245255 0.1001438
0.03567692 0.1207019
0.2367148 0.09478575
0.4715383 0.01733236
0.597804 -0.0740048
0.4295993 -0.09352477
-0.149808 0.06451087
-1.033151 0.4654959
-1.782903 1.069228
-1.690804 1.705284
-0.06752804 2.124394
3.312384 2.118758
7.846703 1.651563
12.12271 0.9117541
14.47926 0.2423201
13.95549 -0.03222408
11.12992 0.2187751
8.252111 0.8625729
8.360924 1.582098
13.67807 2.047991
24.11384 2.070726
36.82551 1.647109
47.26657 0.9021564
51.30103 0
47.26657 -0.9021564
36.82551 -1.647109
24.11384 -2.070726
13.67807 -2.047991
8.360924 -1.582098
8.252111 -0.8625729
11.12992 -0.2187751
13.95549 0.03222408
14.47926 -0.2423201
12.12271 -0.9117541
7.846703 -1.651563
3.312384 -2.118758
-0.06752804 -2.124394
-1.690804 -1.705284
-1.782903 -1.069228
-1.033151 -0.4654959
-0.149808 -0.06451087
0.4295993 0.09352477
0.597804 0.0740048
0.4715383 -0.01733236
0.2367148 -0.09478575
0.03567692 -0.1207019
-0.07245255 -0.1001438
-0.09549087 -0.05843587
-0.07085053 -0.01969404
-0.03454874 0.003878011
-0.007148994 0.01189578
0.006087074 0.0102136
0.008623591 0.005273826
0.006119204 0.001109869
0.002778246 -0.0009801134
-0.001614802 -0.001423881
-0.002574076 -0.002431364
-0.004020989 -0.004008338
-0.006185122 -0.006390373
-0.009421038 -0.009895712
-0.01426994 -0.01500819
-0.02148984 -0.02257115
-0.03193731 -0.03414232
-0.04608167 -0.05248042
-0.06284141 -0.08192921
-0.07744847 -0.128129
-0.07830177 -0.1961527
-0.04340074 -0.2861892
0.06201549 -0.3868024
0.2837267 -0.4679624
0.6687968 -0.4790413
1.244209 -0.3589435
1.983206 -0.06337971
2.765855 0.3945972
3.351944 0.9089807
3.396492 1.280039
2.541444 1.274507
0.5979781 0.7443287
-2.215629 -0.2449445
-5.083883 -1.360865
-6.602315 -2.098756
-5.106924 -2.021326
0.6853918 -1.032919
10.93609 0.4860055
24.20944 1.811219
37.60567 2.244851
47.5987 1.522652
51.30103 0
47.5987 -1.522652
37.60567 -2.244851
24.20944 -1.811219
10.93609 -0.4860055
0.6853918 1.032919
-5.106924 2.021326
-6.602315 2.098756
-5.083883 1.360865
-2.215629 0.2449445
0.5979781 -0.7443287
2.541444 -1.274507
3.396492 -1.280039
3.351944 -0.9089807
2.765855 -0.3945972
1.983206 0.06337971
1.244209 0.3589435
0.6687968 0.4790413
0.2837267 0.4679624
0.06201549 0.3868024
-0.04340074 0.2861892
-0.07830177 0.1961527
-0.07744847 0.128129
-0.06284141 0.08192921
-0.04608167 0.05248042
-0.03193731 0.03414232
-0.02148984 0.02257115
-0.01426994 0.01500819
-0.009421038 0.009895712
-0.006185122 0.006390373
-0.004020989 0.004008338
-0.002574076 0.002431364
0.002107896 0.0007926611
0.002156646 0.002237949
8.905073e-05 0.00396467
-0.005642912 0.004794707
-0.0154458 0.002641324
-0.02639394 -0.004897902
-0.03004488 -0.01901109
-0.0123628 -0.03753083
0.0413947 -0.0534091
0.1349708 -0.05572301
0.2445529 -0.03474224
0.3055392 0.009507965
0.2162581 0.0591889
-0.1285289 0.07797201
-0.7735828 0.0240644
-1.630707 -0.1227376
-2.443402 -0.3298817
-2.839698 -0.4958043
-2.494363 -0.4680644
-1.356133 -0.1023854
0.1777761 0.654193
1.287945 1.69467
1.048993 2.741779
-1.025986 3.419929
-4.453381 3.394057
-7.594027 2.521198
-8.06142 0.9447263
-3.693142 -0.9197622
6.287539 -2.511734
20.50159 -3.320461
35.52856 -3.071529
47.00568 -1.832812
51.30103 0
47.00568 1.832812
35.52856 3.071529
20.50159 3.320461
6.287539 2.511734
-3.693142 0.9197622
-8.06142 -0.9447263
-7.594027 -2.521198
-4.453381 -3.394057
-1.025986 -3.419929
1.048993 -2.741779
1.287945 -1.69467
0.1777761 -0.654193
-1.356133 0.1023854
-2.494363 0.4680644
-2.839698 0.4958043
-2.443402 0.3298817
-1.630707 0.1227376
-0.7735828 -0.0240644
-0.1285289 -0.07797201
0.2162581 -0.0591889
0.3055392 -0.009507965
0.2445529 0.03474224
0.1349708 0.05572301
0.0413947 0.0534091
-0.0123628 0.03753083
-0.03004488 0.01901109
-0.02639394 0.004897902
-0.0154458 -0.002641324
-0.005642912 -0.004794707
8.905073e-05 -0.00396467
0.002156646 -0.002237949
2.580765e-27
3.570135e-25
3.341753e-23
2.116498e-21
9.070164e-20
2.630063e-18
5.16025e-17
6.850609e-16
6.15377e-15
3.740306e-14
1.538249e-13
4.280553e-13
8.059848e-13
1.026851e-12
8.852012e-13
5.163333e-13
2.037849e-13
5.442114e-14
9.833803e-15
1.202799e-15
1.006908e-16
7.320842e-18
1.616077e-18
6.357042e-19
1.582921e-19
2.222718e-20
1.750929e-21
7.79893e-23
2.063244e-24
4.321288e-26
1.469383e-27
7.286202e-29
2.206243e-25
3.052035e-23
2.856796e-21
1.809351e-19
7.753897e-18
2.248387e-16
4.411392e-15
5.856445e-14
5.260732e-13
3.19751e-12
1.315017e-11
3.659357e-11
6.890199e-11
8.778341e-11
7.567403e-11
4.414027e-11
1.742115e-11
4.65236e-12
8.407384e-13
1.031303e-13
9.390432e-15
1.747676e-15
1.037748e-15
4.578713e-16
1.147843e-16
1.611206e-17
1.265646e-18
5.570939e-20
1.385585e-21
2.075871e-23
2.911005e-25
8.94853e-27
1.27618e-23
1.76542e-21
1.652486e-19
1.046602e-17
4.485167e-16
1.300558e-14
2.551727e-13
3.387604e-12
3.04302e-11
1.849569e-10
7.606592e-10
2.11672e-09
3.985569e-09
5.077747e-09
4.377291e-09
2.553251e-09
1.00771e-09
2.691145e-10
4.865803e-11
6.086044e-12
8.521748e-13
5.440563e-13
4.152428e-13
1.858226e-13
4.661994e-14
6.543503e-15
5.137947e-16
2.257543e-17
5.561097e-19
7.795901e-21
7.172447e-23
9.989301e-25
4.994872e-22
6.909719e-20
6.467705e-18
4.096318e-16
1.75546e-14
5.090283e-13
9.987265e-12
1.325882e-10
1.191015e-09
7.239072e-09
2.977162e-08
8.284679e-08
1.559921e-07
1.987391e-07
1.713238e-07
9.993231e-08
3.944104e-08
1.053364e-08
1.91021e-09
2.646467e-10
1.011229e-10
1.18447e-10
9.416022e-11
4.221981e-11
1.059338e-11
1.486845e-12
1.167372e-13
5.12748e-15
1.260663e-16
1.74305e-18
1.42192e-20
1.091914e-22
1.322788e-20
1.829896e-18
1.712838e-16
1.084825e-14
4.648973e-13
1.348056e-11
2.64492e-10
3.511325e-09
3.154155e-08
1.917118e-07
7.884396e-07
2.194026e-06
4.131128e-06
5.263194e-06
4.537157e-06
2.6465e-06
1.04452e-06
2.790473e-07
5.128961e-08
1.022317e-08
1.091638e-08
1.494722e-08
1.196451e-08
5.366417e-09
1.346511e-09
1.8899e-10
1.483792e-11
6.516726e-13
1.601451e-14
2.206398e-16
1.740277e-18
1.007636e-20
2.370337e-19
3.279036e-17
3.069276e-15
1.943925e-13
8.330609e-12
2.415615e-10
4.739498e-09
6.292029e-08
5.652009e-07
3.435332e-06
1.412824e-05
3.931529e-05
7.402671e-05
9.431247e-05
8.130244e-05
4.742331e-05
1.871741e-05
5.006074e-06
9.662063e-07
3.991403e-07
7.490551e-07
1.061251e-06
8.506371e-07
3.815588e-07
9.573882e-08
1.343744e-08
1.054989e-09
4.633323e-11
1.138447e-12
1.566802e-14
1.222882e-16
6.343899e-19
2.873979e-18
3.975755e-16
3.721427e-14
2.356964e-12
1.010067e-10
2.928877e-09
5.746532e-08
7.62894e-07
6.85293e-06
4.16526e-05
0.0001713017
0.0004766888
0.0008975567
0.001143517
0.0009857733
0.0005749973
0.0002269588
6.091025e-05
1.345727e-05
1.282158e-05
2.953897e-05
4.219413e-05
3.383117e-05
1.517542e-05
3.807742e-06
5.34436e-07
4.195913e-08
1.842757e-09
4.527634e-11
6.229445e-13
4.848537e-15
2.437353e-17
2.357821e-17
3.261721e-15
3.053069e-13
1.93366e-11
8.286619e-10
2.402859e-08
4.714471e-07
6.258805e-06
5.622164e-05
0.0003417192
0.001405364
0.003910769
0.007363582
0.009381446
0.008087313
0.004717306
0.001862271
0.0005040081
0.0001456017
0.000266445
0.0006556114
0.0009386248
0.0007526539
0.0003376142
8.471256e-05
1.188984e-05
9.33485e-07
4.099687e-08
1.007312e-09
1.386163e-11
1.080657e-13
5.534754e-16
1.308855e-16
1.810622e-14
1.694796e-12
1.073399e-10
4.600005e-09
1.333857e-07
2.617061e-06
3.47434e-05
0.0003120933
0.001896925
0.00780135
0.02170916
0.04087615
0.05207757
0.04489368
0.02618648
0.01034092
0.002844771
0.001192658
0.003240109
0.008152579
0.01168047
0.009366465
0.004201474
0.001054215
0.0001479646
1.161693e-05
5.102035e-07
1.253733e-08
1.726671e-10
1.356869e-12
7.569674e-15
4.916163e-16
6.800837e-14
6.365788e-12
4.031769e-10
1.727798e-08
5.010071e-07
9.829887e-06
0.0001304989
0.001172247
0.007125
0.02930248
0.0815413
0.153534
0.1956074
0.1686242
0.09835927
0.03886012
0.01095725
0.006704438
0.02236017
0.05673581
0.08130904
0.06520158
0.0292472
0.007338582
0.001030014
8.086921e-05
3.551927e-06
8.731366e-08
1.20568e-09
9.716988e-12
6.808298e-14
1.249438e-15
1.728426e-13
1.617858e-11
1.02467e-09
4.39118e-08
1.273304e-06
2.498256e-05
0.0003316617
0.002979253
0.01810811
0.07447195
0.2072364
0.3902051
0.4971343
0.4285571
0.2499825
0.09882049
0.02865203
0.0235818
0.08676851
0.220906
0.3166123
0.2538902
0.1138864
0.02857604
0.004010887
0.0003149242
1.383546e-05
3.40562e-07
4.748825e-09
4.178599e-11
4.88861e-13
2.148606e-15
2.972301e-13
2.782163e-11
1.762082e-09
7.551328e-08
2.189648e-06
4.296145e-05
0.0005703446
0.005123296
0.03113976
0.1280663
0.3563757
0.6710195
0.8549019
0.7369756
0.4298997
0.1700417
0.05038866
0.04927415
0.1888361
0.4812402
0.6896918
0.5530442
0.2480759
0.06224798
0.008737741
0.0006862558
3.018435e-05
7.477424e-07
1.090457e-08
1.319973e-10
3.38672e-12
2.500073e-15
3.458508e-13
3.237268e-11
2.050322e-09
8.78657e-08
2.547829e-06
4.998905e-05
0.000663641
0.005961359
0.03623357
0.1490152
0.4146714
0.7807853
0.9947522
0.857557
0.500315
0.1981113
0.05937318
0.06029989
0.2308718
0.5871181
0.8408729
0.6741333
0.3023871
0.07588747
0.01065782
0.0008385301
3.715338e-05
9.568566e-07
1.760116e-08
4.760251e-10
2.198459e-11
1.968397e-15
2.723031e-13
2.548856e-11
1.614323e-09
6.918101e-08
2.00602e-06
3.93583e-05
0.0005225056
0.004693533
0.02852748
0.1173227
0.3264791
0.6147324
0.7832221
0.6753259
0.3944224
0.1572576
0.0487323
0.0462478
0.1624189
0.4047336
0.5763741
0.4612773
0.2068794
0.05198585
0.007332933
0.0005854755
2.751163e-05
9.180836e-07
3.704127e-08
2.153844e-09
1.186317e-10
1.050221e-15
1.453645e-13
1.361265e-11
8.623369e-10
3.695155e-08
1.071083e-06
2.100376e-05
0.0002786854
0.002502199
0.01520344
0.0625134
0.1739426
0.3275234
0.4174071
0.360446
0.2123672
0.08949159
0.03676789
0.03709743
0.08395512
0.1745974
0.2343133
0.1839813
0.08238352
0.02099756
0.003102285
0.0002851049
2.017791e-05
1.526406e-06
1.249038e-07
8.913061e-09
5.036877e-10
4.113001e-16
5.854945e-14
5.604771e-12
3.586589e-10
1.529808e-08
4.355133e-07
8.316754e-06
0.0001072489
0.0009393231
0.005604504
0.02278412
0.06301483
0.1183778
0.1510944
0.1322433
0.0841144
0.05159819
0.05145311
0.07065558
0.09222889
0.1060432
0.09941937
0.06680268
0.02948949
0.008476213
0.001701816
0.0002707171
3.716002e-05
4.314605e-06
4.022901e-07
2.933983e-08
1.662017e-09
5.030889e-16
8.996106e-14
9.954055e-12
6.758247e-10
2.807321e-08
7.143718e-07
1.120328e-05
0.0001097413
0.0006889171
0.002894647
0.008624785
0.01911649
0.03184194
0.03945066
0.03853032
0.04022537
0.06291136
0.1124328
0.1707885
0.2047691
0.1921792
0.1408924
0.07990311
0.03462352
0.01144423
0.002917293
0.0005800215
9.016467e-05
1.092318e-05
1.028159e-06
7.509502e-08
4.254589e-09
3.074552e-15
5.769533e-13
6.542163e-11
4.481388e-09
1.854291e-07
4.634824e-06
6.999321e-05
0.0006389064
0.003528787
0.01182272
0.02418715
0.03079119
0.02592964
0.01823246
0.02072006
0.04658006
0.1116878
0.219634
0.3378486
0.4036153
0.374156
0.2691032
0.1501128
0.06491642
0.0217622
0.005657656
0.001141105
0.0001785673
2.167785e-05
2.041376e-06
1.491089e-07
8.447991e-09
1.375637e-14
2.584733e-12
2.932695e-10
2.009345e-08
8.31338e-07
2.077001e-05
0.0003133529
0.002854786
0.0157061
0.0521856
0.1047432
0.1271386
0.09409191
0.04635131
0.03163702
0.06854866
0.1704126
0.3378145
0.5202233
0.6214681
0.5758687
0.4139036
0.2307503
0.099781
0.03346689
0.008706609
0.001756924
0.0002749969
3.338663e-05
3.144025e-06
2.296507e-07
1.301121e-08
3.734274e-14
7.016684e-12
7.961408e-10
5.454813e-08
2.256846e-06
5.638404e-05
0.0008506336
0.007749278
0.04262978
0.1416122
0.2840802
0.3442401
0.2527389
0.1168614
0.0537439
0.08418347
0.2036894
0.4035374
0.6214651
0.7424173
0.6879368
0.4944442
0.2756475
0.1191952
0.03997899
0.01040094
0.002098852
0.000328518
3.988455e-05
3.755937e-06
2.743469e-07
1.554354e-08
6.121973e-14
1.150317e-11
1.305196e-09
8.94264e-08
3.699881e-06
9.243615e-05
0.00139453
0.01270416
0.06988698
0.2321561
0.4656994
0.5642117
0.4135436
0.1874729
0.07089351
0.0813868
0.1890642
0.3739418
0.5758606
0.6879367
0.637454
0.4581603
0.2554196
0.1104483
0.0370452
0.009637692
0.001944833
0.0003044105
3.695771e-05
3.480316e-06
2.542146e-07
1.440291e-08
6.060522e-14
1.13877e-11
1.292094e-09
8.852875e-08
3.662743e-06
9.150829e-05
0.001380532
0.01257664
0.06918544
0.2298254
0.4610204
0.5585107
0.4091316
0.1841678
0.06413467
0.06061773
0.1360931
0.268777
0.4138913
0.4944439
0.4581603
0.3292957
0.1835789
0.07938301
0.02662567
0.006926943
0.001397819
0.0002187904
2.656279e-05
2.501424e-06
1.827128e-07
1.035187e-08
3.622936e-14
6.807486e-12
7.724046e-10
5.292184e-08
2.189561e-06
5.470299e-05
0.0008252719
0.007518221
0.04135855
0.1373879
0.2755942
0.3338697
0.2445482
0.1099424
0.03769357
0.03410604
0.07590086
0.1498421
0.2307401
0.2756473
0.2554196
0.1835789
0.1023433
0.04425519
0.01484353
0.003861698
0.0007792692
0.0001219733
1.480848e-05
1.394518e-06
1.018605e-07
5.77106e-09
1.307806e-14
2.457363e-12
2.788223e-10
1.91037e-08
7.903866e-07
1.974666e-05
0.0002979063
0.002713924
0.01492959
0.04959425
0.09948429
0.120524
0.08830422
0.0398369
0.01424459
0.01441716
0.03278879
0.0647927
0.09977637
0.1191951
0.1104483
0.07938301
0.04425519
0.01913679
0.006418625
0.001669872
0.0003369709
5.274359e-05
6.403467e-06
6.03016e-07
4.404641e-08
2.495516e-09
2.850741e-15
5.356534e-13
6.077738e-11
4.164205e-09
1.722876e-07
4.304356e-06
6.49373e-05
0.0005915784
0.003254338
0.01081053
0.02168578
0.02627444
0.01926789
0.008790182
0.003558496
0.004639261
0.01097851
0.02173085
0.03346572
0.03997896
0.0370452
0.02662567
0.01484353
0.006418625
0.002152856
0.0005600878
0.0001130226
1.76906e-05
2.147772e-06
2.022562e-07
1.47735e-08
8.370153e-10
3.752358e-16
7.050671e-14
7.999973e-12
5.481237e-10
2.267779e-08
5.665715e-07
8.547533e-06
7.7868e-05
0.0004283609
0.001422972
0.002854555
0.003459446
0.002543316
0.001196156
0.0006348771
0.0011601
0.002851618
0.005653236
0.008706443
0.01040094
0.009637692
0.006926943
0.003861698
0.001669872
0.0005600878
0.0001457126
2.9404e-05
4.602394e-06
5.587651e-07
5.261903e-08
3.84348e-09
2.177582e-10
2.982517e-17
5.60414e-15
6.358681e-13
4.356695e-11
1.802516e-09
4.503325e-08
6.793905e-07
6.18925e-06
3.40479e-05
0.0001131055
0.0002269182
0.0002752195
0.0002039182
0.0001047615
9.167756e-05
0.0002282335
0.0005748699
0.001140758
0.001756911
0.002098852
0.001944833
0.001397819
0.0007792692
0.0003369709
0.0001130226
2.9404e-05
5.933564e-06
9.287375e-07
1.127557e-07
1.061823e-08
7.755929e-10
4.394239e-11
1.431508e-18
2.689798e-16
3.051952e-14
2.091066e-12
8.65147e-11
2.161445e-09
3.260849e-08
2.970644e-07
1.634211e-06
5.429097e-06
1.089621e-05
1.325431e-05
1.010355e-05
6.762574e-06
1.177986e-05
3.530985e-05
8.993994e-05
0.0001785522
0.0002749963
0.000328518
0.0003044105
0.0002187904
0.0001219733
5.274359e-05
1.76906e-05
4.602394e-06
9.287375e-07
1.453685e-07
1.764883e-08
1.661994e-09
1.213979e-10
6.877983e-12
4.148944e-20
7.795841e-18
8.845468e-16
6.060535e-14
2.507456e-12
6.264525e-11
9.450974e-10
8.609987e-09
4.73679e-08
1.574068e-07
3.164577e-07
3.901081e-07
3.34976e-07
4.271922e-07
1.325123e-06
4.269963e-06
1.091774e-05
2.167748e-05
3.338661e-05
3.988455e-05
3.695771e-05
2.656279e-05
1.480848e-05
6.403467e-06
2.147772e-06
5.587651e-07
1.127557e-07
1.764883e-08
2.1427e-09
2.017785e-10
1.473862e-11
8.350386e-13
7.261401e-22
1.364403e-19
1.548101e-17
1.060693e-15
4.38847e-14
1.096407e-12
1.654134e-11
1.507063e-10
8.293772e-10
2.760449e-09
5.604297e-09
7.42763e-09
1.010708e-08
3.076015e-08
1.222618e-07
4.016967e-07
1.028086e-06
2.041371e-06
3.144025e-06
3.755937e-06
3.480316e-06
2.501424e-06
1.394518e-06
6.03016e-07
2.022562e-07
5.261903e-08
1.061823e-08
1.661994e-09
2.017785e-10
1.900153e-11
1.387939e-12
7.863578e-14
7.675176e-24
1.442072e-21
1.636197e-19
1.121053e-17
4.638304e-16
1.158896e-14
1.74872e-13
1.594165e-12
8.793486e-12
2.960304e-11
6.427918e-11
1.245525e-10
4.325245e-10
2.111793e-09
8.894415e-09
2.933554e-08
7.509448e-08
1.491089e-07
2.296507e-07
2.743469e-07
2.542146e-07
1.827128e-07
1.018605e-07
4.404641e-08
1.47735e-08
3.84348e-09
7.755929e-10
1.213979e-10
1.473862e-11
1.387939e-12
1.013799e-13
5.743835e-15
4.904479e-26
9.210301e-24
1.04484e-21
7.158873e-20
2.96253e-18
7.40619e-17
1.119372e-15
1.025883e-14
5.778429e-14
2.141762e-13
7.071137e-13
3.50193e-12
2.190523e-11
1.184984e-10
5.036203e-10
1.662e-09
4.254587e-09
8.44799e-09
1.301121e-08
1.554354e-08
1.440291e-08
1.035187e-08
5.77106e-09
2.495516e-09
8.370153e-10
2.177582e-10
4.394239e-11
6.877983e-12
8.350386e-13
7.863578e-14
5.743835e-15
3.254257e-16
