10 10 10
0 0 0 0.5
120 8 14
5.4500 2.7500 2.7500 0.0000
-0.9500 2.7500 2.7500 0.0000
2.2500 5.9500 2.7500 0.0000
2.2500 -0.4500 2.7500 0.0000
2.2500 2.7500 5.9500 0.0000
2.2500 2.7500 -0.4500 0.0000
6.4500 2.2500 2.2500 0.0000
0.0500 2.2500 2.2500 0.0000
3.2500 5.4500 2.2500 0.0000
3.2500 -0.9500 2.2500 0.0000
3.2500 2.2500 5.4500 0.0000
3.2500 2.2500 -0.9500 0.0000
0.7000 0.7000 0.7000 0.1000
4.3000 4.3000 4.3000 -0.1000
2.2060 2.7669 2.7705
3.1927 2.1569 2.3035
0.0356 0.1392 4.0027
0.6556 4.6024 4.3792
0.3858 0.6378 4.4006
0.1262 4.3909 0.6474
0.2581 4.0935 4.8661
0.0679 4.9174 4.7853
2.2241 2.6555 2.7064
3.2036 2.2245 2.2490
4.8931 0.3005 0.5571
0.0589 4.7033 0.8008
0.7952 4.6658 0.5966
0.3512 1.2738 4.7768
0.3170 0.6893 4.7143
0.1113 1.1117 4.9469
2.2428 2.7566 2.7280
3.1947 2.2462 2.2996
4.8926 3.9962 0.2644
2.6133 2.7696 2.8117
0.4519 4.7353 0.6549
0.3216 4.1306 4.5744
0.1441 1.5450 4.9087
0.0501 0.6876 4.7086
2.2012 2.7412 2.7286
3.1622 2.2895 2.1421
2.6644 2.6491 2.5505
0.8482 4.6796 0.9099
0.5384 4.3867 4.8597
0.0419 0.9818 4.6929
0.1804 1.0309 4.5447
4.4035 0.0924 4.5071
2.2321 2.5904 2.7387
3.1398 2.2603 2.2965
0.9314 4.6811 0.7588
2.6804 2.7220 2.1940
0.1592 4.7777 4.9706
0.4538 0.9501 4.6854
0.3312 4.6078 4.5775
2.7781 2.5307 2.1131
2.3135 2.7887 2.7847
3.2399 2.2262 2.1490
0.5732 1.1463 4.7456
0.3807 4.8375 4.2780
4.9715 4.2637 0.5671
0.4635 4.7778 0.6082
4.3682 4.5312 0.0180
0.1427 4.6851 4.9428
2.2228 2.6681 2.7273
3.1735 2.2852 2.1597
4.5989 4.4054 0.2064
0.4177 4.7689 4.2522
0.4554 0.3979 4.4516
2.5114 2.9916 2.7763
2.6569 2.6738 2.3907
2.6180 2.5473 2.8157
2.3718 2.7230 2.8019
3.2002 2.2977 2.2896
2.7783 2.3340 2.1012
4.2483 0.0038 4.5551
2.8234 2.1007 2.0690
0.3075 4.7985 0.8392
4.6526 0.2708 0.2620
0.7271 4.1561 4.2367
2.2803 2.6694 2.7795
3.2685 2.2535 2.2474
4.7332 0.2885 4.5372
0.8453 4.4230 4.5135
4.8437 0.2734 0.1858
0.0947 4.9446 0.5739
4.7240 0.5020 0.4523
0.3026 0.5098 4.2125
2.1729 2.7198 2.7301
3.2982 2.2312 2.3104
4.4999 0.0623 4.4186
0.2430 4.6868 0.2678
0.5307 0.3073 4.8631
0.3679 1.1667 4.6572
0.9723 0.5673 4.9066
0.2577 0.9071 4.8318
2.3640 2.6691 2.7810
3.2773 2.2168 2.3153
0.6428 4.8687 4.5673
4.9941 0.2258 0.6363
1.0317 4.8945 0.6436
0.6404 4.4020 4.3039
0.4977 4.5814 1.1051
4.5256 0.4070 0.3753
2.3362 2.7069 2.7454
3.3829 2.3009 2.1815
0.4818 0.6289 4.4631
0.0566 0.6553 4.3892
2.7380 2.7036 2.2793
4.7887 0.1756 4.0782
0.2598 4.7864 1.0045
0.7237 4.8417 0.9233
2.2824 2.6556 2.6487
3.2569 2.2216 2.3051
4.9973 0.3117 3.9285
0.6524 0.0957 4.9741
0.7625 4.1176 4.2062
4.9725 0.2920 0.6842
0.7392 0.7831 4.5534
4.9031 0.2952 3.9239
2.1811 2.7479 2.7276
3.3443 2.3730 2.2037
4.7570 4.2975 0.1353
4.6071 0.2516 0.3433
0.5354 0.3062 4.6510
0.1332 4.5972 0.8695
4.6969 0.2888 4.5014
4.9817 0.1353 4.1039
2.2705 2.6353 2.7536
3.2661 2.1982 2.3083
4.7432 4.3056 0.2031
0.7416 1.1379 4.5396
4.8810 0.0965 4.1582
0.9223 4.1343 4.1272
0.2360 4.8607 0.6128
4.9329 4.9585 0.0749
2.2658 2.7717 2.7749
3.1499 2.1539 2.2578
0.1778 4.4128 0.1969
4.8003 0.0136 4.9961
0.9018 4.5913 0.8602
0.3672 4.6774 4.3372
4.6278 0.4549 3.9803
4.5738 0.0177 4.9116
2.2672 2.6767 2.8166
3.2924 2.2745 2.2144
0.1121 4.5746 0.9115
4.9476 4.4834 0.0752
0.2592 4.8593 4.2176
2.7682 2.6716 2.1501
0.3531 4.6919 4.0983
0.2442 0.5023 4.4834
2.2453 2.7394 2.7389
3.1432 2.1518 2.2449
0.1175 4.9701 3.8946
0.4394 4.3723 4.9026
4.7356 4.4869 0.3400
0.1383 4.6885 0.0049
4.9852 0.3955 0.2441
4.9950 4.6404 0.0369
2.3087 2.7730 2.7752
3.2186 2.2311 2.2747
0.1537 0.5993 4.2960
0.4365 4.9267 0.4126
4.9930 4.0321 0.4615
0.2526 0.3712 4.2167
2.4766 2.8804 3.0486
0.8135 0.1035 4.9184
2.1871 2.6917 2.7633
3.2632 2.3401 2.2073
4.8963 0.4900 4.3501
0.2314 0.8772 4.9530
0.5169 4.8240 4.5742
2.8397 2.2657 2.2906
4.9760 0.2737 4.9491
0.0543 4.8132 0.1812
2.2862 2.7549 2.8048
3.1827 2.2755 2.2327
0.6355 4.8820 0.1439
0.9714 0.4421 4.8366
0.2794 4.9061 4.2644
0.6692 0.5518 4.9981
0.9515 0.7196 4.9272
4.9027 0.6575 0.3812
2.2964 2.6403 2.7667
3.1479 2.2909 2.2179
0.6930 4.7922 4.4856
0.6239 4.5440 0.7799
0.1430 0.9572 4.5515
0.2336 0.1194 4.4636
0.7340 4.7617 4.7920
0.4182 4.8534 4.9066
2.2318 2.8566 2.7152
3.2109 2.2092 2.2319
0.6518 1.0609 4.6928
0.5717 0.3868 4.5809
0.6805 4.6357 0.8518
0.0400 0.3653 4.2545
0.9479 4.8811 0.5586
2.9756 2.1213 2.1475
2.2860 2.7763 2.6757
3.2604 2.2245 2.2011
0.1803 4.8689 4.1432
0.1903 0.2252 4.3251
4.8891 4.0377 0.4498
4.9600 0.0455 4.7649
4.5991 0.2527 0.0967
4.6655 4.2901 0.2541
2.1716 2.7985 2.7980
3.3584 2.2036 2.2536
2.6967 2.4365 2.6601
0.8544 4.9732 4.9076
0.1795 4.2534 0.1073
0.7012 4.3792 4.5720
4.7343 0.2204 4.2015
0.1564 1.5646 4.9482
2.3097 2.7187 2.7998
3.2286 2.2741 2.3212
0.8917 4.9909 0.2246
0.7525 4.6136 4.8745
4.6725 0.0612 4.5781
0.3135 4.8186 1.0615
0.3103 0.5088 4.4545
2.7400 2.7683 2.4676
2.1841 2.7034 2.7236
3.1983 2.3187 2.3235
0.1199 4.7595 4.1056
0.1428 4.4866 0.3015
0.2056 0.4276 4.6720
0.1924 4.6170 1.1327
0.0939 4.6125 0.7517
0.2712 4.2377 4.5235
2.2739 2.6615 2.7045
3.2237 2.2877 2.2194
0.0031 4.5962 4.5691
0.6717 0.8898 4.8316
0.4931 4.6184 4.9158
0.0054 4.7915 4.3648
0.9816 0.0177 4.9985
4.6901 0.1773 0.2351
2.2919 2.7586 2.7701
3.1961 2.2432 2.2265
0.9121 4.9783 0.3554
4.7148 0.0874 4.3404
0.3979 0.8294 4.9410
0.6572 4.9120 4.6934
0.2193 4.8797 4.1962
0.5402 4.7738 1.1264
2.3372 2.7760 2.7622
3.1231 2.1799 2.3021
0.5929 0.1930 4.9320
0.1005 4.8095 4.7419
0.4721 4.5707 0.3955
0.1333 0.5549 4.4498
4.6194 0.3706 4.2838
0.3232 4.9312 0.9751
2.2464 2.6389 2.7833
3.2500 2.2685 2.2231
0.3718 0.7296 4.9221
0.0119 4.8060 1.2489
0.1603 4.9243 4.4402
4.8513 3.9271 0.4270
2.6829 2.7972 2.2472
0.8613 0.5124 4.7885
2.3065 2.7480 2.6902
3.3168 2.1932 2.1784
4.6863 4.1960 0.1453
0.4484 0.4663 4.8039
0.7570 4.9562 0.7261
0.4772 0.2042 4.7240
2.5730 2.8650 2.8378
0.0679 4.1584 4.8053
2.1990 2.8220 2.6888
3.2292 2.3459 2.2075
0.7242 4.8463 0.5911
0.4098 4.4729 4.1642
0.3123 4.5778 4.1926
4.5700 4.0175 0.4928
4.8181 0.7466 0.7840
0.0175 4.4960 4.8441
2.3194 2.7958 2.7990
3.1619 2.3408 2.2373
2.9561 2.1079 2.3292
0.6056 4.7986 0.0013
4.8682 0.5337 4.1095
0.2034 4.4234 4.4950
0.3964 4.5034 0.7853
0.0327 0.3842 4.9439
2.2159 2.7114 2.7490
3.2573 2.2162 2.2188
0.3268 4.8769 4.2464
0.0943 4.2980 4.8941
0.4910 4.9792 0.1221
4.6574 0.3008 0.1499
0.2391 0.3170 4.5964
4.6576 0.0822 4.2939
2.3295 2.8572 2.8304
3.2953 2.2510 2.2625
0.8543 4.8872 0.2255
4.6172 0.1594 0.2819
4.6610 0.1810 0.1547
0.0134 4.1095 4.9337
0.1027 1.2679 4.8245
4.9472 4.0128 0.0515
2.2634 2.7656 2.7324
3.1342 2.2713 2.2680
4.3712 4.4193 0.1316
0.2465 4.7065 0.3814
0.4906 4.7024 4.7291
4.9476 0.5148 0.6299
0.1949 0.8397 4.9653
2.7605 2.4494 2.6523
2.3233 2.8047 2.8053
3.2119 2.2241 2.1973
2.6908 2.8887 2.5215
0.2466 4.5885 1.0990
0.1918 4.4984 0.2003
0.5059 4.7725 4.6703
4.4694 0.0356 4.3499
0.9246 4.8906 4.9678
2.1944 2.7043 2.7917
3.2800 2.3395 2.2504
2.6430 2.5742 2.2547
0.2340 4.5277 0.7404
4.9449 0.7145 0.3663
0.3910 0.1642 4.7529
4.9323 0.2603 0.3234
0.4346 4.8063 4.5078
2.2451 2.6762 2.7621
3.2493 2.3625 2.2283
0.1191 4.7597 1.0757
0.0435 4.8884 4.4453
0.3981 4.8907 0.6735
0.5728 4.3676 4.5435
4.6581 4.7292 0.1829
0.2155 0.6267 4.9276
2.3561 2.6921 2.8025
3.2050 2.3046 2.2867
0.6151 4.3647 0.7681
0.7035 1.0555 4.7257
0.2833 4.2495 4.5713
0.2004 0.9468 4.7698
0.6335 0.5359 4.8323
0.3121 0.9973 4.8448
2.1696 2.7385 2.6991
3.2988 2.2274 2.2838
4.9193 0.1502 4.4758
0.1411 0.1763 4.5892
0.2293 4.8563 1.2360
0.4281 4.4485 4.7179
0.8452 4.8943 0.3876
0.4751 4.4650 4.0980
2.1830 2.7361 2.7155
3.2401 2.2384 2.2375
0.1834 4.9550 0.9577
4.9920 4.1509 0.4203
0.1208 0.3373 4.2653
0.3651 1.0348 4.5277
0.8194 4.6269 0.9404
4.9710 0.2468 0.5976
2.2723 2.7488 2.8007
3.3304 2.1860 2.2338
0.0190 0.1752 4.9830
0.5401 4.4053 4.8234
0.2167 4.4089 0.7568
0.7076 4.2446 4.1172
0.3450 3.9754 4.6488
0.7306 4.1730 4.3217
2.2504 2.7351 2.7705
3.2470 2.3064 2.2237
0.9291 0.1424 4.9890
4.9813 0.2900 4.4364
0.3504 0.0947 4.8711
0.2154 4.7822 0.4756
0.7533 0.1603 4.8722
2.9184 2.3346 2.2934
2.3090 2.6807 2.7033
3.1951 2.2319 2.2183
4.8230 0.4321 0.0519
2.6737 2.7074 2.2385
4.7162 4.3089 0.3144
2.8207 2.1526 2.7070
4.7052 0.1313 4.1376
4.6635 0.1007 0.1400
2.2341 2.7337 2.7892
3.2518 2.2344 2.3016
0.4021 4.6668 1.1237
2.6999 2.3360 2.1177
4.6623 0.0796 4.7490
0.3153 4.3269 0.3471
2.9371 2.2336 2.2568
4.9570 0.7916 0.5757
2.2809 2.7607 2.7252
3.2805 2.1363 2.1882
0.2604 4.4684 4.4511
0.7929 0.6471 4.8578
0.5462 4.7141 4.4194
0.1193 4.9150 0.2868
0.4012 4.7854 4.2184
0.5537 0.6664 4.7903
2.2954 2.7289 2.7871
3.2606 2.3238 2.3427
2.8043 2.1716 2.7900
4.8531 4.7516 0.2920
0.5412 0.5951 4.9150
4.7260 0.3775 3.9467
0.5514 4.7930 4.6683
4.5202 4.3725 0.0863
2.1474 2.7143 2.7618
3.2558 2.2001 2.2046
0.1090 4.8314 4.5107
4.5761 0.1522 0.0448
4.6036 0.1849 0.1396
2.7015 2.4277 2.7661
0.2582 0.0665 4.8027
4.9220 4.7213 0.3857
2.2632 2.7072 2.7132
3.1956 2.2742 2.2258
0.5416 4.6134 0.9669
0.6438 4.5728 4.8206
4.8830 4.8022 0.1385
4.9558 0.5314 0.5443
0.1354 4.8639 4.6010
2.7212 2.4678 2.3535
2.3435 2.6755 2.6550
3.2426 2.2417 2.3065
0.2749 0.1136 4.7426
0.2942 4.0380 4.6610
0.8702 0.1577 4.9344
0.3968 0.9073 4.8361
2.6642 2.2794 2.4527
0.9331 4.8118 0.6776
2.2621 2.7749 2.7255
3.2110 2.3093 2.2270
0.2027 4.8003 4.3510
2.5518 2.9249 2.7129
0.0256 0.2068 4.5729
0.6328 4.2501 4.4667
4.8584 4.7280 0.1260
0.1106 0.9750 4.9408
2.3030 2.7846 2.7713
3.2575 2.2380 2.2219
0.8866 4.9359 0.1238
0.4544 4.5366 4.9647
0.2349 0.1840 4.4028
4.8916 0.7068 0.5865
4.8031 0.0763 4.5819
4.9175 4.9456 0.1162
2.2743 2.7926 2.6647
3.1822 2.1803 2.2971
0.4643 4.4941 4.3347
2.9114 2.2274 2.3215
0.2607 0.7334 4.8024
4.9815 0.2020 0.2644
0.0950 0.1533 4.1364
4.9505 0.3906 4.1525
2.1574 2.7885 2.7600
3.3065 2.2453 2.2140
4.8684 4.4509 0.1459
4.8440 0.3684 4.2158
0.8366 4.2314 4.2986
4.8965 0.3331 4.3230
0.6388 1.0073 4.6286
0.4070 1.2097 4.8671
2.2044 2.7892 2.7581
3.2948 2.2275 2.2164
0.5308 4.3573 4.2869
2.7171 2.3842 2.1784
2.9490 2.2494 2.2286
0.0397 4.8793 0.7954
0.5259 4.4244 4.6796
0.2142 0.0919 4.5010
2.2277 2.7213 2.7094
3.2228 2.2888 2.3095
4.7668 4.3286 0.0025
0.1211 4.8068 0.2308
0.3993 4.6386 4.5317
0.2399 4.3251 4.6854
0.0848 0.7158 4.8109
0.6403 4.3266 4.2966
2.1396 2.7353 2.7687
3.3098 2.2208 2.2029
0.6004 4.9037 4.7348
0.3552 4.4658 4.4396
2.8339 2.6475 2.3916
0.5144 4.9519 0.6542
4.6805 0.5444 0.4169
0.0166 0.8393 4.8031
2.2985 2.7711 2.7804
3.3021 2.2477 2.2877
4.6355 0.1754 0.3558
0.0807 1.5806 4.8616
0.1399 4.9600 4.6643
0.5826 4.7333 4.5948
0.1363 0.6473 4.8756
0.3777 1.0154 4.9184
2.2196 2.7915 2.7800
3.1835 2.1896 2.1474
0.1668 4.8060 1.4233
0.2918 4.6149 0.9183
0.1944 4.0332 4.7800
0.2684 1.1319 4.9658
0.1510 4.6155 1.0882
4.8518 0.5878 4.2446
2.2298 2.7157 2.7793
3.1948 2.2152 2.2092
4.9256 0.3034 0.5362
0.0808 4.8250 0.0531
0.0257 4.4077 4.6685
0.0061 4.6821 0.4502
0.7803 4.7247 4.7569
0.7404 0.8759 4.4010
2.2467 2.7593 2.7662
3.1773 2.2640 2.2522
0.4915 0.5309 4.8131
4.7111 0.0105 4.1824
0.3149 4.2878 0.6330
0.7570 0.0787 4.8462
0.1229 0.2805 4.7341
2.6761 2.6710 2.6145
2.3202 2.7298 2.7382
3.2718 2.2876 2.2272
0.6678 0.1071 4.9700
4.9693 0.0312 0.0206
4.9915 4.0638 0.4813
0.3688 4.6725 0.3573
0.2593 4.4994 0.7699
4.5720 4.5030 0.0126
2.1961 2.7111 2.7505
3.2956 2.2384 2.2348
0.2828 4.3774 0.7417
0.8394 4.2503 4.1234
4.9407 0.8508 0.4650
4.9710 0.4923 0.5130
4.7919 0.1197 4.2585
0.0989 4.7969 4.3186
2.2479 2.7083 2.6703
3.2482 2.2619 2.2438
0.5256 4.4851 4.0429
0.6330 0.3147 4.9441
0.2998 0.9252 4.5602
4.9830 0.3684 4.1380
4.5608 4.1074 0.4461
4.7242 0.3369 4.4096
2.2165 2.7444 2.6803
3.1921 2.2175 2.2326
0.6817 4.5106 0.7611
0.2725 1.3352 4.7010
0.0047 0.2240 4.1748
0.0691 4.7134 4.5681
2.7299 2.4978 2.8929
0.8695 4.8726 0.2528
2.1908 2.8546 2.7520
3.1962 2.2120 2.1876
0.4601 0.7049 4.3715
0.1499 4.5633 0.6408
0.7008 4.9857 0.1952
0.7525 4.6031 4.4062
0.5823 4.9042 0.4072
4.9142 4.3912 0.1044
2.1862 2.8167 2.8257
3.1733 2.2615 2.1910
0.1792 0.1087 4.6005
0.2250 4.8643 4.3654
0.3922 0.8316 4.6452
0.0535 4.8052 0.9708
0.3127 4.8314 4.8603
0.3726 0.8116 4.8533
2.2606 2.8122 2.7194
3.1808 2.2683 2.3154
4.8269 3.8614 0.3984
0.5283 4.4490 0.5563
0.1276 4.8934 4.0350
0.2509 4.6724 0.3307
0.9235 0.4805 4.9507
0.8972 0.8134 4.8472
2.2572 2.7344 2.7744
3.1104 2.2361 2.2144
0.3676 4.6517 4.4710
4.9363 4.6746 0.1089
0.0434 4.3495 0.0360
4.7839 4.2926 0.2536
0.2961 4.8764 1.2834
0.0825 4.3724 4.8766
2.2540 2.7638 2.7644
3.2559 2.1676 2.2198
0.5427 4.8122 1.1278
0.0419 1.2662 4.7166
2.7253 2.3098 2.8264
0.6215 4.8756 0.5065
0.4530 4.5733 4.1746
0.1014 4.6693 4.2959
2.2060 2.7495 2.7997
3.3040 2.2303 2.2595
4.6335 4.2430 0.2429
0.4893 4.7800 0.0237
2.9233 2.1614 2.1175
0.2310 4.2489 4.8207
0.2933 1.2751 4.8419
0.6461 0.8669 4.6484
2.2915 2.7100 2.6815
3.2720 2.2003 2.3066
0.4084 0.7939 4.7185
0.2509 4.9529 0.7064
2.8174 2.4275 2.5781
2.6438 2.7847 2.7031
0.1096 1.4426 4.8881
2.6611 2.2378 2.1525
2.3002 2.7615 2.7317
3.2210 2.2018 2.2503
0.0701 4.5147 0.5805
4.9722 0.0189 4.7088
2.7228 2.7066 2.1986
4.6458 0.0865 4.3826
0.5217 4.9007 0.8634
4.9083 4.0324 0.0961
2.2574 2.7376 2.7022
3.2801 2.2247 2.3010
4.5738 4.2659 0.3325
0.7845 4.4839 4.4030
4.6933 0.2173 4.5991
0.7016 0.3893 4.9279
0.7261 4.4898 0.7658
0.9327 4.9268 0.3814
2.3090 2.7065 2.8086
3.2147 2.1668 2.2431
0.3446 0.5082 4.3186
0.2282 4.6731 4.7519
0.0980 4.9750 4.5123
4.6915 4.2344 0.2010
2.7000 2.5972 2.2919
0.4215 4.4958 0.4361
2.1957 2.7522 2.7411
3.2003 2.2194 2.2907
0.6794 4.6405 0.4274
4.7016 4.2427 0.3472
2.7649 2.1882 2.7272
0.5532 0.8729 4.8785
0.7586 4.3604 4.5388
0.5061 4.9317 1.0274
2.1763 2.8177 2.7166
3.2171 2.2527 2.2539
0.3149 4.4642 4.3190
1.0505 4.9549 0.2543
4.9430 0.1686 4.3265
4.6386 0.8884 0.8858
0.2980 4.8162 4.3605
4.8047 4.0500 0.5542
2.2752 2.6467 2.7079
3.2517 2.2480 2.1812
0.1701 1.0903 4.8355
0.8146 4.8025 0.2634
1.0446 4.9176 0.6011
0.5662 0.1908 4.6616
0.0565 0.9718 4.8991
0.0580 4.5141 0.5520
2.2236 2.7667 2.7815
3.2522 2.2386 2.2877
4.7262 0.1008 4.2050
4.7620 0.0613 4.6070
0.3869 4.2407 4.8593
0.1577 4.3719 4.4938
0.3608 4.5370 0.5541
0.7580 4.8175 4.7014
2.2113 2.7110 2.7268
3.2609 2.1754 2.1862
0.7727 4.1449 4.2974
0.2089 4.4198 0.2715
0.6459 4.8266 4.6674
0.4739 4.8130 4.8506
4.6365 4.5758 0.1598
0.2206 4.8604 4.1137
2.1465 2.7534 2.6820
3.1853 2.2246 2.2561
0.1201 1.4314 4.9997
4.8564 0.5553 0.7423
0.3263 4.6643 0.5968
2.6311 2.8818 2.3110
0.2939 4.6233 4.7367
4.9702 0.6797 0.4064
2.2979 2.7633 2.7200
3.3298 2.2907 2.2264
0.0442 0.1850 4.7722
4.6851 0.0758 4.7694
0.3621 4.5197 0.8449
4.7498 0.4238 4.1294
0.1899 4.3487 0.5931
0.4597 4.6654 4.7436
2.3047 2.7346 2.7094
3.3467 2.2175 2.3022
0.4395 4.6009 0.9716
4.9734 0.3036 3.8832
0.9666 4.8506 0.7366
0.1920 4.6461 4.8366
0.7984 0.1909 4.8889
0.3258 1.3332 4.7522
2.2868 2.8513 2.8040
3.1595 2.1532 2.2557
4.9327 4.2189 0.6247
4.9317 4.3259 0.5587
2.7855 2.4178 2.4157
0.2403 1.1191 4.6741
4.9330 0.3165 0.1331
0.5440 0.8189 4.8797
2.2581 2.7560 2.6988
3.3208 2.2964 2.1916
0.7836 4.7567 0.7193
0.9926 4.9076 4.8364
0.0390 1.3015 4.9036
4.9290 0.1542 0.2152
0.3397 4.9423 0.3633
0.9471 4.7408 0.6487
2.2666 2.7383 2.8409
3.2150 2.2364 2.2207
0.4356 0.3757 4.8037
0.0130 4.4379 0.3760
0.3831 4.9833 4.7323
0.4203 4.5720 0.0266
0.1483 4.8103 1.4830
0.7478 0.4560 4.9474
2.2203 2.7716 2.7295
3.2473 2.2378 2.2664
0.0114 4.2659 0.3657
0.1660 1.0091 4.6865
0.1267 4.0760 4.8183
0.3375 4.3017 4.9521
4.8994 0.5909 4.2632
4.7536 0.2186 4.2904
2.2942 2.7204 2.7478
3.2867 2.2066 2.2596
0.0702 4.4572 0.1427
0.9907 4.9124 0.2680
0.5927 0.6283 4.8142
0.3303 4.4775 4.4492
4.8189 4.3277 0.0482
0.1661 4.4817 0.5218
2.1660 2.7383 2.7215
3.2801 2.1879 2.2302
0.0551 4.9370 4.7396
0.7355 1.1032 4.5852
0.2888 0.8793 4.8243
4.9812 4.0249 0.5000
4.8010 4.4434 0.1044
4.8927 0.1574 4.8068
2.1647 2.7777 2.7578
3.3047 2.1847 2.2182
4.7888 4.2109 0.2440
0.3128 0.1142 4.7021
0.3510 4.4885 0.5196
0.1361 0.4741 4.9138
0.5813 4.5816 0.8136
1.0580 4.8678 4.9911
2.2686 2.6541 2.6970
3.2384 2.3851 2.3166
4.8403 0.3714 4.4473
0.1345 0.1880 4.6032
4.9120 0.4527 0.1730
4.5901 0.3985 4.1295
0.2916 4.3538 4.5348
4.6693 4.5987 0.0030
2.1789 2.7834 2.6693
3.2470 2.1609 2.1885
0.0102 1.4220 4.9806
0.1337 4.9746 0.3509
0.5548 0.5199 4.7838
4.7478 0.4926 0.3899
0.2015 4.4664 0.6508
0.2474 4.6019 4.7660
2.3528 2.7259 2.6777
3.2611 2.2464 2.2438
0.1890 0.7700 4.8930
0.5227 4.4689 0.5491
0.3625 1.0471 4.7069
0.2335 4.7301 0.6009
2.5918 2.6847 2.6629
0.1491 3.9852 4.9534
2.2525 2.7259 2.7028
3.1473 2.2973 2.3240
0.2331 1.1182 4.6191
0.0134 4.4796 0.8889
0.0986 4.7949 0.3508
0.6644 0.5898 4.9643
4.9850 4.2738 0.4147
0.5684 4.5717 4.4494
2.2835 2.8163 2.7378
3.2434 2.2917 2.1925
0.0799 0.7851 4.6987
4.6163 4.0343 0.4962
0.2760 0.1817 4.3670
0.0280 0.5751 4.8683
0.6242 4.2625 4.3121
0.2780 4.8572 4.8977
2.2838 2.7239 2.7985
3.2748 2.2395 2.2691
0.3948 4.5051 4.1848
0.0231 4.6354 4.3835
0.4055 4.7890 1.0201
0.4523 0.9691 4.5312
0.9545 4.5845 4.5758
4.8752 4.3858 0.0121
2.2757 2.7092 2.7483
3.2742 2.2485 2.2435
0.0073 4.2954 0.0732
0.7133 0.7117 4.5889
0.2009 4.8011 1.4141
0.5109 4.5015 4.9052
1.0343 4.9175 0.4618
4.7199 4.4693 0.1138
2.3204 2.8136 2.7242
3.2383 2.2369 2.2504
0.3117 4.3798 0.3619
0.4911 0.0896 4.7171
0.3549 4.7970 0.7056
0.4308 0.3375 4.4708
4.8488 4.5306 0.3465
0.4222 0.8492 4.8133
2.2516 2.8691 2.8164
3.3135 2.2465 2.2083
2.8218 2.5801 2.1388
0.3944 4.9355 1.1723
0.9620 4.8073 4.8926
0.3141 4.9098 0.4504
0.7335 4.7569 4.9347
0.6082 4.6803 0.6703
2.3495 2.7057 2.6275
3.2035 2.2087 2.2218
0.0126 0.4000 4.7050
0.3228 1.1971 4.9946
0.8973 4.5313 0.9434
4.7219 4.3718 0.0372
0.2439 4.4958 0.5457
4.8698 0.3647 3.9888
2.1993 2.6416 2.8336
3.1865 2.2605 2.3134
0.4742 4.6981 4.7536
4.9401 4.5846 0.3284
0.0846 4.6887 1.1400
0.3830 0.6381 4.8801
0.0440 4.1936 4.7634
4.8106 0.8676 0.6722
2.2265 2.7694 2.6751
3.2791 2.2039 2.2161
0.1002 4.8689 0.2428
0.0368 0.3444 4.7614
0.3092 4.8928 0.7371
0.1467 4.7783 4.1048
0.3334 4.4973 4.2213
0.1753 4.3051 0.3633
2.2905 2.7257 2.7887
3.1593 2.2364 2.2041
0.7157 0.9647 4.8130
0.0945 4.4394 4.6946
0.0571 1.2582 4.9923
0.3938 4.8794 4.3204
4.8149 0.0129 0.3745
0.4123 4.5077 4.9984
2.3172 2.8311 2.8370
3.2208 2.3029 2.1797
0.5218 4.7620 0.9695
0.4022 0.6423 4.8848
4.6310 4.6944 0.1394
0.8993 4.1785 4.1838
0.2242 0.1610 4.8171
4.7189 0.0916 0.1689
2.3337 2.6905 2.8022
3.2560 2.2565 2.1391
0.6736 4.9253 0.6746
1.0863 0.5543 4.8585
0.5008 0.8048 4.7901
0.1656 4.9977 4.5955
4.3880 0.0633 4.4284
0.7632 1.0759 4.4862
2.2642 2.8003 2.7244
3.2774 2.2050 2.1907
1.0028 4.8705 0.4419
0.0432 1.0834 4.5841
4.6387 0.6309 0.6843
4.9709 0.4119 4.5120
0.3277 4.4127 0.2759
0.6418 0.5860 4.5454
2.3033 2.7095 2.7597
3.2890 2.2723 2.1733
0.3686 4.8169 4.4640
0.5899 4.1778 4.5281
2.6793 2.2093 2.3667
1.0162 3.9611 3.9746
4.9980 0.3433 4.8234
0.5546 0.2002 4.7806
2.2443 2.7611 2.7931
3.2371 2.2133 2.2283
0.0382 4.8259 4.8419
4.6432 0.1620 4.4144
4.8976 0.3538 0.3105
2.7712 2.8458 2.6491
0.6318 0.8474 4.5446
0.5621 4.6980 0.8314
2.1891 2.7257 2.7111
3.1813 2.2359 2.3181
0.6156 4.5139 4.3509
4.6628 4.4585 0.2824
0.6670 0.9411 4.7010
4.8951 4.2259 0.4225
4.6602 0.1064 4.2236
4.8872 0.0711 0.1435
2.2892 2.6532 2.7129
3.3079 2.2123 2.1865
0.4221 4.1628 4.6707
0.0055 4.1863 4.7854
2.6215 2.1764 2.6283
4.7975 4.8404 0.1060
0.4409 0.4531 4.8915
0.1978 4.9684 4.7294
2.1481 2.8105 2.6864
3.2582 2.2963 2.1796
0.0213 4.9994 4.8173
0.8344 4.9198 4.9488
0.1029 0.1724 4.3820
0.7367 0.3386 4.8875
4.7408 4.5698 0.1105
0.1729 4.4106 0.6084
2.2199 2.7852 2.7880
3.2349 2.2306 2.1906
4.8008 0.2158 4.6592
0.5685 0.1686 4.8655
0.5609 4.9152 0.9721
4.9345 4.2103 0.1545
4.4671 0.3346 4.1628
4.8985 4.6623 0.0145
2.2686 2.7835 2.7399
3.2212 2.1469 2.1498
0.3389 4.4449 4.8801
0.9320 0.7730 4.8211
0.5096 0.4571 4.6091
0.1192 1.1476 4.6078
0.1932 0.1717 4.2561
4.7798 4.3424 0.2154
2.2543 2.7288 2.7263
3.2527 2.2854 2.3521
0.4501 4.6286 0.4081
0.1444 3.9718 4.8084
0.5824 4.7505 0.1693
0.4469 4.4445 4.6349
0.2107 1.3946 4.8061
0.4766 4.3539 4.8528
2.2475 2.7347 2.7849
3.3127 2.3003 2.2526
2.7124 2.4689 2.7392
0.3675 0.2545 4.9444
0.4698 1.1247 4.7203
0.2917 4.2229 4.8612
2.7210 2.5226 2.5915
0.5881 4.8104 0.2950
2.2691 2.6945 2.7588
3.2767 2.2380 2.2090
0.2642 0.4496 4.6358
0.2169 0.6787 4.6444
2.7433 2.5579 2.5646
0.7793 4.5797 4.4518
0.0514 4.8291 4.6764
0.0267 4.8974 1.3654
2.2372 2.7054 2.7628
3.3079 2.2414 2.1762
0.4414 4.7485 0.7758
0.8315 4.9554 0.1576
0.2695 4.9345 4.4510
0.0458 4.4664 4.9238
0.2178 4.9665 4.2535
0.3986 0.8272 4.6168
2.2189 2.6694 2.8382
3.2684 2.2752 2.2799
0.6034 4.6966 0.4597
0.5546 0.3612 4.6162
0.2590 4.3841 4.9895
0.0419 0.0120 4.2938
2.5723 2.9101 2.3505
0.1944 0.4859 4.2230
