32 32 32 1 6 0.05 0.05 200 27 1.2
8.500000 8.500000 8.500000
15.500000 8.500000 8.500000
22.500000 8.500000 8.500000
8.500000 15.500000 8.500000
15.500000 15.500000 8.500000
22.500000 15.500000 8.500000
8.500000 22.500000 8.500000
15.500000 22.500000 8.500000
22.500000 22.500000 8.500000
8.500000 8.500000 15.500000
15.500000 8.500000 15.500000
22.500000 8.500000 15.500000
8.500000 15.500000 15.500000
15.500000 15.500000 15.500000
22.500000 15.500000 15.500000
8.500000 22.500000 15.500000
15.500000 22.500000 15.500000
22.500000 22.500000 15.500000
8.500000 8.500000 22.500000
15.500000 8.500000 22.500000
22.500000 8.500000 22.500000
8.500000 15.500000 22.500000
15.500000 15.500000 22.500000
22.500000 15.500000 22.500000
8.500000 22.500000 22.500000
15.500000 22.500000 22.500000
22.500000 22.500000 22.500000
9.500000 9.500000 9.500000
15.500000 9.500000 9.500000
21.500000 9.500000 9.500000
9.500000 15.500000 9.500000
15.500000 15.500000 9.500000
21.500000 15.500000 9.500000
9.500000 21.500000 9.500000
15.500000 21.500000 9.500000
21.500000 21.500000 9.500000
9.500000 9.500000 15.500000
15.500000 9.500000 15.500000
21.500000 9.500000 15.500000
9.500000 15.500000 15.500000
15.500000 15.500000 15.500000
21.500000 15.500000 15.500000
9.500000 21.500000 15.500000
15.500000 21.500000 15.500000
21.500000 21.500000 15.500000
9.500000 9.500000 21.500000
15.500000 9.500000 21.500000
21.500000 9.500000 21.500000
9.500000 15.500000 21.500000
15.500000 15.500000 21.500000
21.500000 15.500000 21.500000
9.500000 21.500000 21.500000
15.500000 21.500000 21.500000
21.500000 21.500000 21.500000
