# Synthetic SAXS sample for project 2.24 (NOT real experimental data).
# Generated by scripts/make_synthetic.py; see data/README.md.
# header: n_atoms n_q true_rg(Angstrom)
40 24 13.670895
# atoms: x y z f   (Angstrom, electrons)
-2.105431 -5.077000 10.968628 6.000000
0.823632 -2.988588 14.409221 6.000000
-10.475722 -2.977075 -0.154984 6.000000
-4.131491 1.968173 11.872891 6.000000
12.905575 5.375597 -8.386364 6.000000
-10.038765 -8.419889 -6.996010 6.000000
-6.059156 9.080058 7.650119 6.000000
-10.544730 -6.190605 0.587805 6.000000
-2.546884 -14.856116 0.704934 6.000000
-2.351105 -15.485356 -6.494544 6.000000
-3.488012 -4.110170 -4.257437 6.000000
9.911032 -1.030419 11.422043 6.000000
6.661549 4.988307 -14.499622 6.000000
-1.356320 -11.623448 -0.271488 6.000000
-5.896315 -1.464026 -14.846052 6.000000
-5.908138 -4.407820 6.547945 6.000000
-4.604158 -11.773377 9.238690 6.000000
12.964233 2.389782 -5.211422 6.000000
-15.762528 -0.173906 7.804220 6.000000
-2.860353 -3.264368 -1.395780 6.000000
7.526825 10.473334 8.498985 6.000000
-9.190583 6.067415 -0.027703 6.000000
-4.180392 0.335785 16.292451 6.000000
-3.598494 -10.212253 -13.659834 6.000000
-8.293087 -9.177017 1.810873 6.000000
0.359794 9.087559 -1.678493 6.000000
2.743038 10.453524 -7.413235 6.000000
7.167197 -3.242375 11.107871 6.000000
0.504832 -11.116403 -9.321241 6.000000
12.442813 1.716747 -11.049439 6.000000
0.009025 -0.307650 13.073267 6.000000
-8.974527 5.834105 -14.308943 6.000000
-3.479082 0.117190 2.315450 6.000000
12.255265 9.149500 2.133170 6.000000
-4.495832 7.196197 -1.760273 6.000000
7.678312 -4.616072 8.548586 6.000000
8.402750 9.512611 7.511197 6.000000
-8.440087 -9.920625 -8.527366 6.000000
4.430353 -1.953671 -10.251112 6.000000
-10.013081 -1.728587 9.803561 6.000000
# curve: q I_exp sigma   (1/Angstrom, intensity, error)
0.012500 56858.878799 570.417227
0.025000 55665.680422 553.954414
0.037500 52368.905237 527.447195
0.050000 48707.328403 492.220527
0.062500 44856.791484 449.993366
0.075000 40257.095201 402.757196
0.087500 35443.120597 352.638936
0.100000 30266.701496 301.759881
0.112500 24894.660017 252.102277
0.125000 20968.852557 205.394049
0.137500 16289.637607 163.020084
0.150000 12625.565705 125.965721
0.162500 9498.713676 94.794854
0.175000 6904.907389 69.661852
0.187500 5050.208992 50.353454
0.200000 3600.116453 36.354402
0.212500 2719.680996 26.928876
0.225000 2137.307704 21.209080
0.237500 1792.460268 18.282403
0.250000 1708.320982 17.269628
0.262500 1747.610524 17.388242
0.275000 1822.746476 17.997037
0.287500 1849.499682 18.620422
0.300000 1903.858408 18.953072
