27 3.6 0.004 50 1 1 2.5 1
0.000000 0.000000 0.000000 0.045067 -0.040952 0.006119
0.000000 0.000000 1.200000 -0.007397 -0.017796 0.036266
0.000000 0.000000 2.400000 0.040138 0.005359 -0.033588
0.000000 1.200000 0.000000 -0.012326 0.028514 -0.003441
0.000000 1.200000 1.200000 0.035210 -0.048331 0.026706
0.000000 1.200000 2.400000 -0.017255 -0.025175 -0.043147
0.000000 2.400000 0.000000 0.030281 -0.002020 -0.013000
0.000000 2.400000 1.200000 -0.022183 0.021135 0.017146
0.000000 2.400000 2.400000 0.025352 0.044290 0.047293
1.200000 0.000000 0.000000 -0.027112 -0.032555 -0.022560
1.200000 0.000000 1.200000 0.020424 -0.009399 0.007587
1.200000 0.000000 2.400000 -0.032040 0.013756 0.037733
1.200000 1.200000 0.000000 0.015495 0.036911 -0.032120
1.200000 1.200000 1.200000 -0.036969 -0.039934 -0.001973
1.200000 1.200000 2.400000 0.010567 -0.016779 0.028174
1.200000 2.400000 0.000000 -0.041898 0.006377 -0.041679
1.200000 2.400000 1.200000 0.005638 0.029532 -0.011533
1.200000 2.400000 2.400000 -0.046826 -0.047313 0.018614
2.400000 0.000000 0.000000 0.000710 -0.024158 0.048761
2.400000 0.000000 1.200000 0.048245 -0.001003 -0.021092
2.400000 0.000000 2.400000 -0.004219 0.022153 0.009055
2.400000 1.200000 0.000000 0.043317 0.045308 0.039201
2.400000 1.200000 1.200000 -0.009148 -0.031537 -0.030652
2.400000 1.200000 2.400000 0.038388 -0.008382 -0.000505
2.400000 2.400000 0.000000 -0.014076 0.014774 0.029642
2.400000 2.400000 1.200000 0.033459 0.037929 -0.040211
2.400000 2.400000 2.400000 -0.019005 -0.038916 -0.010065
