64 16
-0.013254 0.146027 0.178920 -0.176380 -0.035012 0.034379 0.120612 0.014941 -0.164715 0.089828 -0.078353 0.132775 0.000454 -0.109167 0.026726 -0.061921
0.029824 0.185829 0.757770 0.427058 0.136085 0.794491 -0.643956 -0.653444 0.173967 -0.701554 -0.624269 -0.605621 0.086426 -0.301116 -0.155834 -0.544243
3 6 15 62
-0.323541 0.752988 -0.811037 -0.637990 0.562666 0.252326 -0.008528 0.227580 -0.556778 -0.618151 0.449231 -0.229112 -0.465210 0.657784 0.873067 -0.027560
-0.426219 -0.249022 -0.833884 -0.888354 -0.736113 -0.267048 -0.397975 -0.519518 -0.409352 0.979220 0.558696 0.758998 0.351788 -0.093976 -0.997569 -0.054831
-0.258162 -0.094670 -0.978903 0.630381 -0.703207 -0.147646 0.966167 -0.095268 -0.320294 0.573443 0.054739 -0.280266 0.214019 0.838454 -0.350014 -0.815098
0.006953 -0.694194 -0.559925 -0.942877 -0.991681 -0.586892 -0.130488 -0.860540 -0.487584 -0.280170 -0.839235 0.971900 -0.913965 -0.009078 0.775194 -0.049484
0.857308 0.415350 -0.561700 0.165508 0.592904 0.140576 0.238241 -0.726226 -0.071897 0.409183 0.412152 0.354209 -0.135297 -0.188732 -0.399547 -0.865544
0.176867 -0.863462 0.934225 0.623142 -0.234873 0.955267 -0.013502 0.492729 -0.356004 0.129744 0.934941 0.897775 0.513894 0.645577 -0.545359 0.605901
0.016570 0.331856 0.936691 0.250678 0.101072 0.828871 -0.523345 -0.638504 0.009252 -0.611725 -0.702622 -0.472846 0.086880 -0.410282 -0.129109 -0.606164
0.284242 -0.598886 0.599873 0.228246 0.197823 0.223708 -0.450387 0.081290 0.644125 -0.311939 0.398852 0.182117 0.308624 -0.770194 -0.691703 0.714433
0.985231 -0.965944 -0.705005 0.314189 -0.810078 -0.106813 0.584259 0.987470 0.527649 -0.645069 0.842635 0.263567 0.086386 -0.433278 -0.381182 0.004125
0.226308 -0.681233 -0.194390 -0.384277 0.681066 0.777389 0.227952 0.246062 -0.140469 0.254098 -0.458869 0.604180 -0.198606 0.323173 0.520766 0.874046
0.315379 0.382197 0.269653 -0.130988 0.390761 -0.169111 0.555048 -0.211902 0.430272 0.270928 0.085790 0.794337 -0.069358 -0.797039 -0.600080 0.214738
-0.887163 0.212036 -0.095005 -0.012520 -0.332791 0.861232 0.606341 0.949044 0.056152 0.030922 -0.602693 0.263933 -0.884096 -0.341827 -0.356715 0.314921
0.657121 -0.832074 0.047554 0.621514 -0.628166 -0.494599 0.696071 0.874120 -0.308803 0.832949 0.253611 0.403669 -0.605085 -0.671086 0.710793 -0.794877
0.938368 0.098531 0.540813 -0.737037 0.612588 0.770823 0.552762 0.360737 -0.253961 0.060601 -0.359747 0.218068 -0.746997 -0.702482 0.811554 0.323270
0.324351 0.679121 -0.894016 0.519866 0.832517 -0.241833 -0.142003 0.764800 -0.843490 0.977459 -0.520843 -0.668631 -0.150396 -0.186885 -0.869847 0.020010
-0.003381 0.327438 0.919197 0.231542 0.085657 0.821668 -0.518654 -0.627886 -0.006876 -0.616980 -0.696216 -0.471039 0.089422 -0.397332 -0.110585 -0.593766
0.475317 -0.672385 0.718386 -0.505456 0.393208 -0.591086 0.544862 -0.327826 -0.301246 0.581634 -0.263576 -0.982989 -0.949843 0.097288 -0.239456 0.341388
0.879695 0.499526 -0.278675 -0.701898 0.595788 -0.273109 0.221819 -0.923196 -0.429159 -0.374127 0.374287 0.354839 0.294432 -0.233222 -0.437829 0.451460
-0.280496 0.039693 -0.364860 -0.902847 0.512146 -0.667182 0.865228 0.816297 0.767841 -0.523915 -0.948820 -0.702962 0.710798 -0.600916 0.129713 -0.076537
0.587734 -0.131000 -0.565276 0.731461 0.084617 -0.362678 -0.355475 -0.506212 0.887066 -0.557802 0.386510 -0.891437 0.155778 0.063179 -0.714200 -0.224331
0.183634 -0.759139 0.602842 -0.231363 0.629132 -0.086111 -0.787388 -0.542057 0.330171 -0.419240 0.236916 0.716614 0.012715 0.239862 0.609483 -0.404111
-0.708945 0.349286 0.843299 -0.126936 0.335103 0.477882 0.462645 -0.512437 -0.401622 -0.665226 -0.716331 0.154719 -0.906158 0.537684 -0.759231 0.206463
-0.505121 -0.698221 -0.939156 -0.652459 0.116028 -0.879569 0.139390 -0.121798 0.058499 -0.822726 -0.478673 0.685254 0.087134 -0.646124 -0.221437 0.469502
0.227596 -0.344191 -0.089267 0.966665 0.392828 -0.887929 0.497802 -0.833119 0.979201 0.231375 0.277281 0.024910 -0.022540 -0.924505 0.132642 -0.434789
0.087136 -0.428992 -0.662308 0.206928 -0.938989 0.346096 0.208870 0.229864 0.266529 -0.860175 0.419110 -0.719272 0.777054 -0.864006 -0.057725 0.207199
-0.751871 -0.951946 0.301310 -0.776267 0.716570 -0.054265 -0.438074 0.190566 0.508365 -0.860409 0.881348 -0.517970 -0.228455 -0.942989 -0.369002 0.068319
-0.700884 -0.788776 -0.463050 0.126714 0.368306 -0.030427 -0.491384 0.814765 -0.534870 0.193358 0.480945 0.061823 0.409378 -0.069075 0.275232 -0.909691
0.571541 -0.464598 0.465108 -0.027048 -0.166109 0.023519 -0.583183 -0.065849 -0.698819 -0.011606 0.812327 -0.865176 0.023682 -0.565736 0.342653 -0.357100
-0.130218 0.195527 -0.970740 0.739248 0.402332 -0.876007 -0.593051 -0.460137 0.122407 0.881073 0.302390 -0.164801 -0.235783 -0.785874 -0.957753 -0.287469
0.769303 -0.884929 -0.602471 0.877853 0.439858 -0.336801 0.003753 -0.904319 -0.624218 0.019978 -0.318948 0.606813 -0.953702 -0.419980 0.412693 -0.045038
0.234536 0.804984 0.993021 0.093056 -0.422971 -0.070095 0.059385 -0.287193 0.741842 0.357837 -0.707171 0.196570 -0.703730 0.040708 -0.509742 -0.268254
0.543985 -0.899026 -0.891142 0.799020 0.952169 -0.558209 0.331328 -0.370213 -0.443376 0.911988 0.938587 0.932066 -0.980852 -0.316205 -0.081619 -0.355671
0.986070 0.753059 -0.777380 -0.374938 -0.791018 -0.314918 0.757361 0.563526 -0.771247 0.772205 0.573834 0.197702 -0.503497 -0.729911 0.720726 0.026965
-0.235888 -0.095653 -0.569818 0.570135 0.956680 -0.722652 -0.169636 -0.278541 0.425678 0.246965 0.522448 0.876728 -0.377900 -0.810172 0.482927 0.947405
-0.446810 -0.899067 0.926971 0.417766 0.586246 -0.191650 0.256640 0.091116 -0.655546 -0.903206 -0.826485 0.411256 -0.216773 -0.309159 0.391210 0.620237
-0.551597 -0.556458 -0.256848 0.599171 -0.198048 0.434215 -0.343326 0.193726 -0.844983 -0.338745 -0.812126 0.280901 0.303721 0.533614 -0.738862 -0.256587
-0.241836 0.738231 -0.455144 -0.992584 0.389417 0.911171 -0.963931 0.516103 -0.462300 -0.502286 0.985798 -0.462590 0.367323 0.041887 -0.768307 -0.703399
-0.858304 0.000779 -0.743320 0.771689 0.168440 0.813429 -0.906304 0.819645 -0.198217 0.826691 0.903505 -0.156658 0.366866 -0.192623 0.904723 -0.975500
0.447473 -0.583860 0.790679 -0.106806 -0.265111 0.049018 0.627744 0.680717 -0.831337 0.366738 -0.465721 0.884945 0.516332 -0.564523 0.090769 -0.348680
-0.408770 0.497868 -0.769878 0.639643 0.488328 -0.054878 -0.840223 0.553660 -0.072066 -0.061122 0.606229 0.024030 0.653856 0.811947 -0.734633 -0.716650
0.271471 -0.604269 0.327047 0.682581 0.054659 -0.857573 0.833005 0.564680 0.205453 0.393391 -0.224537 0.976167 -0.472657 0.199493 -0.058230 -0.354365
0.956292 0.441544 -0.039568 -0.348504 0.454166 0.658536 -0.460893 -0.510925 -0.636987 0.954453 0.115266 0.193940 0.392968 -0.998191 0.681876 0.972539
0.802876 -0.428546 -0.027415 0.369996 0.266815 -0.396568 0.328822 0.622447 0.889083 -0.716885 -0.383859 0.512599 -0.058343 0.228092 -0.243944 0.594626
-0.457657 0.203475 0.870037 -0.435198 0.778643 0.317326 0.807112 0.780633 -0.250879 0.780530 0.644435 -0.814078 0.760454 0.300894 -0.197309 -0.280651
-0.779707 0.284247 0.575731 0.695897 -0.417959 -0.785946 -0.185559 0.926864 -0.182916 -0.536567 0.938870 -0.365776 -0.516450 0.225194 -0.598744 -0.936665
0.680097 0.048863 -0.065076 0.186026 0.416308 -0.481971 0.595929 0.508720 0.617028 0.530647 0.349674 -0.240315 -0.187603 -0.722487 -0.339963 0.249756
0.030001 -0.664109 0.284028 -0.632106 -0.498656 -0.416063 0.686702 0.534184 0.123244 0.762882 0.594129 0.508256 -0.562936 -0.325482 0.871144 -0.968547
0.869577 -0.790195 -0.777637 -0.521927 0.852856 -0.396400 0.327269 -0.794302 0.535965 0.467557 0.117672 -0.996519 0.085863 -0.674640 -0.993302 0.481888
0.448783 0.449564 -0.351732 -0.669428 -0.672286 -0.166202 -0.516210 0.342501 -0.880177 0.530944 0.038766 -0.863699 -0.416344 -0.453462 -0.481862 -0.405943
-0.463391 0.061816 -0.201731 -0.275702 0.508794 0.839686 0.652960 -0.645223 -0.066190 0.628328 0.256193 0.867088 -0.051771 -0.721201 -0.550658 -0.241114
-0.277606 -0.229805 -0.729374 -0.713744 -0.356808 -0.235354 0.885032 -0.144066 0.599590 -0.822760 0.836062 -0.990511 0.135827 -0.857448 -0.666532 0.908708
-0.961342 0.743331 -0.615366 0.113667 -0.441770 0.989598 -0.676320 -0.746801 -0.807423 -0.796778 -0.841772 0.683536 0.588255 -0.166094 -0.078013 -0.333412
-0.872202 -0.345565 0.758416 0.137599 -0.450238 0.116626 -0.204681 -0.989989 -0.164402 -0.222743 -0.633815 0.752228 0.255756 0.351012 -0.889510 -0.856277
0.855625 -0.844451 0.636252 0.953640 -0.470089 0.783819 -0.518689 0.499341 -0.121580 -0.481084 0.155330 -0.914895 -0.320225 0.044206 -0.210237 -0.734211
0.814174 0.241510 -0.287217 0.376145 0.236890 0.734189 -0.276947 -0.488036 -0.292287 -0.887595 -0.927749 0.828481 -0.101788 0.160550 -0.960858 0.328104
-0.693897 -0.155871 -0.982506 0.176260 -0.019564 0.362651 0.583920 0.581129 0.821259 0.332795 0.632185 -0.954879 0.430595 0.966451 -0.229596 -0.453527
0.042120 -0.050061 -0.804610 -0.980173 -0.349798 0.109869 0.930768 0.107107 0.542429 -0.307218 -0.256243 0.982774 0.078113 0.236054 0.862200 -0.192436
-0.021573 0.067360 0.123597 -0.867862 -0.533341 -0.674488 0.351360 0.104521 -0.681249 -0.989873 0.972984 -0.567798 0.652923 -0.628876 -0.254705 -0.845733
-0.203154 0.580688 0.722274 -0.170406 0.896661 -0.227538 -0.085302 0.512800 0.953843 0.508475 0.944135 -0.938293 -0.499647 -0.892751 -0.447317 0.763483
0.025772 0.120249 -0.376643 -0.451095 -0.589177 0.040432 -0.806483 0.837229 0.466567 0.022026 -0.082467 0.347532 0.951920 0.121548 0.301275 -0.357259
0.652176 -0.352468 0.667784 0.210561 0.102578 -0.327924 -0.099735 0.702782 0.604871 -0.923724 0.492098 -0.389189 0.431815 0.725725 -0.345240 0.006030
-0.334566 -0.686191 -0.147380 0.554601 0.274699 0.006085 0.089279 -0.433496 0.059359 0.703407 0.401809 0.158189 0.552521 0.426122 -0.467660 0.302946
-0.019266 0.325054 0.929990 0.277179 0.104172 0.861804 -0.556718 -0.647989 -0.029968 -0.586802 -0.728955 -0.481025 0.098080 -0.412719 -0.115277 -0.583816
0.340895 0.990127 -0.475627 0.380284 -0.638488 0.333878 -0.689436 -0.276920 0.394949 -0.499570 0.603334 -0.011277 -0.787486 -0.853017 -0.416116 0.891865
