32 32 1.6 12
0.050041 0.050038 0.050433 0.049697 0.050149 0.050382 0.050499 0.050347 0.050290 0.049726 0.049813 0.050300 0.050012 0.049761 0.050116 0.049528 0.049798 0.049678 0.050160 0.049862 0.050284 0.049726 0.050164 0.050454 0.050232 0.050063 0.049848 0.050196 0.049709 0.049825 0.049627 0.049652
0.050181 0.049541 0.049779 0.050235 0.050468 0.050267 0.049670 0.049665 0.049766 0.050118 0.050381 0.049962 0.050191 0.050047 0.050282 0.049504 0.049549 0.050047 0.050415 0.049892 0.050278 0.050137 0.049742 0.049667 0.049769 0.049800 0.049593 0.050119 0.049531 0.049737 0.049895 0.049720
0.049877 0.050103 0.050007 0.049933 0.050108 0.049592 0.050237 0.050436 0.050392 0.050031 0.050379 0.049991 0.049776 0.050363 0.049822 0.049506 0.050065 0.050164 0.050110 0.050048 0.050486 0.050076 0.049967 0.049801 0.050364 0.049812 0.050161 0.050267 0.050257 0.049613 0.049779 0.050204
0.050254 0.050295 0.049720 0.050071 0.050377 0.050286 0.049501 0.050007 0.050320 0.050303 0.049724 0.049586 0.049914 0.050460 0.049650 0.049850 0.050136 0.050233 0.050075 0.049555 0.049511 0.050242 0.050001 0.050278 0.050079 0.049809 0.049933 0.050022 0.049565 0.050209 0.050297 0.049740
0.050266 0.050453 0.050475 0.050317 0.049660 0.050299 0.049973 0.050389 0.050102 0.050162 0.049943 0.049967 0.050401 0.049629 0.050391 0.049993 0.050379 0.050225 0.050099 0.050051 0.050085 0.050445 0.050328 0.050256 0.050362 0.049784 0.049750 0.049660 0.049711 0.049796 0.050166 0.050104
0.049695 0.049678 0.049781 0.049731 0.050420 0.049604 0.050416 0.050428 0.051128 0.052028 0.052134 0.051143 0.051118 0.049868 0.050420 0.049541 0.050243 0.049880 0.049958 0.050708 0.050397 0.051192 0.051462 0.051219 0.050361 0.050140 0.049938 0.050353 0.049532 0.050162 0.049808 0.050215
0.050151 0.049838 0.050101 0.049763 0.050207 0.050224 0.049994 0.051389 0.055244 0.059412 0.060342 0.058855 0.054600 0.051487 0.050015 0.050278 0.050011 0.049733 0.050540 0.051686 0.053284 0.056887 0.058667 0.057202 0.054195 0.051142 0.050435 0.050191 0.050442 0.049609 0.050347 0.050128
0.050072 0.049566 0.049850 0.050257 0.049651 0.050271 0.051503 0.056839 0.070098 0.084509 0.093396 0.085926 0.069494 0.056950 0.051589 0.050199 0.049808 0.050139 0.050981 0.055790 0.065182 0.077004 0.082487 0.076681 0.064386 0.055592 0.050929 0.050209 0.050445 0.049959 0.049612 0.050044
0.049724 0.050260 0.050397 0.050444 0.050468 0.050877 0.054995 0.069119 0.102932 0.144226 0.162826 0.142901 0.102296 0.069442 0.055328 0.050440 0.050593 0.050218 0.053426 0.064081 0.089289 0.121420 0.134304 0.120002 0.089810 0.064530 0.053631 0.050331 0.050119 0.049544 0.050133 0.050300
0.050202 0.050084 0.050064 0.049945 0.050415 0.051935 0.059131 0.085371 0.142255 0.217025 0.256420 0.220365 0.143039 0.085626 0.059472 0.052048 0.050087 0.051682 0.056829 0.075967 0.119983 0.177269 0.203307 0.175909 0.121261 0.077158 0.057023 0.051187 0.050599 0.050214 0.050144 0.050376
0.050428 0.049969 0.050127 0.049769 0.050291 0.051969 0.060657 0.092264 0.164396 0.253559 0.301073 0.254759 0.164504 0.092888 0.060799 0.051747 0.050786 0.051668 0.058454 0.081689 0.134985 0.201783 0.236014 0.203816 0.135839 0.082884 0.058386 0.050995 0.050565 0.050331 0.049582 0.049893
0.050152 0.049610 0.049813 0.050324 0.050027 0.051890 0.059230 0.085837 0.144849 0.220775 0.256584 0.217220 0.143933 0.085495 0.059331 0.051732 0.050024 0.051288 0.056272 0.076375 0.120724 0.176862 0.204004 0.176124 0.120982 0.075878 0.056333 0.051064 0.050293 0.049773 0.050088 0.049612
0.049954 0.050468 0.050307 0.050434 0.050840 0.051692 0.058494 0.074699 0.109513 0.148193 0.167150 0.144031 0.101969 0.069630 0.054828 0.050856 0.050124 0.050880 0.053299 0.064885 0.089533 0.120011 0.134574 0.119615 0.088855 0.064860 0.053898 0.051006 0.049693 0.049940 0.050004 0.050433
0.050241 0.049771 0.049752 0.050361 0.051290 0.054666 0.063832 0.079378 0.097007 0.107581 0.105364 0.090174 0.071105 0.058076 0.052405 0.050369 0.050252 0.050678 0.050960 0.055960 0.065192 0.075831 0.081735 0.076760 0.064953 0.055822 0.050963 0.050481 0.050269 0.049747 0.050378 0.050400
0.050246 0.049510 0.050247 0.050761 0.053003 0.062947 0.082381 0.110727 0.125886 0.116472 0.094136 0.071259 0.057985 0.052332 0.050416 0.050291 0.050357 0.050435 0.050210 0.051637 0.053758 0.056872 0.057801 0.056537 0.053658 0.051090 0.050646 0.049792 0.050071 0.049623 0.049959 0.049694
0.050034 0.050445 0.049817 0.050492 0.055715 0.072026 0.107703 0.156104 0.179116 0.156524 0.110626 0.073789 0.056325 0.051727 0.050671 0.050678 0.050355 0.050628 0.049881 0.049846 0.050364 0.051520 0.051461 0.050857 0.050716 0.050554 0.050181 0.049918 0.049703 0.049510 0.050200 0.049640
0.050496 0.050095 0.050426 0.051639 0.056862 0.077390 0.120328 0.177193 0.207074 0.176456 0.121791 0.077481 0.056799 0.051899 0.051204 0.051856 0.052371 0.051617 0.051429 0.050140 0.050264 0.050337 0.049855 0.049718 0.050045 0.050308 0.050346 0.049731 0.050350 0.049867 0.050256 0.049700
0.050350 0.049747 0.049990 0.050686 0.055734 0.071821 0.108440 0.156024 0.179353 0.155036 0.108148 0.072461 0.056153 0.052850 0.055824 0.061143 0.063042 0.061455 0.056189 0.052729 0.050428 0.049644 0.049612 0.049867 0.050285 0.050038 0.049680 0.050056 0.049783 0.049670 0.049987 0.050481
0.050145 0.050459 0.050439 0.051030 0.052906 0.061682 0.082311 0.107580 0.121915 0.108395 0.082155 0.063125 0.055577 0.059438 0.075237 0.093859 0.103166 0.093233 0.074001 0.058749 0.052036 0.050731 0.050014 0.049612 0.050102 0.050420 0.050441 0.049697 0.050375 0.050414 0.049957 0.049726
0.050255 0.050053 0.049658 0.050472 0.050819 0.054199 0.062079 0.072409 0.077483 0.071440 0.062445 0.055928 0.057012 0.074362 0.114870 0.168235 0.191864 0.167870 0.114019 0.074343 0.055748 0.051633 0.050546 0.051030 0.051674 0.051498 0.051165 0.050801 0.050248 0.050154 0.050438 0.050324
0.049886 0.050117 0.050466 0.050040 0.050614 0.051486 0.052847 0.055158 0.056313 0.055873 0.053772 0.053199 0.060982 0.094451 0.166077 0.260560 0.303588 0.262844 0.165646 0.094230 0.061662 0.052315 0.051663 0.054804 0.057864 0.059711 0.058265 0.054247 0.051807 0.050642 0.050439 0.050304
0.050071 0.050001 0.049613 0.049966 0.050544 0.050004 0.051010 0.051414 0.050832 0.051458 0.050644 0.052768 0.064192 0.103610 0.190424 0.304518 0.359447 0.307273 0.191673 0.104560 0.063868 0.053732 0.056432 0.066940 0.080831 0.086697 0.081533 0.066547 0.056462 0.051503 0.050735 0.049847
0.049669 0.049823 0.049803 0.049875 0.049987 0.050369 0.050255 0.050430 0.050314 0.050312 0.050161 0.051624 0.061537 0.093711 0.165578 0.258383 0.304833 0.261972 0.167799 0.093509 0.061468 0.056118 0.067313 0.095900 0.130751 0.149090 0.131978 0.096187 0.067377 0.053887 0.050803 0.050273
0.050368 0.050464 0.049699 0.049829 0.049651 0.050177 0.050284 0.050390 0.049804 0.049533 0.050612 0.050578 0.056076 0.073970 0.114741 0.165825 0.192955 0.167638 0.114300 0.074248 0.058025 0.059169 0.080395 0.130915 0.198488 0.229078 0.195569 0.132974 0.080633 0.058281 0.051604 0.050013
0.049681 0.049574 0.049919 0.050306 0.050447 0.049552 0.050293 0.050428 0.049551 0.049869 0.050121 0.049994 0.052837 0.059284 0.074509 0.094245 0.103406 0.094288 0.074394 0.059476 0.053489 0.059806 0.087998 0.149815 0.230117 0.269780 0.229039 0.149265 0.087418 0.059413 0.051452 0.050610
0.049948 0.049566 0.050033 0.050176 0.050397 0.049750 0.050002 0.049892 0.049812 0.049900 0.049538 0.049808 0.050552 0.052506 0.056727 0.061725 0.063776 0.061441 0.056070 0.053010 0.052352 0.057830 0.081506 0.132008 0.195686 0.226880 0.195887 0.131298 0.080534 0.058092 0.051600 0.049752
0.050345 0.049620 0.049568 0.049701 0.049605 0.050062 0.050381 0.049852 0.050269 0.049550 0.050166 0.049541 0.049860 0.049953 0.051310 0.052071 0.051892 0.052114 0.051265 0.050715 0.051192 0.054705 0.067032 0.094906 0.131974 0.150310 0.132804 0.095375 0.067713 0.054309 0.050463 0.050353
0.049877 0.049681 0.050002 0.049536 0.050253 0.049793 0.049602 0.050026 0.049943 0.050019 0.049766 0.049612 0.049899 0.050425 0.050313 0.050186 0.050241 0.049913 0.049773 0.049953 0.050130 0.051799 0.056212 0.066744 0.081486 0.086750 0.081288 0.067189 0.056807 0.051885 0.050408 0.050467
0.050374 0.050462 0.049765 0.049724 0.049600 0.050267 0.050046 0.049771 0.050181 0.049769 0.049563 0.050418 0.049936 0.050267 0.049801 0.049742 0.049834 0.050087 0.049903 0.050435 0.050526 0.049952 0.051925 0.053932 0.057863 0.059419 0.058078 0.054159 0.051267 0.050136 0.050137 0.050263
0.050491 0.050438 0.050243 0.049700 0.049986 0.049822 0.050294 0.050087 0.049660 0.049531 0.050241 0.050294 0.050072 0.050364 0.050237 0.050395 0.050418 0.050421 0.049530 0.050251 0.049818 0.049631 0.050091 0.051200 0.051807 0.051446 0.051612 0.050539 0.050388 0.049639 0.049845 0.050021
0.049712 0.049852 0.049772 0.050290 0.049828 0.049810 0.050130 0.049614 0.050384 0.050302 0.049939 0.050472 0.050046 0.050349 0.050420 0.050081 0.049928 0.049617 0.050118 0.050124 0.049604 0.050332 0.050064 0.050021 0.049781 0.050401 0.050231 0.050495 0.050038 0.050462 0.050428 0.050162
0.050351 0.049711 0.049644 0.049708 0.049620 0.049601 0.049543 0.049632 0.049686 0.050343 0.050248 0.050079 0.050184 0.050404 0.049944 0.050039 0.050323 0.050301 0.050177 0.050208 0.049626 0.049958 0.049778 0.050431 0.049814 0.050252 0.049734 0.049981 0.050202 0.049571 0.049549 0.050253
