24 16 16 1.5 0.5 0.5 15.0 1 0.5
20.5577
18.1000
19.1001
18.8928
20.9459
20.7068
21.5687
18.3478
19.6877
18.1192
18.8746
20.0214
18.1061
18.7954
20.5995
20.1798
18.8818
20.3571
21.2377
18.0260
21.2233
20.7926
19.3610
18.6219
21.8289
19.3464
18.3710
18.3869
21.3900
20.4149
21.2285
20.9189
20.1449
21.8925
19.5141
20.2082
21.3176
20.4741
21.4468
20.3094
20.8183
18.1833
18.9116
19.1576
18.3192
18.9312
18.4040
19.1119
20.5427
19.4593
19.4807
18.8380
19.0679
21.7466
20.5921
20.4365
18.6846
20.9165
18.6536
19.5178
21.9581
20.5600
20.2278
20.7385
21.3714
21.1040
18.9162
18.1284
19.2618
19.0710
18.8439
21.7716
21.5055
19.2587
20.6218
19.5825
21.6582
19.8354
19.0595
18.9865
20.2455
19.0510
20.3383
21.5913
19.5976
18.8773
21.9902
20.0381
18.3636
18.1885
18.4386
20.5098
21.1683
19.6886
18.2541
19.5265
21.9845
20.1165
21.8843
21.4431
18.0459
20.8829
20.7268
20.1479
19.0673
20.5639
18.4462
19.7391
19.8149
21.8153
21.5034
19.0536
20.0024
18.7146
21.6505
21.4821
19.1938
20.5558
20.4359
18.6114
21.0501
20.1575
21.1145
20.1214
18.0023
19.2967
18.0779
21.7164
21.5149
21.3267
19.2301
18.2317
21.5121
21.7878
18.3426
19.9440
18.2769
21.0424
21.0634
18.5136
19.9012
20.1992
19.0603
21.4898
19.6926
18.8473
20.1573
20.9198
18.8047
19.2470
21.9807
20.5996
19.7525
20.0704
18.4841
18.8989
19.3524
20.3533
18.9205
18.8810
18.2841
20.5245
18.9159
21.6218
21.4386
18.2835
18.9521
20.6760
18.8571
18.5294
21.7422
20.2843
19.8908
21.1386
21.2301
18.7618
18.3879
19.7244
19.6945
19.8682
20.9165
20.6936
21.9368
18.3938
19.6106
19.3574
21.4468
18.9948
18.7610
19.7946
19.6877
19.1143
18.9994
21.6932
19.7727
21.4455
20.2014
18.2025
21.9973
21.3443
21.8761
21.7056
21.3949
18.6654
19.9427
18.8551
19.6043
18.2347
19.5160
21.9414
19.0610
21.1364
19.8202
19.6922
21.8294
21.9818
20.2232
20.8737
18.6193
19.1869
21.8749
20.3168
20.1689
20.9920
18.2288
20.3368
20.0115
21.4110
18.6298
21.8432
18.3205
18.7434
20.3802
20.7009
18.9409
18.4796
21.5612
18.9850
20.3782
20.4776
19.6769
20.3347
20.0912
21.7389
18.8171
20.8648
18.9548
19.5832
20.6868
19.2000
19.2647
21.0075
18.2902
19.8332
21.9939
21.9844
18.2931
18.8526
19.0608
21.7331
21.5235
21.5171
19.4781
18.6310
21.3350
20.8142
20.4467
21.9489
20.6159
18.0313
21.2684
19.1975
20.6536
21.7557
18.5372
18.4617
18.4282
20.2129
19.0894
20.4193
20.8705
18.8144
20.5370
19.0559
19.9541
21.6214
21.3844
18.3692
19.6943
19.1067
18.0142
21.0845
20.5485
19.0478
20.9649
20.2067
19.7107
18.0387
18.3010
21.5324
21.6157
20.1824
21.3384
20.3300
18.5924
18.5098
19.2330
21.5959
21.1845
21.4428
21.5957
18.8403
18.9981
18.4112
21.1205
21.5365
19.6255
20.4826
18.6182
21.7195
21.4584
21.9048
21.2431
21.5257
18.0991
20.9463
19.3287
21.7233
21.2089
21.4563
21.2430
19.0672
21.1495
18.4324
21.4887
21.4344
18.8897
21.2663
19.8412
19.2208
21.1814
18.9104
18.0947
18.7725
19.3130
21.4574
21.8676
19.1165
20.5659
19.5987
21.9246
20.1449
21.7569
18.4614
21.8816
18.7143
21.8501
19.0619
18.4336
19.7383
20.9142
19.2547
20.4248
20.0457
19.5408
20.3064
19.0189
20.8351
18.0068
21.7023
20.1538
20.8777
20.9678
20.6825
19.4569
18.2799
20.6570
19.3208
19.2557
21.3921
20.8790
19.2013
19.2371
19.6336
19.6096
19.1826
18.5092
19.6818
21.7615
20.7093
21.6112
20.4621
19.2038
20.1917
18.0016
19.1477
19.7196
20.3199
20.6188
19.8600
19.7686
18.8548
19.8927
21.6047
21.1841
18.6788
18.3392
20.0618
20.5318
19.3408
21.2737
21.0046
20.6912
18.8986
18.7965
18.0977
18.9794
19.9005
21.3990
18.2913
19.6578
20.5191
18.7777
20.7854
19.9775
18.9759
20.6242
18.0222
21.0039
21.0802
18.4263
19.7006
18.7035
21.8319
20.0718
18.2009
18.9968
21.3933
19.8258
21.2057
20.6703
21.9516
20.3818
21.8002
21.5657
20.4506
20.8771
20.0191
21.3223
20.1915
21.5888
20.9746
19.8987
19.0368
18.9890
20.5506
21.0633
20.0852
20.5070
19.0984
18.3100
19.1429
19.0869
19.2789
20.1606
18.5535
18.9251
20.7758
20.8257
18.2569
19.6304
20.1705
19.6631
18.8274
19.6806
21.6194
20.3364
20.7821
21.4270
21.0624
19.5218
18.0238
19.4073
21.0141
21.4140
21.8140
19.6763
20.9903
20.1848
20.4133
18.8824
18.8779
19.7436
18.1163
19.3448
20.7168
19.6175
18.6604
19.8698
18.5108
20.4893
18.1081
19.5763
20.2578
18.1095
20.5721
18.5439
19.8479
18.2022
19.5175
18.8477
19.3085
21.0460
19.5176
21.0091
21.3288
19.0102
18.3287
18.0786
20.1588
22.0007
19.4009
20.6017
21.1260
20.6081
21.0180
21.7995
18.7985
18.0845
18.6125
18.5078
20.6808
20.2588
18.8748
20.8008
21.0705
18.6741
20.4319
20.9947
18.4611
21.2802
21.8618
18.4353
18.1057
19.2508
20.7123
21.8356
19.5896
20.8630
18.3069
20.7654
20.5119
18.4125
21.0948
21.4060
20.4065
18.4891
21.9402
21.1354
19.3937
19.7184
19.4871
20.0287
19.3698
21.4032
21.2942
18.4270
21.8480
20.5472
21.3197
20.8341
19.7468
20.9400
21.8668
19.0852
21.2377
20.1576
19.9389
19.7472
20.9290
19.0784
21.4117
21.3278
18.3515
21.5314
18.9803
19.8637
20.4462
19.5208
18.1197
21.4087
18.7322
18.8533
21.1962
19.3662
21.5261
20.8096
19.1099
18.0455
21.7971
18.3454
20.8832
19.9573
21.0356
20.7654
20.5866
19.9662
21.1747
18.3752
18.8893
20.7701
19.2278
20.3292
19.8960
20.1266
19.7050
20.9867
19.3261
20.8144
19.0866
19.0086
18.4856
18.7733
18.4812
20.1445
21.0498
18.7417
18.8666
19.9379
20.8994
21.9075
20.0996
19.1331
18.4032
18.7776
18.9110
18.7189
18.0577
20.1376
19.0983
21.8983
20.2145
20.7908
18.5062
21.4749
19.9646
21.4920
20.2973
19.8778
19.7621
18.7377
18.2057
21.7645
19.9112
21.2887
19.6031
18.2966
20.5180
18.2147
18.5970
20.2516
19.2156
21.9759
18.4740
21.0580
20.4255
21.1632
18.9030
20.0905
19.8023
19.7711
21.4409
21.9602
19.2216
20.4841
20.4386
20.9604
21.7904
18.8312
18.8441
20.6417
18.6283
18.6953
18.3003
18.0107
19.8020
20.3753
19.1651
18.9259
20.8279
20.8120
19.8162
20.7496
21.6957
21.1513
20.5003
20.6447
21.7347
19.7006
20.1783
20.5905
21.6336
21.3065
18.2856
18.6637
19.2304
20.9958
20.2768
19.1544
18.4974
20.7547
20.7989
21.7707
20.0019
19.9752
18.3218
18.1594
19.7281
19.2893
19.0015
18.3653
21.8476
21.3438
20.3008
21.8031
21.9983
20.6891
19.0780
18.1609
21.0251
19.8820
20.6060
21.6643
18.7260
20.3413
20.5391
19.9669
18.3650
19.3918
19.3332
20.6805
21.4309
19.3192
20.7747
19.1529
21.7808
21.2543
20.2004
19.8193
19.2581
19.2931
21.8807
19.6167
20.0584
21.9525
20.6306
20.1704
19.6530
18.7503
19.4471
21.0258
20.5016
21.0400
18.8142
20.1969
21.7107
19.7525
20.7930
18.4857
21.8926
20.4355
18.9572
18.6335
20.2034
20.2090
18.3728
21.9690
21.6517
19.8458
18.4699
21.3286
19.9935
20.8664
20.0355
19.0937
21.3389
21.9210
18.9749
20.2051
19.5343
21.6875
20.0330
21.5173
21.4561
19.1050
21.1600
19.6598
21.7370
20.0310
21.2822
19.1314
19.1942
20.3478
21.9956
19.9586
18.5944
20.1543
19.3805
20.2077
20.1737
19.8214
19.2871
18.7546
20.7900
20.2872
18.9343
21.1022
18.1746
20.9789
20.8210
21.2457
19.5444
20.6548
21.2830
21.9233
19.9814
18.1481
20.0092
20.3608
21.4789
21.4968
19.7613
20.1039
19.8278
20.8898
19.6400
20.6192
18.6175
19.8780
21.8769
19.3549
20.7715
20.6000
21.4077
21.4100
21.4380
19.5207
19.2673
20.8755
21.0383
21.4902
18.1443
18.2743
20.5253
21.6844
21.9904
20.9877
19.7365
18.3944
20.5356
21.4910
19.7754
20.7767
21.6144
18.1888
21.1894
19.1783
19.5042
18.5871
20.1295
20.2686
21.1749
18.6848
18.3207
21.4882
20.4837
18.9682
21.6562
18.5773
19.8495
19.0208
19.0262
18.0424
21.2234
21.6097
20.7153
18.6368
19.7718
19.4040
20.3721
20.5775
19.7190
19.0222
21.4030
18.8186
19.5606
19.9546
18.9706
20.3095
20.3210
21.9925
19.2027
21.9336
20.6547
19.1197
20.2855
20.7650
21.0005
18.2180
20.4474
20.0087
21.6384
19.2040
21.2546
20.4875
19.4685
20.6057
20.5428
20.7703
20.9429
20.6959
21.4126
20.5722
21.6728
20.6446
19.2949
19.8225
20.3775
20.9886
18.4197
19.2397
21.0491
18.7618
18.5878
20.2168
21.9452
20.2210
21.7516
21.4195
19.1255
21.3964
20.0250
21.3236
21.0839
19.4525
18.5583
21.9492
18.6606
21.9636
21.5382
20.9945
22.0174
21.9667
21.3160
19.5607
21.2603
18.1533
20.2439
19.9168
20.7889
20.7870
20.4359
21.3873
21.8588
18.5310
19.0329
18.1977
21.6346
20.3432
21.7586
18.9831
18.3505
21.3930
21.7352
19.3064
19.7308
18.6567
21.8827
19.3151
20.0681
18.4864
21.6467
18.6403
19.9122
20.7412
21.0318
21.8431
19.7357
21.0283
18.6773
19.7187
18.4553
20.0166
19.6917
21.8653
18.1901
19.5413
19.8327
21.8614
21.4810
18.4566
20.8019
20.2371
21.9706
19.4939
19.6518
18.8184
18.5478
21.4139
19.8407
20.6729
20.5886
20.4104
18.1072
21.1690
18.9961
18.5255
20.2801
18.2962
21.0824
18.8504
18.8856
21.5006
19.3360
18.6120
21.6239
18.0331
21.4554
18.6005
18.5418
19.0244
18.7198
20.6491
18.1080
18.0643
21.1648
18.9566
19.2999
18.7018
18.2145
20.9717
20.1092
20.9875
19.9098
21.1169
20.0578
18.4411
20.0202
21.7865
18.1783
21.1378
21.4728
20.0907
19.8370
21.8610
18.2482
19.9166
19.6071
20.7450
19.9617
21.6395
18.2946
18.3238
20.4338
18.2634
19.1007
20.5330
20.1941
19.3014
21.9792
20.1229
19.8155
20.4224
18.3974
20.8078
21.4118
20.6043
21.0765
20.8840
18.8608
19.8063
18.9140
19.3558
19.8140
19.6640
18.3804
19.7071
20.6605
19.4973
18.6106
21.6920
18.2686
21.3271
18.3730
18.3863
20.9552
21.2471
20.2255
20.3459
20.2464
19.3186
18.4890
19.4144
20.6614
21.0011
21.4724
20.8842
21.8736
20.4016
19.4066
20.3117
18.8510
20.6269
18.8970
18.4329
21.3815
19.4702
21.0504
20.2964
21.2289
21.3806
21.8982
21.2737
20.4543
20.5708
18.1050
21.7163
21.3178
19.0698
18.7217
20.8108
19.2359
19.3593
18.0244
21.4795
20.2653
19.6031
18.5675
20.5327
18.1226
20.9844
18.8605
19.6793
19.3636
19.4802
20.8864
21.1073
20.2704
18.3398
18.2104
18.6296
20.4714
20.6959
19.0884
20.6478
19.9426
19.7682
19.0927
21.0198
18.4553
19.7197
19.1330
20.7139
19.9465
20.6685
18.1817
19.5811
20.3973
18.0307
19.2057
18.8449
18.5489
19.0221
19.3125
18.0309
20.9881
18.7028
19.5209
20.8147
20.0011
21.3334
21.2248
18.2883
21.4471
18.1692
18.0750
21.6847
21.4485
20.3031
20.2936
20.8380
19.6708
18.4607
18.0835
19.2991
21.2053
20.4725
21.3281
21.6791
18.3526
21.3786
18.9739
20.3561
20.0965
19.5837
19.2418
19.3587
19.3329
18.6732
20.0426
18.4568
20.0405
21.6243
19.3982
20.9102
21.2765
21.2608
18.9457
18.5864
18.7897
20.4103
21.0415
20.6227
18.7092
21.0994
19.9845
21.0258
21.0475
19.8036
21.7046
20.2660
20.5492
20.5061
21.4650
20.5169
18.6118
18.2812
19.7768
19.2193
19.1067
18.2327
20.0374
19.2496
19.8157
18.2356
21.3348
18.3149
21.4650
21.4804
20.5192
20.0875
19.9101
20.2765
21.2265
21.6427
19.8581
21.2985
20.6666
19.3453
19.9617
18.6627
18.3067
18.4732
21.6557
19.4330
20.9165
20.0774
18.7494
19.0502
19.8102
19.8169
20.1502
18.9003
19.7568
19.3969
19.9004
19.6188
20.6569
21.4223
20.8546
18.5290
18.6434
20.9789
19.4019
21.1603
20.8916
21.8907
21.7585
19.5988
20.5963
18.8311
19.6646
22.1361
21.0593
19.8332
20.6455
22.4733
19.9596
20.2280
21.8880
21.9741
21.4018
22.0371
21.6764
21.4630
20.8269
21.3054
20.4149
20.1686
20.1717
19.4424
19.5781
22.5120
20.6664
19.6275
19.2716
19.0300
22.0990
19.1259
21.8048
22.5297
22.7240
19.3402
20.5363
22.2545
19.7134
20.6961
19.8382
22.5146
22.2736
22.4254
19.8514
20.9399
20.8327
21.8947
20.1394
20.9660
20.3290
22.1834
20.9850
21.3253
20.4271
22.4237
21.0653
22.5297
20.6606
22.9778
23.1270
21.0360
20.3163
20.7167
21.2991
23.0543
22.4568
22.3943
19.7428
20.1893
21.7540
22.6857
21.4074
19.5996
22.5728
22.5939
20.3295
22.2417
20.2804
22.8105
19.7786
20.4712
22.5070
19.6095
20.5258
20.1197
18.8280
18.9343
20.7293
19.6644
22.6994
20.2210
18.8341
22.4446
22.0780
21.3212
21.8868
19.2717
19.8688
22.0404
21.5056
19.2765
21.5435
20.5157
18.7423
18.5823
19.2891
21.6052
20.4606
21.1743
20.3764
18.7101
19.4178
19.4700
18.4564
19.9447
21.4410
20.0938
18.7088
21.8859
20.6523
18.3311
20.3269
19.2331
18.8397
19.9823
20.7246
19.2276
19.9316
20.7167
18.4017
21.9578
18.3299
20.1634
20.0885
22.0125
20.2758
19.6210
19.9397
20.6019
21.9834
19.0738
18.1242
21.2133
19.4384
20.9910
20.5722
21.1452
21.0000
19.3893
18.2366
20.2433
21.3132
18.7084
21.1246
19.8665
20.7896
20.5350
21.2540
18.2604
21.1128
19.8387
19.1818
18.1832
18.8059
18.1756
21.7415
20.0695
21.9645
20.1801
19.0213
21.0212
18.7724
19.4359
21.1314
21.4712
19.3357
18.4986
19.4727
21.5586
20.9739
21.5792
19.5472
21.8956
19.9855
19.9908
21.6979
20.0778
21.2053
20.9090
18.3164
20.4105
21.2900
20.1826
19.2855
18.3209
20.6443
19.2266
20.4111
19.7051
20.7597
19.4062
18.1695
21.4802
19.4103
21.9926
19.0983
21.9201
21.7917
18.3002
20.5501
19.4533
21.2044
20.7177
21.8112
18.5712
20.4303
21.1253
18.1392
18.2690
21.1141
19.4653
19.5315
20.2690
20.4204
20.7162
21.7953
19.4881
21.0523
20.2957
20.1178
19.5921
20.5982
18.9984
18.4538
20.9427
19.9962
19.5480
20.2467
19.0471
19.0412
19.7851
21.9855
19.1423
21.6659
19.9648
18.4906
21.4113
19.8082
21.5947
19.7805
18.3512
20.7277
21.3821
19.2784
19.3897
18.2598
20.1687
21.5653
21.4055
20.8472
21.7093
20.5508
21.1748
20.0350
18.4855
18.8039
18.5555
21.1615
18.1051
20.2161
19.4757
21.2147
20.2068
20.4480
18.3451
19.2374
21.9986
20.8757
20.1030
21.0769
21.2936
18.2952
21.8898
20.5696
19.8001
20.7207
19.3783
21.5121
21.1213
20.5594
18.7281
21.8653
19.7307
21.6431
18.2219
18.4969
18.6169
18.6635
19.2955
20.8422
19.3890
21.7685
21.5846
21.3886
19.0073
20.5451
20.2082
18.5055
19.2162
20.1388
20.0152
18.6794
21.7713
18.6216
20.6398
20.8874
20.4254
21.3750
20.2593
21.3058
18.1727
18.2411
20.6250
20.3663
20.6637
21.1270
19.7256
20.6152
20.0514
20.5679
19.2179
21.8858
19.9910
21.2780
20.7992
19.2489
18.3511
18.2989
19.8176
19.9962
18.8753
20.4858
19.3095
20.9327
21.3743
21.8806
22.3390
18.9606
19.9197
20.6841
19.7140
20.3034
19.5074
19.4292
18.8247
19.5983
19.9741
20.8990
19.4306
21.8987
19.0763
19.7472
20.7482
19.6884
21.4900
20.4306
20.4964
20.4325
21.1949
20.0534
23.7417
21.9825
23.8275
20.8213
21.3723
20.1629
21.9403
23.4901
22.5778
21.8431
22.1075
23.3494
21.6844
23.4906
22.8708
23.0162
21.4245
21.5631
22.2419
20.7394
22.1736
20.2549
25.3468
26.3874
24.4487
27.2862
26.0514
23.8051
27.2302
24.9054
26.5094
24.6862
27.0856
26.3497
24.1261
25.3663
25.3301
23.5110
23.8780
24.6620
25.2248
25.1578
25.7549
25.3918
24.6417
25.7821
27.4374
30.7498
29.7447
27.9843
28.1329
30.1005
28.9167
29.6223
27.9865
30.0504
28.2608
29.4826
30.7070
29.1222
29.9744
29.6887
29.5396
26.8940
28.6857
30.6557
29.9190
29.8920
29.0979
29.6730
29.1215
27.4694
29.3035
29.2663
30.1521
27.3785
29.5103
26.9137
30.5802
27.2270
26.8631
28.0422
27.3931
29.5494
28.4289
29.8873
30.4695
30.2787
29.7307
27.0365
27.3397
27.6168
28.0876
29.4363
25.4317
24.5848
24.0225
26.9783
24.6991
24.7470
26.4178
26.2135
25.9031
26.1031
25.7701
24.0989
24.3159
25.5622
24.2293
27.2215
24.5203
24.4858
24.1589
26.1498
24.5980
24.7250
27.0646
26.5114
21.0546
20.4482
22.6672
21.4795
23.8814
23.2342
23.7792
23.1792
21.1225
21.1113
22.8173
21.3462
21.7302
20.9865
21.8770
20.7690
22.1150
23.6928
22.7454
20.5098
22.4234
22.3081
20.9306
22.6401
20.5617
20.9893
18.6475
20.0907
21.3069
18.8397
21.5206
18.4582
20.6389
22.1539
20.0651
22.1776
21.9511
20.3473
19.2353
22.2932
19.7222
21.0211
22.0692
18.7953
20.7340
20.5781
21.3300
22.1842
21.7121
18.7595
21.5882
18.7624
21.7377
22.0479
19.6472
20.0407
21.8056
21.9077
21.7634
21.5662
18.0963
20.3311
18.4884
21.9912
19.1975
22.0156
20.2324
20.0349
21.8135
21.4634
19.9313
18.8305
18.4554
18.6548
19.8405
19.0339
18.7497
20.9513
21.1679
20.2760
21.0340
18.7068
21.4294
21.5930
21.3128
20.0660
18.3518
20.6819
18.7440
18.5673
19.2993
18.9970
19.0480
18.9469
21.0199
21.8210
19.2080
20.8918
18.0460
20.6150
20.7713
18.2487
18.4731
19.2275
19.6219
20.0103
21.5807
20.8145
19.2442
18.4699
21.6648
19.1804
20.4587
18.8768
18.5345
18.6130
20.9912
20.4232
19.6636
20.1972
19.8833
20.1501
20.6564
18.8737
18.9899
21.0190
21.4925
18.3275
19.7870
20.8151
18.3124
20.2567
18.2470
20.1906
20.0220
20.2908
18.5994
19.3125
20.0814
18.4650
18.8216
20.3326
18.3638
20.0415
21.2348
19.8138
20.0530
19.8272
18.2310
19.8495
21.2277
20.8932
19.5838
21.2658
20.9833
20.3133
18.1812
19.3781
18.2551
21.9765
21.7384
18.2761
21.7351
18.1270
19.6355
21.0759
21.0633
21.9134
20.5846
19.6825
21.9725
19.5310
21.4796
21.6282
19.5037
20.7320
20.6483
20.1583
20.6152
19.3922
18.7150
20.1501
20.1165
20.9125
18.8918
18.0150
18.0920
19.1945
20.6951
20.1789
20.1288
21.2945
19.0118
19.4064
19.1244
21.7714
20.9219
18.4732
21.2597
19.6987
21.0860
21.5568
18.0844
18.8461
18.4254
18.1561
20.4129
20.8349
18.2165
20.9839
19.6308
18.9591
18.8909
21.4767
18.2476
20.0374
19.4224
21.5285
21.1914
19.5410
20.6570
20.9555
19.5480
19.4724
18.8384
20.9062
19.1495
19.4674
18.5092
22.0594
21.7842
21.9117
20.7693
19.9742
20.2478
22.1545
22.0317
20.9507
21.4086
19.5403
21.6260
20.5576
21.4666
22.9784
21.8548
23.3581
21.1637
22.7910
23.1838
23.6197
22.2103
23.8319
22.1899
20.4971
20.9322
20.7741
22.5476
23.6496
23.3493
20.3306
22.8591
20.7227
21.0346
22.6554
29.1991
30.2819
27.5400
29.8342
29.6846
29.0228
28.7050
30.2653
28.1192
30.6155
26.8487
30.5360
30.6357
27.2567
30.7857
28.7031
27.7578
29.2050
27.6054
30.4479
28.9957
29.8894
28.3100
28.9220
43.3236
42.9328
43.9379
43.8757
42.2810
45.8119
43.7646
45.2455
45.5439
43.3694
43.5423
44.1367
42.7717
42.4703
42.9297
45.6256
44.2032
43.5569
42.4962
43.2061
43.4060
45.2200
43.8838
44.5050
60.1217
58.4116
60.6687
61.2484
59.9491
59.3447
58.0553
60.5622
58.0594
60.2636
59.3356
61.0499
59.5509
59.9496
57.6173
57.5176
60.7691
61.1631
60.0552
60.4397
59.0319
60.7525
58.3081
60.2110
57.4189
59.4053
58.8751
59.8537
60.0494
59.8484
59.3152
59.3338
57.4088
59.5889
57.4297
59.5000
58.4813
61.2923
57.4509
60.6350
60.0785
60.6070
61.0214
57.8104
57.7676
57.9779
58.1501
59.4882
45.1475
42.9559
43.4742
43.3788
43.5107
44.1466
45.8475
42.7900
44.6228
45.2781
44.5015
45.3195
44.9249
42.2606
43.4036
44.0974
42.1111
41.9244
42.5721
43.8860
43.6222
45.0241
44.1500
45.3184
27.1688
28.9000
26.9576
27.6331
30.2599
30.3376
28.6894
26.9736
27.0848
30.4897
30.3846
29.0414
26.9190
30.5025
28.0453
30.6333
29.1355
29.7964
29.6382
28.3806
27.0951
27.4372
27.7493
30.1260
21.5174
23.5468
21.2877
22.9832
20.5205
23.9146
22.8574
21.9639
23.8580
20.1755
21.7091
23.3154
21.3231
23.0368
23.7802
21.5475
23.0550
20.0792
21.0540
23.9311
21.9231
21.3840
23.7253
21.6881
20.9841
20.9080
18.6081
20.7398
21.4576
21.1178
18.5935
18.8822
21.1121
20.8010
21.2240
19.5321
18.6916
18.2861
19.4984
19.7050
19.3444
18.7954
19.0149
20.0607
20.4843
19.8975
18.3704
19.6810
18.3940
20.4140
19.3195
19.5627
19.1892
19.5730
18.3606
21.6263
21.6426
21.9345
20.3096
18.7001
19.5447
18.5771
19.2263
19.9943
18.2749
19.7605
19.7062
19.9587
18.3295
19.0286
19.0081
20.5219
20.3763
18.7833
18.4290
19.2197
21.7964
19.3300
20.4819
21.2174
19.3193
19.3400
21.2630
21.4391
21.8980
18.5456
19.2837
21.7902
18.8045
19.2578
21.8594
21.8760
19.1669
20.7809
19.9651
20.3046
18.9697
19.5043
21.2660
19.5718
18.4556
20.2554
20.3689
20.1825
20.7269
20.2004
21.8121
19.8465
20.8335
19.7539
19.1654
20.7714
21.2759
21.1827
19.6366
19.9972
20.5334
18.9681
20.6347
20.8610
21.1564
18.2959
21.9629
19.9170
19.6033
20.0265
21.6817
20.7669
20.1747
21.1630
19.4382
21.5821
20.1477
20.5528
18.3400
21.0759
20.6305
19.4201
20.5881
18.1773
21.9345
20.7100
19.5986
21.0108
21.8658
19.7248
18.0451
19.0379
20.0457
20.0781
20.3250
20.3039
19.7861
19.5675
21.0923
20.3573
20.0048
19.3828
18.1012
18.4211
19.6668
21.8499
18.4672
21.7657
18.5696
19.2505
19.8243
18.8304
19.9909
19.9639
19.8119
20.8463
19.3348
19.2603
21.3000
18.5196
21.4559
20.6511
20.7678
18.7166
21.9948
19.0349
18.7570
18.6998
20.2986
21.8931
18.9866
19.6794
18.7970
20.6211
19.7877
18.1760
21.1777
19.5106
21.0901
20.2767
21.5403
19.5445
21.7306
21.9562
18.9716
19.1283
22.2092
19.4692
20.0253
20.5515
19.7707
22.1719
20.8322
21.2777
21.1092
21.1665
21.0693
20.1130
22.1034
21.1908
26.5848
26.1538
24.5196
25.7878
23.6688
23.8656
23.8013
24.5513
24.0620
26.1036
25.3731
25.0028
23.8813
24.8647
24.0728
25.8718
26.1036
25.9109
27.3294
25.5495
25.2884
23.8910
24.5881
25.1338
42.1010
43.3228
41.9249
42.4327
45.1475
45.7419
43.9083
43.8665
44.6254
43.5491
45.2462
43.8414
42.2173
42.0100
44.9308
43.0550
42.9860
44.0370
42.5594
43.7159
44.8567
44.9503
44.0855
42.3394
83.3873
86.0309
86.2236
84.3979
86.2209
83.0969
85.8064
85.1159
86.8896
83.3402
86.2508
85.9359
84.1213
86.9277
84.7294
84.3248
86.1974
84.6868
86.9063
86.0330
83.8783
86.1733
85.2822
84.3330
127.8953
127.5834
125.7162
125.6092
125.8788
125.8801
125.2897
126.4555
126.1766
127.2074
126.3469
127.8685
126.2096
126.1217
128.4844
128.9942
127.7695
125.4332
128.9034
128.1950
128.7274
129.0222
128.5205
125.5598
128.5166
126.0510
127.8979
128.3662
128.0982
127.7572
127.0101
127.3620
126.1272
126.7092
126.8603
127.5868
128.5728
125.4247
127.1147
126.1652
128.7976
126.5286
128.8533
126.3614
125.0622
128.1488
127.9832
127.9760
84.7643
85.5871
84.3634
83.1838
85.0682
83.8018
84.6491
83.7779
84.0046
86.2439
84.2815
85.2422
85.1951
84.8718
84.3055
85.6607
83.1241
83.3288
86.0661
84.7688
83.4274
86.3611
84.6956
82.9332
45.7187
42.6959
44.6410
42.4142
44.4866
42.5225
45.6175
42.9827
44.5049
42.8882
43.3740
45.5018
42.5487
43.4720
43.1086
44.6844
42.8232
44.5085
44.7014
41.8909
43.7938
42.4174
42.7914
44.6065
23.3670
26.1122
26.5983
27.2824
25.0191
23.8585
23.6131
24.8621
26.2529
23.7395
24.5832
26.8538
23.8783
26.4237
26.3425
23.8624
27.3016
23.9012
25.4519
23.3637
25.9299
25.0902
26.2195
25.8421
19.3268
20.3682
21.4676
22.1612
19.0681
19.1232
21.7311
21.0796
20.2574
22.5743
19.9793
19.2806
19.8292
19.0583
20.9349
21.1213
21.1517
21.8372
21.4832
22.1129
21.3549
19.9279
20.7923
20.7594
21.0506
19.2414
18.2775
21.6509
21.8779
20.0388
18.5102
20.0575
20.4349
20.1724
21.9700
22.0067
21.7949
18.5871
21.5025
20.3327
19.5209
20.7910
21.1101
21.8770
21.1407
18.1260
18.3293
19.1080
18.1623
18.2448
21.1601
20.0294
20.5172
20.0071
19.6647
20.8102
18.3327
20.1492
20.4671
19.1128
19.2426
20.0482
18.8157
21.2352
20.1485
19.5659
20.5401
21.3411
20.7272
18.2674
20.7977
20.9228
21.3860
18.2317
18.3449
19.7380
19.8136
20.4354
19.2372
20.9669
20.9627
18.4779
20.8317
20.8061
18.6554
21.8122
20.0921
21.1320
20.8832
18.6679
18.5078
21.1246
19.0751
21.5457
21.0858
18.1175
21.2286
19.0881
18.2556
20.8494
20.3068
18.3084
19.8209
19.4406
19.9986
20.2677
19.4709
19.0206
18.4118
20.2958
20.8913
18.9138
20.0354
18.1763
21.4519
18.9784
19.8872
19.5321
18.6005
21.7248
21.4348
20.2163
21.6607
20.9675
19.6823
19.2921
19.6699
20.8860
19.0899
18.3164
19.4961
20.0130
21.6126
18.7222
21.2222
21.9305
21.8212
18.2806
19.8652
19.1341
21.3842
19.3141
20.2172
18.0367
18.9003
20.3528
19.3133
20.5885
19.9533
20.4644
20.0711
21.1881
18.8793
21.6994
21.1395
19.0781
18.1231
19.7378
19.0296
19.4833
21.4559
21.6064
21.9016
18.1035
20.7268
21.4936
21.0065
18.5134
21.3085
20.1419
21.1574
19.4288
23.1771
22.0359
19.5614
22.8743
22.7784
21.2683
21.9926
20.6792
23.0875
19.5289
19.5716
19.7233
22.4691
19.4886
21.4605
20.9292
23.0461
20.1363
20.2332
20.4493
29.9907
29.5903
29.7288
28.0596
27.8752
27.0861
27.5982
29.9071
29.1262
27.4090
27.4449
28.6516
28.4134
28.9311
30.6459
27.6179
28.0206
27.8474
27.2670
27.4178
29.5316
30.0929
29.5749
26.9487
60.7260
58.6935
57.7472
58.3752
58.8053
59.4362
60.0911
58.4230
61.3450
57.5067
58.9999
59.1911
60.3746
58.3817
59.2305
60.5979
57.9415
57.4302
60.7038
61.3126
57.9052
60.6770
58.8713
59.9035
127.6310
127.3816
126.0876
128.3033
125.1395
125.3102
128.6623
126.8260
125.5675
128.6726
128.3697
126.3785
125.2231
126.8963
125.7242
127.3478
128.3390
126.6323
125.1702
127.7851
125.7435
125.9112
125.8009
126.1717
198.0331
194.6380
196.9761
195.4825
195.6798
196.1473
196.7021
194.7433
195.6185
195.0483
195.2972
198.0380
196.6026
197.0224
197.7081
197.6788
198.4570
197.6270
195.9358
196.6775
196.4381
198.1501
196.5090
196.0529
195.2186
195.7749
195.3755
198.0824
197.6135
194.7337
198.4655
196.6171
197.5667
198.4978
198.3953
194.8999
197.1268
195.5655
197.7645
198.1684
194.7230
198.4849
195.3770
197.8854
197.6889
195.9186
197.8563
197.8803
125.7567
127.4224
128.2771
127.8428
128.7082
125.1651
127.8545
128.8425
127.3067
127.3047
125.8052
129.0043
128.5788
127.0212
126.2885
127.0140
125.4133
125.9828
125.9275
127.1581
125.0550
128.7239
125.8581
125.5742
60.2501
61.0575
60.7595
58.6767
57.4700
59.7288
61.0512
60.4798
60.7683
60.8250
61.2246
58.8767
61.1500
58.9647
57.7865
58.5894
57.9281
58.0124
61.1771
60.5497
61.2250
59.9791
58.0791
61.2573
29.5616
30.5028
29.9354
27.6803
29.1432
27.4888
28.0147
29.5414
27.2968
29.7027
30.5825
30.5822
28.3538
30.7645
30.6481
26.9169
29.1969
30.4715
30.6575
27.6710
29.0496
30.5341
27.3500
29.7688
20.1412
23.1188
19.8608
22.7305
19.5441
22.0251
21.7457
22.7359
20.9758
20.2501
20.1874
19.4604
20.2159
19.6214
19.1944
20.7330
22.1196
23.0657
22.7275
21.1616
20.7041
21.3733
19.5950
21.1072
21.5538
20.7015
20.8463
18.7482
18.3925
21.4807
19.2773
19.3725
21.9043
18.3944
18.7780
19.5995
21.0256
20.2858
21.6901
18.4700
20.4737
20.5522
20.0286
18.2216
21.8674
18.7576
21.6566
18.7260
18.4099
18.8271
18.7648
20.7936
20.8930
20.9248
19.0659
19.1310
18.9551
18.2034
20.2919
21.3643
18.6192
19.4482
19.7153
19.1831
20.6529
20.4057
18.8036
18.1078
18.6882
19.1721
18.3326
21.3799
19.2336
19.5900
19.9565
20.6443
18.3647
20.1767
18.7397
21.5421
19.4778
19.7832
19.0533
19.8604
18.9051
19.0744
18.2467
21.0091
20.6700
18.3430
19.3753
20.1659
21.8830
20.3591
20.2146
21.3633
21.2738
19.6747
20.1422
21.4677
19.8994
21.5268
19.9052
18.3160
21.6113
20.8574
20.0086
21.6020
21.2019
20.7103
20.4812
18.4813
21.0289
18.6917
21.9376
21.8888
21.2340
18.5049
19.6936
21.9533
19.7464
21.9939
20.5138
21.3413
19.0364
21.6481
21.6616
18.2729
19.5573
19.5943
19.3094
19.1097
19.8375
21.4987
21.1511
20.4971
20.0951
19.6832
19.6626
18.5977
20.3566
21.0384
21.7635
21.7046
20.3484
18.5016
19.2420
20.2402
19.4731
19.7412
19.6298
20.0400
20.5335
18.2475
19.1993
18.6730
20.5322
20.8723
18.2527
21.6559
19.4236
19.0479
21.0806
21.7810
21.6857
18.1786
21.3672
19.3098
20.3106
21.1557
21.9740
19.5821
22.6648
19.7268
23.0861
20.9617
22.4925
20.2669
20.8563
21.7715
19.9410
20.0348
22.4851
22.1530
22.2272
22.6580
22.4733
21.2503
19.8251
20.4337
21.2164
19.7318
30.1926
30.3047
26.9032
27.5584
30.1191
30.1353
27.7853
28.6132
30.4595
29.6059
27.8833
30.0814
28.8079
29.3290
27.2829
26.9096
28.2773
29.1636
27.4977
30.2693
29.1349
28.1864
27.4414
30.3654
60.3782
60.1377
58.5226
58.9286
58.0340
59.6714
61.2420
60.8108
59.9719
60.0931
58.4587
59.0204
57.4625
60.5035
60.4526
57.4179
61.0284
59.9718
59.7869
57.4162
58.3919
60.6027
58.6042
61.2504
127.6232
126.7475
126.5582
126.4471
126.0603
126.9191
127.7611
128.3495
126.6409
125.4615
127.0983
127.7017
128.4254
126.5492
127.6417
127.4885
126.2462
125.4847
125.3076
129.0057
127.6147
128.4983
126.0969
127.8967
198.0689
195.6945
195.0991
197.5613
198.0981
197.7211
197.7088
196.8995
197.1415
197.2224
197.3845
197.1210
198.4893
195.5371
196.1736
196.0525
194.6407
197.3317
196.7876
195.2590
197.4056
195.3888
196.6379
197.6390
198.1255
197.1869
196.5286
197.8811
197.8619
198.0054
195.2239
194.8898
195.0112
195.5340
197.7328
197.5511
195.2317
197.2182
195.8419
194.8566
195.9205
197.4762
195.7277
197.6517
195.8246
195.5416
195.6756
197.9042
126.9344
128.5179
127.3866
128.8295
125.3371
128.6100
127.0542
128.5223
126.5790
126.2457
125.2685
128.4692
125.6017
125.8535
126.6891
127.3299
128.6788
126.8826
126.3178
127.9150
128.1681
127.0026
127.5764
125.7596
59.9203
57.4012
58.4764
60.4271
58.0568
60.4403
59.3406
60.4366
57.7345
59.8403
59.9163
58.9959
61.2436
58.9156
57.5332
58.1800
58.8747
57.4386
58.6712
60.7152
58.1446
60.0893
59.8891
58.3776
29.5615
28.1648
27.3031
28.3216
29.1421
27.4555
30.0828
27.9802
27.9507
29.6987
29.1729
28.1387
30.3393
30.7693
28.1583
30.3929
28.2244
27.5411
30.5797
30.4602
28.4010
27.7011
29.6961
27.3122
22.1255
21.5480
19.8652
20.6556
21.7914
19.3387
22.6954
20.2124
21.3282
19.3836
23.1680
21.8371
21.8035
19.2682
21.9482
20.8563
20.7103
21.3784
21.0868
19.8018
21.9700
21.7105
20.3937
21.8359
20.7476
19.1775
20.5202
18.6463
21.4202
18.5173
20.9727
18.5686
18.5537
18.5227
18.8922
18.8966
19.1496
20.1902
18.9043
20.9114
19.2790
18.2552
20.0830
18.9284
21.8301
19.4200
18.1086
20.7842
21.6324
21.3458
20.6809
18.6014
18.3652
20.0517
20.8991
18.4100
19.0284
18.9295
21.9595
19.1889
19.8620
18.4041
18.7037
18.1626
19.1671
21.2112
19.2557
20.9590
18.3849
21.0377
18.1884
21.4129
20.6536
18.6822
19.4303
19.7510
20.4874
21.5140
18.3720
21.2600
18.7316
19.6033
21.8494
19.0875
19.5430
21.4028
21.1997
20.5955
21.1878
18.4524
20.7848
18.2347
21.7700
18.6377
19.6643
20.3631
21.2091
20.7137
18.7251
19.5191
19.4345
18.1154
20.7379
21.3542
21.8939
18.5227
21.6817
18.4518
19.6452
18.1840
19.0465
19.2570
20.8184
20.7118
21.0702
20.3067
20.2601
21.9117
20.6795
19.3533
20.0954
20.8053
18.3839
20.6498
18.9973
19.3859
20.7081
19.5425
21.3591
20.2363
21.9541
18.2212
20.5765
18.6307
21.3983
21.4104
21.4806
18.3024
19.9695
18.9665
21.8835
18.2044
18.8938
20.5762
19.6723
18.9992
19.8956
21.2643
19.8516
21.4856
19.8475
18.5340
20.0487
20.6727
18.4698
19.7086
20.2877
18.0599
18.4228
20.4760
20.5355
19.2776
20.0926
18.8866
20.7451
21.8606
19.5126
18.2763
19.6130
20.5392
20.9619
21.2003
20.6138
21.3500
21.5850
19.1774
21.7586
19.6083
20.0867
22.0408
22.5790
19.8892
20.8093
21.5297
18.9044
19.3779
19.2831
21.5887
21.6075
19.1492
21.1647
19.4715
27.0507
24.9014
25.1580
26.4555
26.1970
23.7609
24.9877
27.0363
26.6797
25.6851
26.4184
25.1318
25.9636
27.1546
23.8684
25.3251
25.4513
23.5241
27.0711
26.6851
25.2615
25.3632
27.0145
24.0386
44.2008
44.8086
42.4001
43.4362
44.2888
45.4174
43.9030
43.4252
45.8046
45.5502
44.9361
42.9810
45.7410
45.7686
43.6980
42.4201
43.5376
44.6867
44.8803
43.0822
44.6926
45.3294
44.7341
45.6286
85.4608
83.7340
85.4272
84.0928
84.3117
85.6200
86.8558
85.5308
86.7638
84.9461
85.7077
84.2200
83.3921
84.3394
84.8520
85.2130
85.5991
84.6004
85.9220
86.2961
84.0742
86.3197
86.1637
85.0214
125.1534
125.6336
127.7333
125.8519
128.0530
125.6960
126.1987
126.0545
128.4098
127.8147
126.2328
128.0667
125.1815
128.3084
125.4622
128.5244
128.0103
128.5117
128.0219
127.2974
126.0027
128.1895
128.2476
126.2028
127.7103
128.7582
126.6025
128.8791
128.9556
126.3029
127.2608
125.1041
126.0577
127.5345
128.1760
128.5328
128.3722
128.6982
127.8708
127.6428
128.0727
127.2387
127.4658
128.1569
128.9094
126.2290
125.7620
127.7829
83.6784
83.6257
84.9859
84.4393
84.6445
85.1569
83.4508
85.2664
83.9506
84.2527
85.7693
83.5497
83.5453
84.2210
83.1339
86.6600
85.3929
85.5781
84.8927
85.2212
84.3628
86.0666
84.2019
83.8103
42.6221
42.1593
43.9072
43.5503
44.0347
42.2544
42.7714
42.7400
43.2141
43.3298
42.7604
44.8972
44.0086
45.8731
45.1813
45.8111
41.9218
44.5623
43.6693
45.5046
44.3414
44.3711
45.7222
44.6168
24.6136
26.9935
27.1098
24.8733
25.4908
24.4611
26.9752
26.6183
24.8297
26.5411
25.1120
23.5052
26.9229
24.0999
25.3854
27.1227
23.9994
27.1549
25.4817
23.3591
23.5917
26.0112
26.4241
26.7896
20.4182
19.1370
20.8723
21.5323
22.6262
21.8221
21.3076
22.4803
21.7089
19.3363
20.5582
20.0482
19.0714
18.9384
21.8982
20.9536
21.0212
19.6319
19.7559
20.2734
21.2422
20.4534
18.7889
21.4145
20.1985
20.6249
20.5326
21.0831
20.4016
20.8627
18.3496
21.7714
18.4838
21.2068
19.2646
18.4052
21.1203
19.8099
19.6397
20.7021
19.9552
20.1931
18.6047
19.6232
21.2491
20.2421
21.8997
18.6355
20.7121
21.6596
21.1830
20.9202
19.4955
21.8008
20.2170
20.2232
18.4959
18.0231
20.3896
20.1516
21.7909
19.2217
20.9961
21.6171
19.3784
19.6536
20.5867
20.0532
18.6468
18.8861
21.3419
18.7803
18.7255
21.1987
21.4091
21.4056
21.7296
21.9773
19.8451
20.1987
19.1627
18.2695
18.3929
20.9024
19.9489
19.3235
18.5129
20.6220
18.4003
20.4782
21.6006
19.2712
19.8027
20.4655
19.2228
20.3368
20.2622
19.4580
19.2654
19.7133
18.0194
18.9847
18.8861
20.9593
19.7445
21.3605
18.5373
20.9319
21.5116
19.8514
19.4350
19.2219
20.2067
18.7031
20.4265
21.3672
21.4349
18.5600
20.1545
19.0530
21.5464
18.3069
18.3027
18.0756
20.0298
18.1259
20.3286
19.6216
20.3612
21.6263
20.2075
20.1750
21.9960
19.8895
21.1019
19.4644
18.8943
21.0897
20.9340
19.1651
19.8599
20.0427
19.5882
20.0098
20.6725
21.4137
21.2479
20.4779
18.6852
20.0783
19.8067
18.7384
21.8166
20.6594
21.8927
20.9655
19.9558
19.4570
18.8971
19.9724
18.2732
19.4995
18.1930
18.8489
21.6527
19.4668
19.9005
19.8404
18.4511
22.1877
19.5616
21.0803
20.3508
21.5839
21.6048
19.3186
20.4428
18.9608
20.8801
19.7265
20.8787
21.6072
20.3320
19.7707
21.8943
20.3308
19.6769
21.7362
20.2128
20.1938
20.6822
20.2727
20.5166
20.6232
20.2691
22.5346
20.8068
20.7084
21.4096
22.8299
20.4341
20.8821
23.2054
22.8418
21.8868
21.8760
20.8035
20.6057
23.2942
20.0505
20.1333
22.2547
20.6052
22.4789
20.1175
22.2498
27.0110
27.8204
27.5075
30.6203
29.1848
29.0418
26.8619
29.6656
29.4344
27.9212
27.1304
28.5842
30.7585
30.2566
27.4697
30.1088
29.1907
29.9659
30.0692
27.5149
29.4260
27.8455
29.6841
28.1581
43.7005
44.2490
42.8058
43.4284
42.3209
42.6960
45.3250
43.9040
43.5658
42.4848
42.2718
43.7901
44.3456
42.0427
45.0221
43.8999
42.3567
43.8156
42.4079
44.3005
45.1967
45.4745
44.9861
44.4835
59.4705
58.8638
57.5561
59.5016
58.3003
60.5915
60.5406
58.9073
59.7385
60.3479
60.4285
60.1692
57.7732
57.9179
59.2909
58.3124
60.8185
58.5154
60.8894
59.0169
58.1384
60.2189
60.5400
59.6943
57.8536
57.4111
60.0005
60.1334
58.6459
58.8314
58.0014
59.9886
58.3969
60.8022
59.0766
58.8449
58.4846
60.1048
60.4022
59.0352
60.5175
59.3122
58.8632
59.6020
58.3974
58.6089
58.7598
60.2043
44.8297
45.3066
44.5237
44.8779
43.6730
44.6838
42.5338
42.7444
43.4888
43.2403
44.0889
44.6748
44.7138
42.5295
45.7449
41.9078
42.2509
42.4679
45.5900
43.6281
42.1429
42.7737
42.2068
42.0376
28.3247
30.7252
29.2432
28.8714
29.6338
29.1773
30.5703
30.0683
29.3486
28.5433
27.5942
29.4149
30.0030
27.9314
26.9218
29.1854
28.8506
27.7141
27.4653
26.9316
27.7444
26.7885
27.4172
30.7747
23.0794
21.3732
21.5413
22.3051
22.0317
22.9084
20.2352
20.3214
21.0987
23.2798
23.6208
21.3531
23.8139
21.0668
22.3862
20.7388
23.6796
22.2604
21.0052
21.5893
20.3866
20.2503
21.1377
23.7488
21.4771
22.0922
21.7698
21.5179
20.5649
21.0421
22.1296
20.5180
21.3452
21.2952
22.1103
20.1007
20.1082
20.6127
18.3748
18.7304
18.5356
20.8000
22.2421
20.9730
19.1851
19.5283
22.0871
20.3314
18.0607
21.3505
19.0148
18.3938
20.7166
21.3061
18.3259
21.7474
19.9280
19.4359
21.5990
19.0981
21.8103
20.7542
21.6615
20.0178
18.8204
20.9635
21.5128
18.8489
18.8328
19.0206
20.4962
18.6458
18.4278
21.6818
20.7043
20.6548
20.4564
21.0581
20.1670
18.1701
19.9303
20.4838
19.9704
21.9425
21.5891
21.4762
19.9643
21.9387
21.6651
19.1222
18.8895
20.3077
18.2177
21.1982
19.9144
20.1642
20.0099
19.5749
20.7454
18.6992
21.9061
20.7930
19.8403
20.7569
18.0473
18.8430
20.3241
19.3018
20.4511
19.0388
20.1943
18.9486
19.8854
20.4524
19.4637
19.9951
18.8422
20.8029
19.4893
21.4173
19.1185
18.7196
18.5246
20.3036
18.9143
18.3995
19.0798
18.9432
19.7289
19.5235
18.5834
21.8366
18.5982
21.2227
18.7064
19.9984
21.9823
21.3976
20.0680
20.8822
21.1413
19.2001
20.2486
20.2713
19.5938
20.7624
18.2404
21.2555
19.9064
20.5197
19.7997
19.3389
19.4441
20.2416
21.7276
19.0311
18.0796
18.4852
21.4697
21.8527
18.7961
20.3038
20.5968
18.6984
21.1215
19.4207
20.6930
19.9502
20.9510
21.5634
19.5291
19.1510
20.5317
18.5843
18.6752
21.2357
19.3544
20.5300
20.2914
21.4005
18.2902
18.6529
18.9177
19.2724
19.1703
19.0747
20.5834
19.0899
19.7845
21.4561
19.4575
20.3525
21.9213
19.7152
18.7948
18.1516
20.9703
20.7073
21.8210
20.8620
18.3795
18.7269
18.4712
18.3144
21.5740
20.2529
18.1647
19.6473
21.1192
18.3922
19.1090
18.6803
20.6785
21.6011
19.2967
19.0488
19.5742
20.9434
18.9626
21.7916
18.5518
21.0917
21.8790
19.7383
20.3421
22.3374
20.5998
19.5272
20.2169
22.3157
21.2280
19.1456
20.8278
20.9617
20.9809
20.6934
20.5313
20.9956
19.6761
19.8262
22.1194
23.1796
21.7282
21.4239
21.0000
21.1750
19.9611
23.2223
23.3525
21.3363
21.8375
19.9940
23.6491
23.7486
21.8690
19.9973
21.6825
21.1324
20.8856
19.9896
21.4553
21.6077
22.2029
21.5397
23.9829
26.2783
24.8887
24.8433
24.3817
25.0188
24.2881
26.3880
26.9696
26.5601
26.0684
24.4685
26.3015
26.5651
24.9814
26.7437
24.0594
24.4882
25.8774
25.8007
24.4184
25.8208
24.0810
23.4074
26.9859
28.9273
27.5311
27.1965
27.8642
29.6482
29.6958
27.7186
27.3901
28.7617
28.1550
28.0337
29.9852
30.7792
28.6421
29.9531
28.1084
30.1616
30.5940
27.0115
29.8900
27.0729
28.6680
27.5562
30.1535
30.0564
30.1004
27.2752
29.8600
27.7832
29.8723
28.5592
29.7379
26.9214
28.6307
29.8714
28.8719
30.7159
28.6787
29.5132
28.0358
28.0796
29.3040
26.9561
30.5371
28.8711
27.8006
29.3415
24.1247
26.8799
26.7845
24.2010
23.7815
25.8615
24.6279
23.9993
24.4342
23.8084
26.4864
23.3655
23.4978
26.4637
25.2309
25.7147
24.8154
23.6877
23.9606
23.6954
25.8044
27.0532
27.3177
25.8303
20.1998
22.5390
22.7660
23.1266
20.4640
20.8914
23.8874
23.1150
22.9875
23.1828
21.7156
20.7326
22.7177
21.3934
20.4997
23.5554
21.9019
21.7107
21.1396
22.7489
20.7198
20.7072
21.3514
22.8903
19.5388
21.7629
22.0954
20.6556
18.7130
19.0576
19.6202
19.4909
19.9059
18.4404
20.9896
19.9537
19.1796
18.5124
21.8648
21.5416
19.3926
21.3215
21.0707
20.5933
19.9875
20.5338
20.4277
20.6434
20.5114
19.3496
20.6228
18.5011
20.1520
18.3259
21.4000
18.5783
21.5532
18.8675
20.0007
18.4542
20.3433
21.4044
20.6909
20.1625
20.8645
19.0830
19.5246
20.4830
18.3427
21.7801
18.8942
20.0248
21.5639
18.3247
21.2089
18.2477
20.2369
21.7578
19.6687
19.4811
20.8386
21.2994
19.0681
18.1675
18.2864
19.2205
21.7833
21.8472
18.3933
20.9055
20.1315
18.7627
20.1096
18.9999
20.5062
18.7205
20.9970
19.6610
18.4223
20.5547
19.4321
19.8351
20.6612
21.5315
18.6675
18.7218
19.6065
19.3503
18.6329
21.9940
19.7723
19.4095
19.2609
21.9661
19.2989
19.4871
21.0570
19.7226
20.9037
20.4339
20.2526
18.8557
21.0628
21.7046
19.0164
21.8466
19.7900
19.5884
20.9053
21.9318
20.3831
20.0704
21.9737
19.2074
19.2013
18.8876
21.4229
18.0868
21.2878
20.7589
19.1038
20.2147
20.2253
21.7037
18.6189
18.1509
19.4226
18.5536
19.4683
20.3286
18.9320
21.2443
18.3676
19.5992
21.6715
20.9371
20.8943
21.1716
18.6916
21.3028
20.7584
20.3049
21.6306
20.3809
19.2016
20.9232
20.3051
18.3139
18.2237
21.0836
19.3918
21.2686
19.6661
21.4714
21.4792
18.9069
20.6111
20.4092
18.0458
21.1097
19.5300
19.2192
18.1648
20.1598
18.5984
20.0096
18.8832
18.2021
20.9263
19.5716
19.7825
20.3806
20.0196
18.8890
19.1598
19.5779
18.5294
18.3308
20.2864
18.1979
19.5974
18.3410
20.0080
21.0960
18.5222
18.5401
20.2378
19.9521
20.6097
18.7851
20.4646
20.9433
18.9856
18.2872
21.1077
19.2943
21.7046
18.3664
20.6950
19.7022
19.4012
19.2910
20.3835
18.1048
19.2273
21.9586
20.4729
21.9686
19.7769
18.5913
18.1875
21.2807
18.8068
19.5033
21.0389
21.4191
18.4575
18.2262
21.8038
21.7149
21.5342
21.3397
18.1141
20.8344
18.5043
19.8595
18.1502
18.8952
20.2112
18.8744
20.1523
19.0938
19.9913
20.9789
18.6246
20.8542
18.1328
20.3912
20.7133
18.2331
18.7405
19.1953
21.2160
20.5311
18.4777
20.8844
18.2987
19.8199
19.3506
21.6737
20.9058
21.7225
18.3417
21.7350
20.8630
19.1900
19.7882
22.1718
18.6638
19.5272
21.7324
20.3916
19.0110
20.2680
20.0973
21.9708
18.3513
19.2549
20.8390
20.0556
20.2949
19.3493
20.1084
20.1290
21.2222
19.6661
22.6343
20.7263
21.9689
21.2245
22.2360
22.2829
21.9807
18.8392
20.9411
19.8421
19.3281
22.3100
21.3490
19.0725
20.2501
22.5637
21.6390
21.6913
20.0990
20.1507
19.8002
23.0714
22.8282
20.5064
21.3582
20.0163
19.7435
21.3547
22.3897
22.6396
20.4252
22.0098
21.2845
19.7303
23.1720
23.0924
19.7699
22.9214
22.8577
20.4592
21.4186
22.9836
19.6628
20.4596
22.7078
22.0976
22.2510
22.7098
20.8454
20.8343
20.9613
22.9243
22.7658
22.9222
20.2844
22.3057
19.6163
19.9282
22.2390
21.6372
20.2567
21.4574
20.1129
20.1180
21.4708
20.1584
21.4739
20.6277
20.7306
21.1402
21.5694
20.2172
22.1298
20.6871
19.2714
19.4944
18.8502
21.7795
18.7814
19.8007
20.3735
21.6908
22.6743
21.7524
18.9859
22.4297
22.6638
22.1898
20.2251
19.5649
20.0955
19.2525
19.8848
18.4327
21.2067
19.7869
19.5169
20.7114
21.2352
20.6406
20.3663
21.7685
21.4130
20.3480
20.0718
21.5734
18.4350
22.2487
20.3402
19.8478
21.2060
20.4962
20.1237
20.5818
18.2564
19.2239
19.6514
19.2774
21.3697
19.9046
19.7491
20.5117
18.2774
20.1271
18.6282
21.3788
19.8660
20.9498
18.5119
21.1741
21.8106
20.8437
18.6004
19.7134
19.8628
18.7747
20.3693
20.8586
18.8157
19.8267
19.0083
20.7749
21.6367
21.1940
20.8815
18.5022
18.4647
19.8056
19.4598
20.1033
19.5444
21.1723
20.0547
21.8070
19.5227
19.5304
21.0811
21.6570
20.2700
20.6461
18.6010
21.4759
18.7161
20.8488
19.6790
19.2387
21.0752
19.7857
20.5065
18.4709
18.5269
18.8121
20.4909
19.0131
19.8352
21.4223
20.1747
18.0237
21.5315
18.9522
20.3561
19.9035
19.6413
18.3183
20.4004
18.9789
20.1894
20.4791
20.2302
21.3010
18.1957
18.5931
20.6131
18.1469
21.4153
20.6680
21.3521
19.1938
21.6816
18.1962
19.6679
18.7130
20.6884
20.4444
20.7661
20.3799
21.1493
18.7097
19.8214
20.3159
21.7259
18.3725
19.1972
19.4743
19.5158
18.2707
19.7093
20.2019
19.1713
18.5382
20.7785
19.0977
20.1082
20.0986
20.7833
20.4482
18.4372
20.9189
20.5159
21.9488
19.9347
20.7546
21.7356
21.9451
19.1487
20.4354
19.2660
20.1016
21.9801
19.4154
18.5189
20.2505
20.0788
20.5274
19.9700
18.7196
20.4376
20.8343
21.9170
18.0063
18.0959
20.5018
18.4717
21.3923
21.1983
21.9959
19.6562
19.3352
20.2417
20.5500
18.0452
18.8048
19.1265
21.1608
19.2311
20.0268
19.2957
18.0245
20.7433
19.3654
20.8976
20.4640
18.1165
18.7025
19.3221
19.3518
20.6899
21.6647
21.1890
20.5826
19.9260
20.5089
21.5683
20.1479
19.3405
21.1360
19.6559
20.9704
21.3405
19.1974
20.8999
19.2621
20.1436
18.8331
20.7420
21.1982
21.5522
19.4144
21.8785
19.1219
18.1247
21.9345
20.5061
21.3697
20.2846
19.5589
20.3814
21.4590
21.0068
20.8217
19.2587
18.1272
19.6561
19.9889
18.9512
19.8083
21.8036
18.8652
19.2099
18.4496
21.1404
21.1118
21.6541
19.7758
18.1004
19.9313
20.0009
18.7615
21.6994
20.9346
20.0994
21.1070
18.5780
21.4921
21.2934
21.7570
20.7117
18.5357
20.9031
19.8423
20.8596
20.0942
18.0213
21.7342
20.7531
20.3820
18.3532
19.8724
18.1894
20.0872
20.6408
19.2548
20.3320
19.2704
21.5903
19.3053
18.7920
19.1284
19.2984
19.7862
18.4924
18.6191
19.1163
18.0828
20.5136
20.0780
18.8481
19.4231
19.2957
18.5880
20.8392
19.1549
19.0011
18.3068
20.4748
19.3767
19.8338
18.5795
19.9422
20.7612
18.4829
18.2744
19.7651
18.7751
20.4437
20.4302
21.4039
20.8567
20.5245
19.3090
21.3290
20.9108
20.7427
20.1931
21.9539
21.0822
19.9220
18.5864
21.3106
21.7380
19.9707
19.9200
20.8355
20.9385
19.9592
19.0244
18.9928
21.5420
20.5654
21.7491
19.6659
20.8961
20.7583
21.2527
21.6272
19.9108
18.2187
19.9990
19.5034
19.9426
18.7808
21.1694
20.5154
18.6072
18.5093
21.3678
21.2847
19.4011
20.6954
21.2673
20.2286
19.7009
19.7514
20.5811
20.2894
21.9932
19.6329
19.4605
21.3533
20.4615
21.2349
19.8390
21.2469
20.2757
19.0422
20.7481
18.4092
21.8211
20.3560
20.0057
20.4279
19.9108
20.2796
21.3473
18.7639
21.8827
18.3376
18.4942
21.3155
21.1446
19.5749
20.0364
20.6999
18.4213
21.3273
21.6083
21.6722
20.6037
18.0599
18.6461
18.6561
20.1842
19.5817
20.3335
18.8044
20.7478
19.2882
20.3029
21.6746
19.2400
21.7951
19.7607
21.9521
19.3988
18.3789
18.0543
21.9675
19.6386
18.5320
19.1985
19.4987
20.2173
18.2343
20.8352
21.3048
19.4588
21.4499
21.4676
18.9458
20.8137
19.5819
19.2774
19.5360
19.5311
20.1853
20.6548
19.9043
18.7578
19.5432
21.7028
21.3647
18.6219
21.9947
20.6851
18.5420
18.2918
18.0677
20.8902
19.9517
19.7518
21.9615
18.3393
20.5696
19.6641
19.8248
21.1564
20.4184
19.7035
18.7198
20.0383
20.2089
19.8008
19.4219
18.7438
20.4190
20.3124
21.3879
18.9477
20.0076
19.6440
20.1853
19.4685
21.9136
20.2733
20.8196
18.4527
19.9262
20.7620
18.5684
20.9252
21.9344
21.9347
21.1155
19.8598
18.3130
21.5597
18.3538
19.8899
20.9668
21.8417
18.3124
20.5348
21.1924
19.2501
18.2112
19.3742
21.1142
19.8755
20.0507
19.8769
20.9353
19.6841
21.8423
21.1929
19.1568
18.1413
21.6915
20.9977
20.9079
20.2548
18.2457
19.8926
18.6763
18.2065
21.9615
21.2356
20.4973
19.1473
18.3300
20.0224
21.4058
19.1114
18.5302
19.1239
21.4314
18.0568
18.4462
18.6985
20.3671
18.6045
19.7866
21.2314
19.0450
20.8031
19.9397
21.1975
21.4481
19.3714
18.3376
18.5803
21.7358
18.6166
19.9838
21.9743
21.0815
18.9518
19.7607
20.5503
18.8434
20.9374
19.3803
20.5690
21.0219
18.4640
18.6704
19.5950
19.2055
20.9846
21.0097
20.1301
19.5192
20.8224
19.8984
18.5806
21.4811
18.0475
21.7089
19.7953
20.7140
21.8471
20.7315
18.1641
21.6708
20.5497
21.8247
19.7271
21.6722
21.4334
19.3399
19.0684
18.3931
20.6174
19.5646
21.0926
20.9964
20.9373
20.3549
18.7797
19.3496
20.7611
18.7197
20.1905
20.6912
21.3268
18.0478
18.3908
18.4156
19.7838
18.8777
19.1332
18.7723
18.0948
18.3678
21.7540
20.6264
21.3418
21.8020
20.5523
20.8323
18.4799
21.4258
18.5196
20.6256
21.5996
20.2643
21.8687
21.5840
20.7826
19.0134
19.8679
21.7448
20.5552
21.6908
19.1056
19.7080
21.6136
21.0796
19.2936
18.6479
18.2960
21.1085
19.5312
19.3307
18.2403
21.8225
19.0587
19.7623
19.9669
21.7144
20.4412
18.7138
19.9683
18.5757
21.0751
18.8738
20.5736
21.6507
20.8618
18.4134
18.2919
20.2856
19.0026
19.7838
21.5863
18.5957
20.5616
21.7318
20.6587
19.0660
20.8005
21.6187
20.2988
20.0618
21.7599
19.9630
19.7445
21.3773
21.1248
21.1426
20.1616
18.0143
21.8177
21.2730
19.9293
20.2701
21.7413
19.4368
20.7284
19.6035
20.5302
21.8364
18.3638
20.1396
21.8448
18.3229
19.8396
21.0671
20.5923
18.7076
18.1584
19.5396
18.7670
20.7865
21.5888
20.5254
19.4400
18.3424
20.5341
20.9442
18.5627
18.7753
20.8819
20.3747
19.9599
18.2549
20.1652
19.2339
20.1387
21.3399
19.8002
21.9863
18.1511
18.2272
21.1541
18.1761
18.4776
21.2333
20.6741
19.8383
20.7172
21.5019
18.6007
20.3222
21.7041
18.1524
18.5712
20.6202
19.8897
21.6769
18.1881
20.8100
18.5270
18.6939
18.2047
19.2342
21.1796
19.8296
18.6876
20.3690
21.2761
18.4302
19.9934
21.2016
18.8872
21.2227
19.7097
21.2509
21.9336
20.7185
19.3018
21.9083
20.3087
18.5542
21.3506
21.1773
21.0618
20.3772
19.3469
18.4878
18.5698
19.6655
20.7900
20.2166
19.7576
21.7056
18.1657
18.4028
21.3924
20.4527
21.1136
18.0655
19.9508
18.0283
18.7206
18.3595
20.6100
21.5506
19.6678
21.2326
21.0932
20.7724
18.8276
20.5623
20.0953
19.6511
21.7553
20.4432
18.1516
18.7211
20.0006
21.8023
20.5099
21.1314
19.3925
18.0194
18.9436
18.4711
20.1219
18.3838
19.4487
21.0456
20.1600
18.8782
21.0824
20.6384
19.1068
18.7760
21.1875
20.7421
21.8754
19.8979
18.7055
20.6808
18.1727
20.5797
19.1405
19.7389
19.3374
21.2209
21.0339
18.1735
20.9619
21.6997
18.7038
21.1422
19.9405
18.4645
21.5806
20.8859
20.3711
19.3041
18.7952
20.7077
19.3030
21.1159
19.3046
18.3923
20.9510
21.4796
19.5022
18.8827
19.8840
19.9377
21.5620
18.5798
21.7116
19.8200
19.5494
18.5457
20.8793
20.5281
21.9023
18.8089
18.5089
20.7689
18.2386
18.5460
21.4066
19.8343
18.6848
19.3743
21.5456
20.4145
21.1582
20.5520
20.4461
18.6797
21.8805
21.4200
18.3459
21.4279
19.9569
21.9827
20.3663
21.3480
19.1167
20.9201
20.9447
18.9866
19.3092
20.3179
21.5673
20.3671
18.5959
20.2948
18.0203
21.9207
18.1602
19.8826
21.0744
18.1345
20.1245
19.9171
21.1921
21.2852
19.8098
18.9620
20.2339
18.0497
20.9271
21.7997
18.5308
19.1832
20.5906
18.3629
19.9191
19.2193
20.8132
21.4317
20.9891
18.0977
19.8194
21.0873
21.4968
19.6214
21.1594
19.4817
19.8572
20.5336
21.4415
18.2828
21.5737
19.3316
18.1309
19.7036
19.0792
21.7844
20.1697
21.1779
21.1508
18.3238
21.5234
20.9430
18.2192
21.7813
20.6986
21.5519
18.4439
19.4624
20.4765
19.4623
18.7011
20.2352
18.2680
20.8373
18.8189
21.9250
18.9545
18.4542
19.9140
21.7566
20.3205
21.8364
18.8392
20.9801
18.9017
19.4108
19.0694
20.7209
19.1086
18.2535
19.3809
19.9449
20.1067
18.4908
20.8393
20.7132
20.1314
19.1691
20.4838
21.1996
21.7815
21.2352
21.7635
18.2625
21.5676
19.8315
18.3207
21.5918
19.1535
21.8265
18.4375
19.1038
20.7883
19.9853
21.5000
20.0828
20.5091
19.1727
21.8783
20.1657
18.5281
19.3868
19.7754
20.5787
19.1661
18.2518
21.4872
18.9293
21.7898
20.5787
19.6468
19.3712
20.5842
19.3052
20.3734
20.7875
21.3676
19.7810
19.2163
18.5278
21.1574
18.6869
19.0400
19.9370
21.8829
21.0790
18.1893
19.4125
19.8237
18.6655
21.6965
20.8472
19.1410
21.8928
21.3573
20.7714
20.6654
18.6139
18.9516
18.1646
19.2665
18.5059
19.0416
18.7380
20.2500
18.1388
19.2678
19.3754
19.4917
20.1595
18.6504
19.2062
21.6817
19.6183
19.9977
18.5815
19.8322
19.2809
18.0172
20.9540
21.9024
19.3252
20.8218
19.8957
19.1593
21.7761
21.9228
20.2949
18.5884
20.2610
21.6276
19.7685
20.7566
20.9266
21.6007
18.5577
20.2039
19.2324
19.6066
21.3635
19.7839
18.3700
18.2202
20.5653
20.3338
18.8887
21.7427
19.1118
18.0903
20.1537
19.7819
20.6863
18.3496
20.0472
18.7779
19.2711
20.4204
21.7737
21.6339
19.4443
18.5919
21.4153
19.4786
19.4914
19.1387
19.4055
21.9102
21.4974
18.3505
20.9116
19.7770
21.9705
21.2149
19.1547
21.2228
21.8816
19.6955
21.5859
18.5584
20.3489
18.3445
18.8313
19.8986
21.4703
21.9467
18.2646
21.8405
21.0246
18.3539
19.6380
21.6578
19.6582
20.2234
20.8411
21.0211
18.5479
18.7442
19.5272
20.2156
18.1691
21.3051
21.3385
19.2158
20.2373
19.8540
18.1075
18.0099
19.0509
21.8243
21.3371
19.8903
20.6154
21.5709
19.6688
19.9677
20.7515
18.9791
18.4775
19.1090
21.9774
18.2670
20.9824
20.3244
20.2624
21.4735
20.5121
19.9043
20.7771
18.4784
20.0502
20.3011
21.3812
18.6515
18.2341
19.2788
21.5134
18.5421
18.6533
19.0908
19.6781
21.6485
19.4240
19.1595
20.1185
21.7453
20.0555
21.0658
18.7330
18.3781
21.0105
20.1749
21.4898
21.3073
20.7399
19.2043
20.7418
20.7534
18.3834
20.3202
21.2933
18.0516
20.0727
19.4921
19.9396
19.3613
21.6432
18.4097
18.6182
18.8845
18.7537
21.5882
20.4537
21.3257
20.1026
20.1284
20.2045
21.0252
18.4559
19.8420
18.3056
21.2754
21.6936
19.9181
19.2463
19.4503
21.2682
21.5589
20.3906
21.0544
19.3682
20.8396
18.1150
21.2583
18.8894
21.4273
18.5694
18.9063
18.5014
18.5209
18.3144
20.7633
21.1361
18.3109
21.0988
21.0293
18.1701
18.4313
21.1722
20.0539
18.2371
18.4757
19.0120
18.2650
20.6703
21.0182
21.1295
21.6804
18.8216
21.6047
18.7391
19.4061
18.3631
21.3834
21.7674
21.7952
19.3913
18.6422
20.0025
20.9142
18.9673
20.2809
18.3964
20.3125
18.0559
18.8680
18.7662
19.1274
21.6066
20.1485
21.8943
18.3947
18.8561
20.0168
20.8310
19.4659
20.3575
19.7587
21.8310
18.7234
19.4193
19.5185
18.8571
18.9102
18.4514
21.9385
18.4945
18.4413
18.5436
21.0491
20.8189
20.2285
18.1624
19.3125
18.4629
19.1344
20.4016
19.2480
21.9047
19.7758
20.2157
19.1624
21.4215
18.7551
18.2784
21.3642
19.9027
20.7165
18.7172
21.9949
19.9666
18.4207
19.7522
20.6342
