# SYNTHETIC multi-site imaging FEATURE table (project 4.25).
# NOT REAL PATIENT DATA. Generated by scripts/make_synthetic.py.
# Format: 'N P B C' / batch labels / N cov rows / P feature rows.
24 12 3 1
0 1 2 0 1 2 0 1 2 0 1 2 0 1 2 0 1 2 0 1 2 0 1 2
-1.500000
-1.369565
-1.239130
-1.108696
-0.978261
-0.847826
-0.717391
-0.586957
-0.456522
-0.326087
-0.195652
-0.065217
0.065217
0.195652
0.326087
0.456522
0.586957
0.717391
0.847826
0.978261
1.108696
1.239130
1.369565
1.500000
53.190794 54.758287 60.232274 52.415164 56.816047 58.244502 52.709356 54.468509 58.309064 54.574088 56.852630 59.817807 52.140744 57.157816 60.056181 53.920363 56.212802 59.739462 56.036153 56.191170 59.595967 56.176286 57.220716 60.091020
44.820560 47.399547 51.913931 44.428164 50.145858 52.173071 47.484701 50.067696 54.528854 45.454715 50.197817 53.691689 48.192210 49.132514 55.124744 47.909758 53.004101 55.302277 48.069221 51.425358 53.246347 48.719130 52.313540 58.132453
46.196607 50.135742 50.926061 47.241569 50.979180 54.892659 49.382022 51.588078 53.304827 49.615587 53.022867 56.266619 49.736179 54.510333 56.649089 51.578231 55.544349 58.217166 52.200024 57.281865 58.648582 52.707979 56.236437 61.136410
46.650740 49.752777 54.301921 47.041090 48.389522 53.914803 48.361438 50.293534 55.501065 49.434925 50.735516 55.844488 49.708801 51.079369 56.574528 50.628700 52.613569 57.486403 51.807409 53.594247 58.139382 52.981830 54.280803 58.930999
52.534828 57.733867 56.491038 53.609485 55.773105 59.372988 55.063123 56.629083 63.016685 53.898120 57.545337 59.986717 54.278610 57.826469 60.824536 55.501276 56.262949 64.394429 55.792550 60.603395 60.999018 56.695342 62.562901 61.743574
49.545446 53.418761 57.225625 51.907121 56.184253 57.132745 51.176634 55.239800 59.925459 53.455060 54.507269 59.125318 54.950550 59.612505 60.751091 55.052177 56.958652 59.782933 55.723714 59.626796 62.480000 56.214077 58.755512 61.572700
50.938723 55.751590 55.236322 52.520716 56.587734 61.269206 53.819179 58.149940 59.784867 54.292137 57.541492 63.325702 56.493068 59.698618 66.705351 56.823382 60.852973 63.782092 57.719930 63.530599 66.372939 57.948073 61.908169 65.989345
46.612330 47.723171 49.370164 45.189847 49.407701 52.650246 47.108927 49.099619 51.544695 45.903721 50.604166 54.077089 48.339780 51.466070 53.722170 48.977105 50.927455 53.488701 48.108971 50.871607 51.868852 48.963135 52.109755 54.681501
46.944937 50.868609 56.170591 48.485784 51.035801 54.076876 49.433208 51.321866 55.728058 50.545493 55.365980 58.192532 52.238645 53.902086 58.845250 51.761067 55.920173 59.528158 53.040341 58.582175 60.750726 53.278295 58.198202 60.456951
43.414026 47.229801 51.255331 42.921387 46.609830 52.672420 46.200492 50.483735 54.903130 44.785250 50.334116 51.173956 48.294816 50.776772 53.084184 49.510278 52.089088 53.080850 49.244814 51.707906 56.531014 49.650702 54.664116 55.543231
47.023457 51.831264 51.675956 47.610482 50.856118 52.515988 48.557073 51.407417 52.835870 49.951056 52.768421 54.525801 49.023193 51.829945 57.041684 50.004783 53.747185 55.817914 51.166613 53.822022 57.736003 51.295679 55.437227 58.272008
50.235522 52.099261 55.097532 50.316475 52.492978 57.936829 51.309950 55.449050 60.270673 51.871960 52.980013 57.356137 52.316020 53.549971 58.037819 53.079790 55.047056 57.883622 52.868921 57.708115 59.180813 53.332638 56.155777 61.128796
