6 4
5 3
3 2
0.10000 0.15000 0.20000 0.10000 0.15000 0.20000 0.10000 0.15000
0.15000 0.20000 0.10000 0.15000 0.20000 0.10000 0.15000 0.20000
0.20000 0.10000 0.15000 0.20000 0.10000 0.15000 0.20000 0.10000
0 1
1 2
4 3
0.11500 0.18000 0.21500 0.13000 0.16500 0.23000 0.11500 0.18000
0.16500 0.23000 0.11500 0.18000 0.21500 0.13000 0.16500 0.23000
0.21500 0.13000 0.16500 0.23000 0.11500 0.18000 0.21500 0.13000
0.11500 0.18000 0.21500 0.13000 0.16500 0.23000 0.11500 0.18000
0 1
1 2
2 3
5 4
0.13000 0.21000 0.23000 0.16000 0.18000 0.26000 0.13000 0.21000
0.18000 0.26000 0.13000 0.21000 0.23000 0.16000 0.18000 0.26000
0.23000 0.16000 0.18000 0.26000 0.13000 0.21000 0.23000 0.16000
0.13000 0.21000 0.23000 0.16000 0.18000 0.26000 0.13000 0.21000
0.18000 0.26000 0.13000 0.21000 0.23000 0.16000 0.18000 0.26000
0 1
1 2
2 3
3 4
3 2
0.14500 0.24000 0.24500 0.19000 0.19500 0.29000 0.14500 0.24000
0.19500 0.29000 0.14500 0.24000 0.24500 0.19000 0.19500 0.29000
0.24500 0.19000 0.19500 0.29000 0.14500 0.24000 0.24500 0.19000
0 1
1 2
4 3
0.16000 0.27000 0.26000 0.22000 0.21000 0.32000 0.16000 0.27000
0.21000 0.32000 0.16000 0.27000 0.26000 0.22000 0.21000 0.32000
0.26000 0.22000 0.21000 0.32000 0.16000 0.27000 0.26000 0.22000
0.16000 0.27000 0.26000 0.22000 0.21000 0.32000 0.16000 0.27000
0 1
1 2
2 3
5 4
0.25000 0.45000 0.35000 0.40000 0.30000 0.50000 0.25000 0.45000
0.30000 0.50000 0.25000 0.45000 0.35000 0.40000 0.30000 0.50000
0.35000 0.40000 0.30000 0.50000 0.25000 0.45000 0.35000 0.40000
0.25000 0.45000 0.35000 0.40000 0.30000 0.50000 0.25000 0.45000
0.30000 0.50000 0.25000 0.45000 0.35000 0.40000 0.30000 0.50000
0 1
1 2
2 3
3 4
0.20000 0.30000 0.40000 0.50000 0.20000 0.30000 0.40000 0.50000
0.32000 0.44000 0.56000 0.22000 0.34000 0.46000 0.52000 0.24000
0.44000 0.58000 0.32000 0.34000 0.48000 0.62000 0.24000 0.38000
0.70000 0.60000 0.90000 0.60000 0.90000 0.80000 0.50000 0.80000
