12 96 8
60.0000 2.0000
61.7000 2.0000
63.4000 2.0000
65.1000 2.0000
66.8000 2.0000
68.5000 2.0000
70.2000 2.0000
71.9000 2.0000
73.6000 2.0000
75.3000 2.0000
77.0000 2.0000
78.7000 2.0000
80.4000 2.0000
82.1000 2.0000
83.8000 2.0000
85.5000 2.0000
87.2000 2.0000
88.9000 2.0000
90.6000 2.0000
92.3000 2.0000
94.0000 2.0000
95.7000 2.0000
97.4000 2.0000
99.1000 2.0000
100.8000 2.0000
102.5000 2.0000
104.2000 2.0000
105.9000 2.0000
107.6000 2.0000
109.3000 2.0000
111.0000 2.0000
112.7000 2.0000
60.0000 2.0000
61.7000 2.0000
63.4000 2.0000
65.1000 2.0000
66.8000 2.0000
68.5000 2.0000
70.2000 2.0000
71.9000 2.0000
73.6000 2.0000
75.3000 2.0000
77.0000 2.0000
78.7000 2.0000
80.4000 2.0000
82.1000 2.0000
83.8000 2.0000
85.5000 2.0000
87.2000 2.0000
88.9000 2.0000
90.6000 2.0000
92.3000 2.0000
94.0000 2.0000
95.7000 2.0000
97.4000 2.0000
99.1000 2.0000
100.8000 2.0000
102.5000 2.0000
104.2000 2.0000
105.9000 2.0000
107.6000 2.0000
109.3000 2.0000
111.0000 2.0000
112.7000 2.0000
60.0000 2.0000
61.7000 2.0000
63.4000 2.0000
65.1000 2.0000
66.8000 2.0000
74.5000 2.0000
70.2000 2.0000
71.9000 2.0000
73.6000 2.0000
75.3000 2.0000
77.0000 2.0000
78.7000 2.0000
80.4000 2.0000
82.1000 2.0000
83.8000 2.0000
85.5000 2.0000
87.2000 2.0000
88.9000 2.0000
90.6000 2.0000
92.3000 2.0000
94.0000 2.0000
95.7000 2.0000
103.4000 2.0000
99.1000 2.0000
100.8000 2.0000
102.5000 2.0000
104.2000 2.0000
111.9000 2.0000
107.6000 2.0000
109.3000 2.0000
111.0000 2.0000
112.7000 2.0000
60.0000 2.0000
61.7000 2.0000
63.4000 2.0000
65.1000 2.0000
66.8000 2.0000
68.5000 2.0000
70.2000 2.0000
71.9000 2.0000
73.6000 2.0000
75.3000 2.0000
77.0000 2.0000
78.7000 2.0000
80.4000 2.0000
82.1000 2.0000
83.8000 2.0000
85.5000 2.0000
87.2000 2.0000
88.9000 2.0000
90.6000 2.0000
92.3000 2.0000
94.0000 2.0000
95.7000 2.0000
97.4000 2.0000
99.1000 2.0000
100.8000 2.0000
102.5000 2.0000
104.2000 2.0000
105.9000 2.0000
107.6000 2.0000
109.3000 2.0000
111.0000 2.0000
112.7000 2.0000
1000 1
1137 1
1274 0
1411 1
1548 0
1685 1
1822 1
1959 0
2096 1
2233 1
2370 1
2507 1
0 0 0 3 2 0 1 1 2 3 0 1 2 3 80.4679 102.5105 62.7128 75.4976 100.0173 108.4122 78.6208 87.9636 70.8109 111.8082
1 0 0 3 2 0 1 1 2 3 0 1 2 3 84.8419 99.5155 62.3174 75.2883 102.0777 115.3351 81.5132 91.2940 68.9593 110.4210
2 0 0 3 2 0 1 1 2 3 0 1 2 3 83.1119 100.5872 62.9642 74.9969 102.5053 109.9862 79.3588 91.3418 68.5841 112.3895
3 0 0 3 2 0 1 1 2 3 0 1 2 3 84.6530 97.8205 61.7969 77.1125 99.3713 111.2568 80.1877 87.2655 71.1948 111.7754
4 0 0 3 2 0 1 1 2 3 0 1 2 3 80.8707 102.4557 63.0387 76.3917 106.2812 112.6245 80.6385 86.3017 71.4309 110.6765
5 0 0 3 2 0 1 1 2 3 0 1 2 3 82.8946 98.2704 59.7648 73.4378 105.9777 107.8364 77.4846 89.3787 73.0867 113.0570
6 0 0 3 2 0 1 1 2 3 0 1 2 3 80.0001 95.7635 62.4148 73.0275 101.1604 113.8547 82.6036 89.2145 70.6916 112.7687
7 0 0 3 2 0 1 1 2 3 0 1 2 3 86.9880 102.0381 62.7373 75.5955 100.2634 114.4635 82.3102 89.9592 66.2522 110.6326
8 1 0 3 2 0 1 1 2 3 0 1 2 3 85.4846 97.1776 61.3320 76.5391 100.7776 115.1202 81.5039 88.5997 70.8497 113.1997
9 1 0 3 2 0 1 1 2 3 0 1 2 3 84.0408 103.0913 60.3769 73.6705 105.4834 111.9536 78.6391 90.7929 73.1310 111.0103
10 1 0 3 2 0 1 1 2 3 0 1 2 3 81.0400 100.5305 61.4020 73.9040 106.2095 109.8461 82.9212 86.3634 68.6259 113.1630
11 1 0 3 2 0 1 1 2 3 0 1 2 3 86.0574 102.5180 62.3904 74.7847 103.7050 113.0506 80.0476 89.4549 71.3455 111.9017
12 1 0 3 2 0 1 1 2 3 0 1 2 3 85.3280 101.9318 65.7213 75.1499 102.5448 111.1549 80.3738 90.7476 69.5269 112.6717
13 1 0 3 2 0 1 1 2 3 0 1 2 3 87.4746 95.6706 59.4522 74.9878 104.1967 112.3771 79.5377 90.2103 70.7643 110.8559
14 1 0 3 2 0 1 1 2 3 0 1 2 3 88.6601 101.5103 60.5915 74.3011 102.9488 111.7745 74.9438 87.9262 72.2171 109.5629
15 1 0 3 2 0 1 1 2 3 0 1 2 3 83.6666 102.7070 63.4124 77.4821 99.9972 111.1932 79.7181 90.1466 72.3836 106.5343
16 2 0 3 2 0 1 1 2 3 0 1 2 3 85.9774 97.9049 63.0663 65.5157 97.7517 108.2893 80.1014 89.2822 71.7942 106.1828
17 2 0 3 2 0 1 1 2 3 0 1 2 3 83.6230 103.8665 63.7969 67.9124 102.8907 103.6063 82.2292 88.3686 70.4647 107.3100
18 2 0 3 2 0 1 1 2 3 0 1 2 3 84.2444 102.0773 58.6453 65.4810 98.6299 103.9737 78.3467 85.9597 72.7328 107.3931
19 2 0 3 2 0 1 1 2 3 0 1 2 3 86.7461 98.9245 61.7020 66.2194 98.9321 109.0788 78.6196 92.0207 72.1761 105.5443
20 2 0 3 2 0 1 1 2 3 0 1 2 3 79.8561 103.6133 61.5075 67.2943 98.1992 106.7199 83.3962 86.8597 72.4725 108.8747
21 2 0 3 2 0 1 1 2 3 0 1 2 3 86.7045 100.4388 60.2119 70.5371 97.6304 106.1484 83.2484 88.3731 65.6065 105.1256
22 2 0 3 2 0 1 1 2 3 0 1 2 3 80.0922 102.4376 62.3341 67.2776 97.3808 107.5652 80.5579 91.5530 70.0774 107.9807
23 2 0 3 2 0 1 1 2 3 0 1 2 3 86.7830 104.0198 60.3564 70.2598 93.6480 103.7333 76.4744 91.0380 67.7361 105.8745
24 3 0 3 2 0 1 1 2 3 0 1 2 3 83.4156 100.7428 60.5170 74.9673 106.9825 111.9885 81.4620 90.9010 69.8041 109.3806
25 3 0 3 2 0 1 1 2 3 0 1 2 3 82.6892 102.9472 58.4075 73.3043 105.4148 113.4855 80.4152 90.5105 70.5320 109.5422
26 3 0 3 2 0 1 1 2 3 0 1 2 3 80.6721 99.5221 63.5455 73.3689 101.5953 110.3581 77.3365 88.6655 67.8408 112.6283
27 3 0 3 2 0 1 1 2 3 0 1 2 3 79.0798 101.4556 60.4168 70.6157 104.8494 111.3490 75.9399 87.1499 70.7820 110.9828
28 3 0 3 2 0 1 1 2 3 0 1 2 3 85.3600 102.2951 63.0325 75.1533 106.0674 113.2197 81.3024 84.7320 71.9931 114.5189
29 3 0 3 2 0 1 1 2 3 0 1 2 3 83.2062 99.8610 65.5806 70.9837 104.3377 116.7474 78.5448 90.2792 73.9728 111.6596
30 3 0 3 2 0 1 1 2 3 0 1 2 3 84.9224 102.6052 59.8885 74.3218 103.9856 113.5508 80.3309 88.5093 68.1678 111.1820
31 3 0 3 2 0 1 1 2 3 0 1 2 3 85.5833 101.0035 59.9939 72.8168 108.7334 114.1798 81.6748 83.7142 71.4430 112.8614
32 4 0 3 2 0 1 1 2 3 0 1 2 3 87.1682 101.6555 61.5650 69.5449 93.5116 107.9665 81.0498 87.4959 72.8511 109.5187
33 4 0 3 2 0 1 1 2 3 0 1 2 3 80.9952 99.4673 62.2825 68.8669 96.6030 103.9516 84.6409 90.9748 67.8115 103.2100
34 4 0 3 2 0 1 1 2 3 0 1 2 3 87.2063 102.7783 65.3419 70.1203 95.6558 106.4213 76.0799 87.4038 70.0822 106.9455
35 4 0 3 2 0 1 1 2 3 0 1 2 3 82.3449 100.5516 62.6171 69.2534 98.6760 106.3180 79.7521 90.4783 70.2987 104.2478
36 4 0 3 2 0 1 1 2 3 0 1 2 3 82.5481 100.7993 61.4808 68.8140 97.3990 106.2517 80.1314 86.3831 71.0427 108.0074
37 4 0 3 2 0 1 1 2 3 0 1 2 3 84.6693 100.4215 62.5929 66.5686 93.6077 106.0191 78.5390 90.3797 68.0318 100.6430
38 4 0 3 2 0 1 1 2 3 0 1 2 3 81.7210 103.9562 60.9364 65.7612 95.8733 106.9418 81.3937 89.2535 73.1677 107.3130
39 4 0 3 2 0 1 1 2 3 0 1 2 3 83.7580 101.9933 65.0092 70.4426 99.4475 103.7343 80.1031 90.3597 69.6071 108.0377
40 5 0 3 2 0 1 1 2 3 0 1 2 3 84.9927 102.6165 61.2753 79.5928 105.8800 111.4691 80.5812 94.0904 69.5135 113.6483
41 5 0 3 2 0 1 1 2 3 0 1 2 3 85.7609 100.8132 59.3657 74.8751 104.1188 114.1594 81.9658 88.9487 71.9072 112.9797
42 5 0 3 2 0 1 1 2 3 0 1 2 3 84.2121 100.9104 61.2133 75.8723 101.2916 110.6426 80.4099 85.9721 69.3282 107.8823
43 5 0 3 2 0 1 1 2 3 0 1 2 3 82.4342 101.9369 62.8328 74.3910 102.9358 109.0664 84.0556 89.9319 72.3869 110.1353
44 5 0 3 2 0 1 1 2 3 0 1 2 3 83.4295 97.1610 63.2610 76.3703 99.6052 111.7958 81.6607 85.3759 66.5491 109.7698
45 5 0 3 2 0 1 1 2 3 0 1 2 3 82.5416 97.9943 61.7633 74.9992 104.6680 113.3040 83.4053 91.2286 67.5762 110.8892
46 5 0 3 2 0 1 1 2 3 0 1 2 3 81.6797 98.6468 61.5374 74.5110 104.3807 108.7262 77.9247 88.8538 69.8011 111.2775
47 5 0 3 2 0 1 1 2 3 0 1 2 3 83.6736 99.2805 63.1025 75.2085 103.2245 110.5559 80.0517 83.4568 68.2374 111.9747
48 6 0 3 2 0 1 1 2 3 0 1 2 3 80.7918 101.1990 61.9949 71.7450 102.8989 111.2723 81.3197 90.1238 70.1274 110.1974
49 6 0 3 2 0 1 1 2 3 0 1 2 3 83.5115 100.6691 63.1689 75.0887 101.9549 109.1912 79.6538 87.4192 67.9762 111.6681
50 6 0 3 2 0 1 1 2 3 0 1 2 3 82.8179 101.0109 62.7466 73.6740 108.0486 111.2570 82.6034 89.1433 72.4323 107.1482
51 6 0 3 2 0 1 1 2 3 0 1 2 3 82.2970 101.2941 62.9049 79.1731 104.0451 114.4597 81.9329 90.7948 71.2201 111.5879
52 6 0 3 2 0 1 1 2 3 0 1 2 3 84.8183 98.6437 64.0627 72.4656 103.8984 116.1416 79.9532 88.9390 72.5261 111.9525
53 6 0 3 2 0 1 1 2 3 0 1 2 3 82.1847 101.3163 62.8642 75.9201 101.8550 115.4050 83.7335 88.9365 70.7372 111.0430
54 6 0 3 2 0 1 1 2 3 0 1 2 3 86.6283 99.3901 63.0482 73.5406 102.0120 113.3373 83.0676 88.8798 68.8451 113.5230
55 6 0 3 2 0 1 1 2 3 0 1 2 3 83.7010 101.4213 64.7457 76.7632 102.3603 116.4672 80.4067 90.4719 68.9053 111.8107
56 7 0 3 2 0 1 1 2 3 0 1 2 3 80.3000 104.3733 64.4315 66.0694 94.3896 102.6579 82.7515 87.9809 70.0789 105.2745
57 7 0 3 2 0 1 1 2 3 0 1 2 3 83.5577 98.6236 61.7482 65.6240 97.2570 106.5175 81.3352 88.4366 68.3926 106.2191
58 7 0 3 2 0 1 1 2 3 0 1 2 3 82.8307 103.9317 63.2354 68.2696 96.4577 104.4946 78.5255 88.1941 70.7895 106.9311
59 7 0 3 2 0 1 1 2 3 0 1 2 3 84.9377 104.9974 60.2903 68.5259 102.9892 102.1659 79.3570 89.2392 70.5088 106.7157
60 7 0 3 2 0 1 1 2 3 0 1 2 3 83.3226 101.5322 61.8056 70.0427 93.6148 104.1299 80.3956 86.8363 68.1107 107.1555
61 7 0 3 2 0 1 1 2 3 0 1 2 3 82.5000 102.0698 63.1916 69.1130 98.4161 105.6908 77.5818 88.8399 71.1085 104.8412
62 7 0 3 2 0 1 1 2 3 0 1 2 3 83.6009 102.2984 59.9438 69.7800 101.1252 104.7909 80.6930 88.5991 73.2804 106.5328
63 7 0 3 2 0 1 1 2 3 0 1 2 3 85.5955 99.4198 61.6677 68.4803 93.8481 108.7816 82.1988 85.4017 71.6887 105.6377
64 8 0 3 2 0 1 1 2 3 0 1 2 3 84.6968 101.5329 58.7021 74.0759 106.3852 110.7503 78.3543 86.1808 67.7578 112.5710
65 8 0 3 2 0 1 1 2 3 0 1 2 3 87.1852 101.6589 62.1910 78.9673 102.3611 110.5519 81.4569 89.9971 68.1705 109.5600
66 8 0 3 2 0 1 1 2 3 0 1 2 3 84.3820 101.2948 59.0863 74.0955 102.3147 112.8201 80.1665 88.7279 69.4930 114.0071
67 8 0 3 2 0 1 1 2 3 0 1 2 3 86.5815 100.0660 63.3922 72.9848 103.5440 113.3998 83.4284 88.1349 70.0519 112.2928
68 8 0 3 2 0 1 1 2 3 0 1 2 3 80.8038 100.8318 60.3482 75.2430 101.1401 107.9463 80.4766 89.4212 69.1021 113.6777
69 8 0 3 2 0 1 1 2 3 0 1 2 3 83.2536 99.5886 62.6555 71.3636 102.0451 111.8585 82.0978 88.5746 70.8170 110.5890
70 8 0 3 2 0 1 1 2 3 0 1 2 3 84.4034 104.1269 60.3273 79.2324 102.1123 111.9343 80.7466 90.9486 67.7260 107.6989
71 8 0 3 2 0 1 1 2 3 0 1 2 3 85.0120 102.3909 62.9474 79.7610 103.8099 112.4078 82.2585 89.6376 73.5274 109.4235
72 9 0 3 2 0 1 1 2 3 0 1 2 3 83.0492 93.9106 63.3248 73.7552 105.2479 116.2083 80.3882 88.3909 69.2008 110.2242
73 9 0 3 2 0 1 1 2 3 0 1 2 3 82.5393 102.0785 61.7737 74.6326 103.0535 113.7287 81.3879 88.6164 71.5294 111.5964
74 9 0 3 2 0 1 1 2 3 0 1 2 3 81.4942 103.7106 62.6306 72.5855 105.5577 112.5899 77.2713 92.1199 70.8670 113.6829
75 9 0 3 2 0 1 1 2 3 0 1 2 3 84.1957 100.5009 58.6037 76.4432 103.4602 111.3270 81.1018 89.0562 71.5513 111.1580
76 9 0 3 2 0 1 1 2 3 0 1 2 3 83.7271 96.5221 60.8534 75.8514 106.0735 111.1720 80.1573 92.0669 69.5484 113.3680
77 9 0 3 2 0 1 1 2 3 0 1 2 3 87.1566 100.8796 64.1538 73.0790 103.8153 111.7453 80.6298 91.1594 74.9797 110.5691
78 9 0 3 2 0 1 1 2 3 0 1 2 3 82.6498 101.7948 59.5897 75.4940 104.5438 111.3450 81.4624 85.8014 71.7198 108.8103
79 9 0 3 2 0 1 1 2 3 0 1 2 3 82.4071 99.6876 60.8977 76.2175 103.5633 111.1051 81.4870 92.0626 70.2124 112.6316
80 10 0 3 2 0 1 1 2 3 0 1 2 3 86.2794 101.3357 59.1323 79.4806 107.8167 107.9303 80.3217 89.7346 72.1315 113.2380
81 10 0 3 2 0 1 1 2 3 0 1 2 3 83.2556 98.6923 61.9059 76.5669 101.2208 109.8456 80.3507 85.0250 69.6794 111.0269
82 10 0 3 2 0 1 1 2 3 0 1 2 3 84.7015 99.3965 59.9358 73.7116 103.3001 110.5707 80.4242 90.4004 72.5702 115.3098
83 10 0 3 2 0 1 1 2 3 0 1 2 3 82.2330 99.9605 56.7343 78.2986 101.9506 111.8332 81.4451 86.1829 71.1278 111.8472
84 10 0 3 2 0 1 1 2 3 0 1 2 3 80.1479 101.3840 64.0890 70.7644 105.0144 112.3184 81.3496 89.7830 72.8079 111.4527
85 10 0 3 2 0 1 1 2 3 0 1 2 3 85.5472 99.9802 63.1559 72.8720 103.1833 115.3620 81.2912 88.5836 67.9104 110.3197
86 10 0 3 2 0 1 1 2 3 0 1 2 3 84.1873 102.6788 62.5521 75.5483 103.3165 114.6040 79.6184 87.8006 71.9762 112.0272
87 10 0 3 2 0 1 1 2 3 0 1 2 3 83.2429 99.6478 61.1862 75.7471 104.1075 109.4807 81.2527 89.2580 68.1996 113.4457
88 11 0 3 2 0 1 1 2 3 0 1 2 3 83.2392 100.1291 63.2916 77.1414 102.0229 112.7765 78.6479 93.5285 69.2125 114.2900
89 11 0 3 2 0 1 1 2 3 0 1 2 3 82.5054 102.4226 66.1378 69.4180 102.5310 112.9010 80.2143 87.5631 74.5043 112.0590
90 11 0 3 2 0 1 1 2 3 0 1 2 3 80.5112 102.5083 58.2568 76.8017 102.2445 112.1897 82.9219 89.1357 67.4178 108.5081
91 11 0 3 2 0 1 1 2 3 0 1 2 3 86.1652 102.2809 60.0685 76.2190 104.3933 113.1954 75.8822 88.2958 72.0008 113.3669
92 11 0 3 2 0 1 1 2 3 0 1 2 3 85.5628 95.8855 62.0381 75.4844 108.5038 109.9925 79.7415 88.9717 71.9722 111.0133
93 11 0 3 2 0 1 1 2 3 0 1 2 3 86.0945 99.2242 62.2337 73.4452 103.7164 110.5184 77.2054 91.0862 70.8068 110.7827
94 11 0 3 2 0 1 1 2 3 0 1 2 3 84.2019 102.7803 59.7450 74.2793 104.4783 112.9523 79.7294 84.6860 72.6859 112.5566
95 11 0 3 2 0 1 1 2 3 0 1 2 3 83.8261 100.2429 62.2268 73.6488 101.3506 110.4205 79.2063 87.6753 67.8826 113.1727
