6
35 5.053
4.3225 11.6606 11.4964 3 0
14.9843 6.2556 5.6212 0 0
8.3841 10.4496 3.3771 0 0
8.4321 7.4157 7.7993 3 0
7.5958 6.4882 9.7862 0 0
10.3866 11.7172 10.2121 1 0
5.7317 6.8535 7.6497 1 0
13.5098 5.6442 8.9856 3 0
11.2145 9.9398 7.7734 0 0
7.4171 9.2192 6.9800 1 0
9.2157 9.8436 8.1774 0 0
9.3966 11.5945 7.0638 0 0
10.0075 9.8222 11.1494 3 0
15.5000 6.5609 12.8228 3 0
13.7405 11.7759 9.9237 0 0
7.6098 9.7066 9.9857 3 0
10.0265 8.4019 9.5313 0 0
11.3350 6.5217 10.2570 1 0
8.1047 10.5363 9.3194 3 0
8.3713 12.2352 11.5953 1 0
15.5000 9.9210 13.4709 0 0
9.3180 10.6373 12.4127 0 0
11.5796 10.3446 9.1114 2 0
10.1001 11.3359 6.9052 0 0
13.2980 12.0311 9.6784 2 0
14.0150 8.7770 8.4132 3 0
10.7522 8.4950 6.3193 2 0
12.7159 14.5479 6.4873 1 0
9.6792 8.1620 6.8726 3 0
7.1886 12.9162 6.7475 3 0
11.3288 10.3263 7.2039 3 0
9.8792 9.8052 11.7335 3 1
9.7497 10.6210 9.4159 1 1
9.5055 8.1709 9.7264 0 1
9.4449 12.5348 9.5624 2 1
35 5.094
5.0562 8.5258 8.2002 3 0
9.8035 10.0111 5.7369 1 0
1.9631 2.0147 3.4869 2 0
8.1555 6.2608 6.1292 0 0
2.8826 6.1969 1.4476 0 0
15.5000 2.9068 7.1079 0 0
11.6812 2.7783 4.7452 2 0
2.6076 2.9326 9.9320 0 0
9.8600 3.3982 7.7816 0 0
1.9167 3.5729 4.1915 0 0
6.7597 4.8806 0.5000 3 0
0.5000 5.2497 3.3261 3 0
2.3783 7.7467 10.5937 0 0
10.2210 5.1807 7.4680 0 0
8.2861 10.2645 2.1317 3 0
7.7820 5.6392 6.7255 2 0
10.2761 8.8881 1.2842 2 0
7.1312 3.9194 3.5377 1 0
5.6451 9.5887 7.2861 1 0
10.7305 7.8134 4.2540 2 0
8.1126 7.2176 2.5003 0 0
12.8528 3.8840 0.5000 2 0
8.3509 4.3349 0.5000 3 0
8.9352 2.9667 8.7187 2 0
6.4986 0.5000 4.4065 0 0
5.8488 4.9345 10.3127 2 0
5.3805 4.5489 6.4254 1 0
7.1410 4.0441 7.3659 2 0
7.8411 7.3038 10.3166 3 0
8.9388 8.5324 8.6234 2 0
9.4714 5.1854 6.6998 1 1
9.0045 5.2071 4.3112 0 1
8.1228 6.5193 5.2235 1 1
9.2400 3.9879 7.5922 1 1
10.0895 7.1077 6.1640 3 1
33 5.270
3.0678 7.6013 9.4309 3 0
1.7698 6.2470 14.9014 0 0
7.6976 4.7315 4.3392 1 0
4.9627 10.3309 10.3234 0 0
12.3547 9.6587 8.0113 0 0
6.1190 9.4630 8.3587 3 0
6.9539 12.8143 6.2781 1 0
15.3235 10.5828 6.3258 0 0
9.9317 12.5845 7.7324 1 0
7.0653 15.5000 7.3358 3 0
11.9630 9.0182 8.5510 1 0
8.2700 6.6235 8.7686 1 0
2.9495 9.3620 4.9319 3 0
7.7155 15.5000 5.6442 1 0
8.1143 11.7455 5.0414 3 0
8.0055 11.3137 10.8852 0 0
8.1078 9.7494 10.8906 3 0
7.9791 1.4830 4.8737 0 0
4.0792 10.4452 10.7595 3 0
10.1711 14.9187 4.7716 3 0
8.2606 13.5582 9.5770 3 0
10.9595 8.7656 7.1181 3 0
3.6271 5.5753 10.9257 0 0
12.4591 11.8873 7.7302 0 0
7.6502 7.7456 4.7787 0 0
11.9605 6.2228 7.3510 2 0
7.7294 5.6181 7.8137 3 0
8.4899 10.9417 5.8649 1 1
9.6421 9.0670 7.5084 1 1
9.4906 10.4009 9.3031 2 1
9.5257 9.5862 6.2646 1 1
11.1621 10.3262 6.5661 0 1
9.2611 10.8484 7.2065 0 1
37 5.897
11.9118 9.7494 9.3215 1 0
9.2501 5.0276 8.3462 2 0
12.4368 9.9440 9.7279 1 0
6.2298 8.7038 6.2930 0 0
13.4669 8.4676 5.6723 1 0
9.4097 8.1315 10.9233 1 0
14.6766 0.5000 10.7494 0 0
9.1765 10.5927 12.9375 0 0
10.0181 4.9244 6.0134 3 0
10.5157 8.3016 12.3551 0 0
10.8308 6.0078 4.8313 3 0
11.1752 11.1874 7.6189 0 0
9.2444 7.5403 13.7725 3 0
6.4155 5.8133 8.7183 2 0
10.5546 5.3993 13.7519 1 0
7.1505 8.7911 6.7351 2 0
13.1376 4.4148 10.0994 3 0
4.6943 8.0959 11.3941 2 0
9.3301 8.8931 15.5000 0 0
3.8445 8.3918 15.5000 2 0
7.4624 11.3335 6.1920 3 0
8.2040 4.0770 9.2217 1 0
8.2394 2.7373 10.1859 0 0
9.6911 7.4195 7.2416 3 0
4.6958 7.4301 9.2823 2 0
9.4175 7.5457 15.5000 3 0
13.5758 6.7851 13.8211 0 0
9.6401 3.3375 8.1844 0 0
4.4138 12.2211 3.5552 3 0
14.9933 3.6795 8.4931 3 0
10.9521 7.1593 7.9495 2 1
9.5005 6.2282 9.2845 2 1
8.8619 7.2176 9.3369 0 1
8.7881 7.8064 7.9689 1 1
8.2403 8.5700 10.5335 3 1
10.1116 11.0006 10.6608 2 1
12.1053 8.7437 8.3107 1 1
32 6.080
0.5000 11.9777 10.8486 0 0
4.3964 13.2943 10.1587 0 0
8.4062 11.2718 7.6661 3 0
7.8531 12.3219 11.5863 2 0
5.2209 6.8404 5.9364 1 0
11.8588 15.0017 7.7557 1 0
4.6023 10.7523 7.9030 2 0
11.4551 9.6945 13.2541 1 0
4.7604 6.6068 10.0261 1 0
10.2343 10.9485 8.6001 0 0
10.4460 10.4705 10.0116 1 0
8.2652 9.2079 8.8868 0 0
9.6417 9.4075 9.9985 3 0
15.5000 8.2875 9.4651 2 0
6.5205 10.3885 12.8757 3 0
4.1781 11.8562 5.2801 1 0
3.4497 12.0371 7.8660 1 0
9.2165 5.1958 1.7655 2 0
6.8387 15.2269 10.0685 2 0
6.4270 7.4108 7.5678 2 0
9.2247 10.9235 6.0100 3 0
6.7679 8.7647 14.1309 0 0
5.6916 15.5000 5.5117 3 0
5.3201 9.6098 4.6281 2 0
8.7454 9.7615 8.6002 0 1
7.2327 9.7631 10.3503 2 1
6.1235 11.1537 8.8340 3 1
9.1122 12.2337 8.7975 1 1
10.0694 11.4705 10.9714 3 1
8.3969 10.8941 7.3036 2 1
8.5609 8.9005 9.9851 1 1
6.8028 11.4485 9.8939 2 1
33 6.442
6.2721 5.2080 6.0797 0 0
6.0062 7.0982 7.8897 2 0
7.4727 7.8380 4.0838 0 0
12.5455 9.0691 15.0066 3 0
11.4094 8.4203 12.6039 2 0
8.5128 5.3681 6.3565 1 0
14.9470 4.6380 10.6358 0 0
6.5037 1.9280 5.7373 2 0
11.2248 11.6488 6.1641 0 0
14.0101 3.4993 8.1628 0 0
5.4155 9.3721 7.5159 3 0
10.1787 7.2198 12.7192 1 0
11.8646 7.0763 13.1764 2 0
7.2945 14.5417 5.7056 2 0
9.1028 5.2568 6.3287 1 0
12.5090 5.7297 13.9039 0 0
8.6055 7.5974 12.3266 2 0
8.6830 10.5118 9.6635 1 0
4.2882 2.4154 12.7571 3 0
10.5981 12.8230 9.0572 3 0
11.7364 10.4496 7.7364 3 0
10.5918 6.9513 3.2918 3 0
6.0292 10.3284 8.1849 1 0
13.3391 6.6132 7.7320 2 0
9.2075 8.4570 10.0845 1 1
10.1389 6.8288 11.5739 1 1
7.4995 7.9853 8.8930 1 1
6.4545 9.4014 12.0980 1 1
10.3046 5.8909 7.6163 2 1
7.8417 8.3202 9.8109 1 1
7.9073 9.3671 8.3955 1 1
9.0625 8.8310 10.3743 3 1
7.7049 8.1869 10.0194 2 1
