2000 4
3 4777923 0 10496 2829
2 13816746 1 26373 2584
1 14999829 0 25035 464
3 1431697 0 15486 3005
0 16489974 1 8330 334
0 14804346 1 6628 683
3 3976254 1 12600 3976
3 16218463 0 14450 585
1 10553585 0 29066 739
0 6141853 0 23565 1768
2 15378882 0 3334 1718
2 12555059 0 26228 1883
0 14968 0 404 1329
3 8685516 0 10019 2645
3 16007792 0 2311 1717
3 8839705 0 22349 2657
2 6585274 0 14749 3004
3 13928726 0 4444 2757
1 8005249 0 20697 1710
2 12501891 0 4891 3331
1 4629897 0 11953 3162
2 822733 1 13369 270
1 1863458 1 11434 2954
1 7892157 0 12211 264
0 15874346 1 2719 2856
1 16502558 1 22093 1762
0 10979937 1 29209 2202
3 7521295 1 3409 323
0 6070702 0 10442 1168
3 3911628 0 21450 253
1 4129947 0 22238 1094
2 12875270 0 13805 2804
3 9679519 0 502 536
1 7307342 0 32743 3699
3 1180790 0 26814 3230
1 11579335 0 9433 1444
2 12698186 0 12320 2284
3 5558696 0 8868 842
0 13072374 1 355 1356
0 13209296 0 13523 1002
2 12126486 0 30234 1546
3 2000906 1 8499 2537
1 16346834 0 14259 1904
3 14088362 1 5570 1270
1 6260774 0 29272 1949
0 2035530 0 1735 656
2 4303862 0 18703 1790
0 5462692 0 29939 1337
3 8764996 1 1596 2917
2 16422588 0 7205 3282
1 14054464 1 22679 3589
0 11784020 1 8900 3348
3 5892304 1 6840 1566
1 13521115 1 16306 842
0 8632062 0 10807 2961
3 8482605 0 22091 151
2 3364665 1 18512 1894
2 5205721 0 32166 2557
1 14617689 0 25392 599
3 1904191 0 15912 2701
3 11822510 0 13605 3090
0 4487494 1 16563 3219
0 5145914 1 9774 2858
0 9692834 1 24441 3852
0 12329507 1 8862 186
2 14579916 0 31285 2639
1 13709343 1 9808 2525
0 6998803 1 29911 1327
0 4248532 0 19183 2865
0 3255173 1 5110 2018
3 2331040 0 31992 2266
3 7217972 0 1475 3306
0 1589960 0 3207 484
0 9748567 0 5392 3174
0 12082553 1 11338 658
0 1747981 0 26065 2567
0 16140537 0 30751 2488
1 13349522 1 21805 2681
0 13889407 0 18765 174
1 11937080 0 11676 1807
3 1161724 0 24381 740
2 16313537 1 20228 385
2 2134321 1 13693 3260
3 12257787 0 6792 486
3 12976186 1 23424 724
2 4368604 1 23535 3956
1 1863458 1 11434 2677
0 7328222 1 15764 2396
0 14270538 1 2020 3376
3 13291507 1 31237 506
0 8390340 0 30188 2803
1 10985582 1 19622 3714
2 3610226 1 22243 290
3 1524344 1 4689 3481
3 6204798 0 32 1213
0 2822912 0 21352 1745
1 144686 0 7547 198
0 492242 1 28995 2066
2 1699555 1 30680 1105
0 16411518 1 27574 2942
1 15967622 0 8757 2121
1 10553585 0 29066 799
2 10010621 0 5864 3744
3 10617529 0 21449 3419
3 8739775 0 28362 3090
0 10779956 0 23590 370
3 9358157 0 1017 3134
0 834378 1 4699 3364
0 13805031 0 13404 226
2 4429634 0 24100 1559
0 12186182 0 16184 1786
2 5846253 0 6851 183
1 10429812 0 24826 2015
1 13238361 1 4192 1866
2 14350200 1 13422 1955
0 14311273 0 31743 1854
0 6011399 0 26305 1781
0 9887596 1 4982 2373
0 9130386 1 23904 263
0 6328024 0 5151 3382
2 14585023 1 20399 3257
0 16777114 0 20839 2363
0 6377796 1 16000 2356
1 12372849 0 15068 1172
0 1738042 1 10812 614
0 11272332 0 12808 3044
1 8513086 1 2739 2627
1 8000935 0 28700 474
3 15883871 0 19748 163
2 3720621 1 22403 1925
3 2533301 0 23718 634
2 14996459 1 23696 555
3 10424287 0 17046 2292
0 14701791 1 31 2271
3 1610317 1 26974 205
2 10904163 1 23050 491
0 10191263 1 1536 2331
1 3113997 0 31420 692
3 15336124 1 20328 281
0 7458415 0 30147 2882
1 16349900 0 15495 3483
1 11279935 0 17771 531
2 7426334 0 17639 1504
3 8417221 0 24314 2826
3 3183786 0 5067 3788
3 6010870 1 21889 2624
2 6555499 0 22737 2612
2 4827018 0 15785 406
0 2140325 1 20457 2917
2 2845618 1 17311 1222
1 9814733 1 13730 3437
3 13000603 1 5066 2334
3 4130467 1 9077 1366
2 15717709 0 18567 1426
1 14054464 1 22679 605
2 8977205 1 32575 400
2 5599835 1 3326 2333
1 1310750 1 14571 3518
1 8019585 0 11809 3914
2 4032203 0 27082 1866
1 13636514 0 25274 2105
0 8328785 1 7479 2222
1 4116757 1 29671 1308
0 5462692 0 29939 1139
1 7938819 1 26255 3197
0 14448250 0 5074 3145
1 2671824 1 27892 1958
3 7011622 0 3443 2955
3 1431697 0 15486 2452
1 12172586 0 9600 175
3 13384014 0 19270 3144
0 10095405 1 1949 1130
3 3980720 1 7918 3321
0 12690136 0 28544 891
0 16213764 0 9113 935
2 11052018 1 14294 981
3 4801128 1 16362 3156
3 6522898 0 27470 1895
0 162518 0 5035 3479
2 11397759 1 22406 2351
2 4479367 1 11715 3889
2 13311818 1 14368 3946
2 13356255 1 27288 1286
1 6532685 0 23473 3487
3 4613064 0 6658 3462
0 6283763 0 23841 3475
3 12138670 1 15760 2318
3 422135 1 10329 2316
3 3624487 0 29703 484
2 15943115 0 19876 2681
0 13037538 0 26864 571
3 14403989 0 31616 1280
3 3190095 0 14640 2703
0 9927160 0 23696 3144
3 3190095 0 14640 3951
0 10713129 0 9450 2726
3 12388049 1 1304 3634
1 9932186 1 17216 1311
2 12508086 0 12707 154
3 11302439 1 25959 965
1 15135341 0 22093 505
0 5208063 0 1746 2085
1 2626323 1 9542 1846
0 2529029 1 24289 1405
1 5297585 0 2228 1910
1 6027342 1 2648 806
0 4231141 0 9751 2306
2 10273746 0 27508 995
2 8728550 0 17069 2957
0 6988742 1 6555 3974
0 6810042 1 21675 3269
3 1888805 0 27084 1249
1 8851027 0 27463 1566
3 15491847 1 12419 3621
3 12488015 1 6483 327
3 15015204 1 30003 3128
3 6073877 0 20012 1458
3 12574675 1 29366 3281
0 5965392 0 29491 3424
0 13968318 0 29952 816
3 5189102 0 11089 2104
3 8223300 1 22573 642
2 11417572 1 8379 3699
1 16690277 0 28284 1737
1 9149356 1 24151 3045
0 10582712 1 31482 1445
1 3916298 0 24259 1255
1 16336342 0 23618 2709
0 6621770 0 20400 3512
0 7026283 1 32026 3750
1 5710705 1 19289 2925
1 5710705 1 19289 3268
3 14232131 1 14155 1871
3 6905919 0 29737 911
0 7665532 1 2244 2042
1 8665896 1 25872 486
0 11755611 0 11195 3553
0 6662634 1 7946 464
1 11579335 0 9433 3565
3 8764996 1 1596 3156
0 15067599 1 20384 3703
1 5781187 0 19736 1503
0 606388 1 10715 295
3 14178513 1 9246 2539
2 7050602 0 10435 3525
3 12337878 1 25604 3482
1 8595500 0 31729 303
3 13426433 0 25869 3050
3 8329104 1 20276 3351
3 994427 1 20195 2257
3 5170458 1 97 3938
1 14005029 1 11690 1945
3 15086829 0 21878 1002
0 16337876 0 27720 3480
2 651201 0 15831 763
2 10018262 0 29414 3631
3 6020145 1 12911 473
2 16313537 1 20228 3325
0 15519560 0 6951 737
0 13968318 0 29952 952
3 12274575 0 18157 650
1 15109780 1 26307 2044
3 9201250 1 10926 701
3 826679 1 790 206
2 10293324 0 19176 1624
1 2289053 0 14634 902
0 11703803 1 32542 3150
0 7769868 1 28614 2429
3 5494909 1 27304 1982
0 14519766 0 24781 3047
0 5965392 0 29491 1230
1 6593302 1 1405 482
2 9093031 0 20231 1385
0 12559575 1 542 3190
0 14274749 0 13923 3837
3 7096019 0 14759 3444
2 16072163 0 2485 1269
3 12126439 0 2258 1276
2 12206759 1 9989 131
2 16040848 0 5814 2380
3 917340 0 25387 3612
1 6183676 1 20998 553
0 1960239 0 19996 2604
0 11627082 0 1519 1491
3 4362386 1 3290 2652
3 3655359 1 16357 2082
3 12637548 1 17663 3362
2 3400442 0 7815 1558
0 13820854 0 5990 1453
1 7897947 0 27327 2416
0 10551060 1 2367 1617
1 10254910 1 19255 1116
0 15361623 0 8469 1428
1 11579335 0 9433 549
2 14827300 0 9207 2294
3 7310197 0 13012 3782
2 14475834 0 28052 211
2 2792153 1 5261 3405
3 12688272 1 13485 2677
1 13064085 0 2536 3820
2 4887783 0 22669 1975
2 11609226 0 30534 2027
2 6257969 1 1633 1397
0 2144937 0 20821 108
1 1483544 1 18664 558
1 13115260 1 1512 3696
2 9811422 0 12492 2098
0 766908 1 24538 1043
3 8981660 1 15150 3891
1 12765428 1 21148 2826
0 2492766 0 14181 1819
2 424779 0 16427 1447
1 11617892 0 9790 1906
0 2657357 0 19859 3207
1 14707113 0 24171 421
2 2691087 0 1926 3002
0 1960239 0 19996 3892
3 16319939 0 10203 1418
2 2245082 1 30109 2183
0 6048841 1 30995 1970
1 12862502 1 18881 2901
2 9944292 0 27325 2839
2 4369253 0 12856 2566
0 13708225 0 2801 1657
3 10672354 1 3430 369
3 13484175 1 4161 1743
3 3393491 0 22417 529
0 2316956 0 27054 195
3 13994696 0 31208 2297
0 12463692 1 1367 2632
3 8417221 0 24314 1973
2 3179121 1 2815 3441
0 216060 1 3561 3971
3 656430 0 20916 1290
1 14283739 0 26884 3279
3 5702788 1 27686 3279
0 5762100 0 6722 1691
1 11470088 0 19161 880
1 5937748 1 6282 2504
3 11759500 0 4665 932
2 2603997 0 30411 3562
3 9731319 1 13336 1021
3 8366814 1 5916 889
2 1806488 1 11040 3867
3 6330710 1 30725 3673
2 13692713 1 7994 3969
0 215346 1 25953 1847
1 4357219 0 19078 1738
1 8648827 0 2057 3344
3 3624487 0 29703 3234
2 8827117 0 9378 606
1 11579335 0 9433 1766
0 5400359 0 10991 150
0 15874346 1 2719 2726
0 1200676 1 30630 2240
2 11725575 1 24107 3500
0 1913758 0 23540 2600
3 16574312 0 19637 3562
2 11166358 1 25165 478
0 12004234 0 16860 957
0 10979937 1 29209 491
3 7486296 0 16870 3803
2 12651582 0 19388 2403
2 11151964 0 7050 1664
2 1738005 1 19355 3094
3 10778170 0 9622 1193
2 15518212 1 31106 148
3 8457624 1 32604 2762
1 1141032 0 23178 1754
2 1510926 1 4818 3406
2 14475834 0 28052 2776
1 8851027 0 27463 685
3 14515270 0 18249 1853
2 7564333 0 14571 1307
1 16498296 1 10257 3889
0 46030 1 8338 2073
2 3371212 1 472 2141
3 8207320 1 28779 3834
1 8892374 0 14925 1129
1 756977 1 21460 3286
0 12690136 0 28544 1831
0 7858742 0 31660 3431
2 7900852 0 31190 1146
1 1301514 1 6604 2622
2 11065159 1 12712 775
3 13287404 0 10359 3066
0 1457761 0 15981 2347
1 16490347 0 23994 335
2 4094743 0 21096 3068
2 7426334 0 17639 3937
1 6523793 1 26665 3577
2 11623280 0 13927 175
2 15539454 0 28485 1972
1 8712998 1 2533 457
0 11930515 1 4987 504
0 6810042 1 21675 1915
1 5935426 0 26622 2827
2 16040848 0 5814 3895
2 16072163 0 2485 1416
0 7328222 1 15764 1617
0 1677957 0 13113 3059
1 15275865 0 32633 2377
3 16486263 1 32165 1298
3 12206483 1 27682 710
3 6073877 0 20012 1350
2 2228972 0 29401 120
1 10553585 0 29066 608
0 4590272 1 11180 2314
2 6062942 1 12533 1391
2 6491136 1 16050 908
2 4438760 0 21834 2931
3 4969095 0 10858 3746
0 1570085 1 20987 3378
1 12371167 1 19220 2090
1 1226504 0 17176 2541
2 9656075 1 10604 794
1 4544353 1 5198 1427
1 5353565 0 19563 2271
0 12227820 1 17096 3404
0 11478559 1 31869 1974
2 9978842 0 4466 1121
3 4505702 1 30919 3461
2 14970765 1 28803 3558
0 5462692 0 29939 2570
0 13820854 0 5990 1487
2 12194633 0 386 888
0 1269750 1 6164 1143
3 4581072 1 29015 637
3 11400948 1 27886 2168
2 5697687 0 18088 316
3 13359616 1 6042 788
3 12311342 1 342 1656
3 14830699 0 27628 1856
1 10576841 1 4186 2826
3 656430 0 20916 1356
3 14324728 1 27070 2481
3 1605792 1 31559 1439
2 16577637 1 5879 355
1 5114037 0 1207 1579
3 1680156 0 3532 3630
1 15634533 0 20019 1355
3 13358815 0 4364 1819
3 10011721 1 13285 177
0 15804286 0 18144 2323
1 14337775 0 1032 4000
2 11403441 1 20228 3508
2 2289653 0 21224 2281
1 3005706 0 24452 1944
3 5503062 0 22340 739
1 13349522 1 21805 793
3 13845490 1 16453 864
2 11242837 1 10681 659
3 4584462 1 11646 2651
1 6445618 0 12004 3236
0 7026283 1 32026 753
3 4304231 1 3458 2496
0 8847318 1 29953 3859
2 2691087 0 1926 3798
2 7133361 0 19725 814
0 13529376 0 32459 270
1 6027342 1 2648 681
3 5888816 0 16064 3471
3 14154426 0 98 196
1 5051715 0 30670 528
3 1621228 1 9289 1835
3 15120705 1 13680 1717
0 13040982 1 9884 3299
1 1287207 0 539 1741
2 8308850 0 17952 2074
1 12808068 1 97 1693
1 39962 0 23732 553
1 3916298 0 24259 3139
3 2928319 1 8482 1477
2 4790765 1 27914 2703
1 13722922 1 7876 2926
1 10478221 0 32639 814
0 10381204 0 21784 2326
0 5744541 0 23692 2832
3 3831308 1 27264 2782
1 11657017 0 16610 733
2 1137178 0 8902 232
2 9602041 1 32294 1214
0 2492766 0 14181 1565
0 9692834 1 24441 855
1 3440122 1 7924 1689
0 6496367 0 29400 1997
0 2811511 0 16549 566
2 14614128 0 9101 1098
1 6576744 1 28969 720
0 7324737 1 15413 2817
3 16495985 1 17005 3743
2 16072163 0 2485 3980
1 13217024 1 16888 202
1 6106349 1 26435 3230
3 2917836 1 9036 3855
2 9467227 0 16863 3643
0 2307847 1 31457 2280
3 6073877 0 20012 3570
3 15112262 1 9837 3609
3 2677692 0 1182 2313
3 7626716 0 9185 590
1 12253355 1 6996 3217
2 1316638 1 16435 3739
1 10000452 0 9735 1258
2 10942570 0 23348 3611
0 9971591 1 12596 3872
1 3583125 0 4409 1973
2 10771420 0 26128 1418
0 1738042 1 10812 3963
1 16690277 0 28284 3117
1 6323627 0 21497 2002
3 287725 1 24586 1441
3 663204 0 22041 903
3 12257787 0 6792 516
0 3875086 0 32414 874
0 9819407 1 19541 2571
2 10511959 1 14840 664
0 14965040 1 3887 284
1 557187 0 27077 2467
2 4188520 1 18596 474
1 12587676 0 24792 3356
1 16690277 0 28284 517
1 10033245 1 27056 798
1 555772 1 22938 241
0 7603403 0 13765 1320
0 3447349 1 25986 1812
0 10399895 1 16927 3961
3 6716889 1 11930 340
0 14059669 0 28600 1584
3 13830032 1 17600 313
2 11417572 1 8379 2075
0 15614166 0 27571 3303
2 16541148 1 19179 3998
3 2166955 1 32046 1230
2 11769303 0 25566 1516
1 4795746 1 7626 3889
2 1951255 0 25151 934
2 3107259 1 3201 2949
0 4688866 1 5246 1300
3 11653368 1 19044 184
0 10600236 0 7644 787
0 669584 0 26828 2060
0 2753083 0 32396 3523
2 350993 0 13945 810
3 4536462 1 9998 633
3 8329104 1 20276 3273
2 9167016 1 1585 2285
3 2928319 1 8482 3284
1 3004887 1 28632 1572
2 16040848 0 5814 2853
2 4780588 1 2710 1387
2 10963848 0 32256 1230
0 9520610 1 6685 2479
1 14648249 1 17751 2743
1 5710705 1 19289 1349
1 11916957 1 1304 1507
2 1575476 0 10005 1717
3 7096019 0 14759 3900
1 13834259 0 2227 2849
3 13581142 0 2872 510
3 14925948 1 21613 3510
3 11894561 1 16639 1994
3 15352308 1 5167 1542
2 8429451 1 24898 459
2 15972516 1 15791 2737
3 7521295 1 3409 2617
2 7227246 0 27600 1625
0 2492766 0 14181 737
1 10805286 0 27622 3118
2 6274552 1 1066 3811
2 12190327 0 31318 2921
0 13805031 0 13404 362
0 7564377 0 22162 1293
0 2457006 0 16086 3085
2 3963426 1 3624 2334
3 14178862 0 24577 3302
0 11728246 1 9018 1550
0 14962187 0 6988 3354
1 10014622 0 5892 1380
0 12820086 1 20277 2472
0 15099755 0 6903 1351
3 2529469 1 4746 804
2 3859075 1 10580 3286
3 2533301 0 23718 570
0 7665532 1 2244 1809
3 656430 0 20916 1708
3 5959210 1 28515 2376
2 10483992 1 28873 3182
0 3141673 1 25570 655
1 7970704 0 25273 2636
3 10235149 1 18379 582
3 13383462 1 31210 2090
1 16738297 1 3578 470
2 4626056 1 5135 2333
1 12765428 1 21148 1568
3 12070626 0 254 869
1 1310750 1 14571 2316
3 7818572 1 20363 1961
2 13311818 1 14368 1652
3 6716889 1 11930 3528
3 2230082 1 13434 1591
1 9394415 1 1175 1772
2 7426334 0 17639 1997
0 200748 0 26038 1261
0 4625496 0 24286 2927
3 3562331 0 23089 260
1 3938069 1 26833 3430
0 6858633 1 27598 3441
0 11553425 1 29337 785
3 1267178 1 28918 240
0 1984869 1 8867 863
0 12992546 1 5087 3142
3 12725271 1 32663 3713
3 11302439 1 25959 2071
2 13287194 0 4960 1325
0 4217037 0 24401 3883
0 6528905 1 28840 336
2 9293406 1 16284 2852
0 12559575 1 542 3452
1 2473242 1 439 2098
1 10014622 0 5892 3771
3 12257787 0 6792 3093
0 1165570 0 31355 2759
3 11759500 0 4665 2930
3 13370401 1 14476 1315
2 590563 0 30822 1072
0 14657900 1 16891 1443
1 10653688 1 8780 3366
0 11207071 0 26734 2668
3 3190095 0 14640 1022
1 2793573 0 22493 3240
0 13026315 1 360 1641
1 15967622 0 8757 2276
0 13183383 0 1486 1383
3 14040083 1 13454 507
2 13712078 1 23998 2489
1 13715098 1 17805 2112
0 8466898 0 31266 2302
1 13581925 0 13008 3276
3 981958 1 19783 3224
2 4062663 1 15182 2030
0 4449702 1 5738 1507
3 8745707 0 9185 2360
2 14113684 0 7020 680
3 2533301 0 23718 2714
0 4867587 0 26893 2175
1 16335276 1 23775 2267
2 16008672 1 30564 2969
3 110068 0 134 2660
1 8122922 0 3067 2788
2 6776599 0 32076 612
3 1801046 1 23413 1640
3 14895306 1 2321 713
1 15519254 0 14034 2797
3 13672549 0 6197 3557
1 5456788 0 5093 416
2 2691087 0 1926 874
3 4769019 1 30322 3257
2 15002745 0 4463 486
3 15665186 0 19247 1966
2 9266579 0 29531 1426
1 10458843 1 14708 1623
0 13180488 1 8985 3087
3 1888805 0 27084 695
3 4328169 0 4391 2939
3 10308089 1 27996 3634
1 5777196 0 19263 473
3 1795068 1 13425 2154
2 6746540 1 25185 2622
3 16042320 0 7541 3889
1 12030627 0 1802 557
3 2987707 0 8244 2211
1 6649178 1 4158 3547
1 13238361 1 4192 1041
1 14695370 1 836 3659
1 5710705 1 19289 2263
2 12524140 1 31003 549
0 1641459 1 16710 1566
2 4626578 0 25767 2160
0 10280394 0 17981 3266
1 12725887 0 126 3656
2 14475834 0 28052 1552
3 5252295 0 11308 2587
1 14636004 0 26934 1732
2 2612186 0 19448 3113
1 14054464 1 22679 2383
2 1132238 0 3024 919
1 15403175 0 29733 2302
0 10310531 1 26141 2769
2 15492202 1 31850 2068
0 1803442 1 5307 2095
2 7294102 0 7478 1391
0 14512821 0 9084 192
2 5069262 0 6371 1038
0 10393596 1 19865 1501
0 11272152 1 29918 461
0 4006913 0 24419 1234
0 46030 1 8338 2364
1 4734746 1 14457 279
1 15389924 1 28906 3697
3 2600565 1 23396 3145
2 12561106 1 11545 2875
0 11337143 0 11541 936
1 12784920 1 18012 1868
1 11270366 1 19690 2577
2 15856250 0 10114 563
3 14238086 1 8269 1579
1 10943258 0 26252 1576
2 5445885 1 22014 1604
1 12069885 0 698 1727
3 13330169 1 14879 2741
0 10201956 0 25986 2880
1 2970857 1 25733 3892
0 8027748 0 9787 1478
2 15772222 0 16881 1404
3 1217434 1 27866 3833
3 11685663 0 16173 3488
0 6861177 0 12723 646
1 9542091 1 2905 807
1 11890717 0 5383 493
1 11825871 1 14869 1563
1 13207792 1 3419 1002
3 12928989 0 24930 115
2 16749496 0 28536 1536
0 2253085 1 3229 3488
1 13232426 0 5129 632
2 14051224 1 7648 2511
0 3928418 1 28601 2469
3 16491554 1 28443 1647
1 3440122 1 7924 2094
1 13146691 0 5587 3921
1 15572034 0 11654 3588
1 9805056 0 22495 1499
0 7655062 1 15223 861
1 9526723 0 24562 689
1 13442411 0 29882 405
0 14661289 0 21199 1324
3 14160030 1 12202 262
3 9699641 0 7582 2987
2 12369887 1 18906 3114
2 8827117 0 9378 2240
2 15177211 0 21988 3819
3 14515270 0 18249 2883
0 11285433 0 2596 447
3 15821558 0 4638 2230
3 12925469 0 12696 3165
1 14549547 0 6868 870
0 16483565 1 32724 1362
1 1310750 1 14571 1264
3 9083930 0 29319 1371
1 3947600 0 18892 101
3 7147981 1 30335 2202
1 16037107 0 32538 1589
3 301576 1 3604 1995
0 5233884 1 22140 1957
0 4818976 0 29287 3978
3 8457624 1 32604 1175
3 15911815 1 8348 452
3 3624487 0 29703 3520
2 4079057 1 25551 1677
1 7131838 0 15551 2664
3 895270 0 28643 1886
2 14665098 0 4651 2710
0 1610300 0 17402 2687
3 2533301 0 23718 406
3 10011721 1 13285 2376
2 14020508 1 29734 387
2 1639228 0 2379 2572
0 794252 1 17430 583
3 6020145 1 12911 1623
3 8914684 1 1846 3908
2 323582 1 15139 1947
3 11225665 1 14267 1940
2 12624105 1 4210 3364
2 9245407 0 29279 829
0 6481721 1 10484 2048
3 5721791 0 23733 2403
1 15269878 0 26583 2586
1 13729113 1 30337 185
3 10770965 0 31618 465
3 5980953 0 4092 1038
1 1310750 1 14571 2863
0 10763146 1 29765 3515
1 1953279 1 20068 3918
2 15972516 1 15791 3402
1 14093028 1 15178 360
3 14895306 1 2321 3370
0 12690136 0 28544 2214
0 8372601 1 16531 1398
0 7120121 1 5439 3925
0 8341661 0 17528 950
1 4918206 1 26932 3653
1 16753244 0 32321 3745
2 2477386 1 30537 3078
3 12257787 0 6792 1720
3 1391275 1 12118 592
0 10864071 0 18396 448
1 12091054 1 7193 241
3 2533301 0 23718 962
0 6771075 1 17114 3191
0 8607842 1 30266 1511
1 14093028 1 15178 3284
1 1901304 0 22933 2749
3 13111159 1 12577 303
0 11171469 0 31961 3575
1 12821648 1 24172 3664
3 12691885 0 20470 3706
2 11558232 1 7599 357
2 14943561 0 23774 1158
3 11302439 1 25959 3283
2 6481146 0 14796 2722
3 13480119 1 32677 1977
1 16621019 1 4679 3151
2 3693480 0 12016 888
3 15112262 1 9837 2329
3 7824996 1 2372 834
0 10551060 1 2367 1089
3 16177676 1 7488 2569
2 12146447 1 18881 1326
2 5200627 1 16885 2487
1 6386492 1 27891 1736
1 16665265 0 11505 2861
3 12329137 1 15570 3813
1 4129947 0 22238 2978
1 10602323 0 30425 1575
0 5837847 1 2813 1761
3 4060858 1 409 2480
0 14077460 0 1495 1349
3 1937328 1 600 892
1 7800638 0 29752 3545
1 12273131 1 28333 2155
0 8328785 1 7479 899
2 16499184 0 22525 563
2 12288101 0 11001 215
1 12112292 0 9242 1049
3 2965021 1 10371 638
1 13467808 0 6636 448
1 5931876 0 21521 635
2 11558798 1 23175 1200
2 14575418 0 30150 267
2 15434739 1 13163 1834
3 1347256 1 20018 3612
0 7665532 1 2244 2255
0 835556 1 21897 3406
1 12896624 0 9195 3941
1 13349522 1 21805 2535
0 7102955 1 16324 587
0 13123678 0 12166 1311
2 11791392 0 9283 2360
2 13286104 0 15266 1649
1 11938019 0 12068 182
2 16070312 0 20235 3410
1 12873278 0 4900 2006
3 3624487 0 29703 2865
0 13443542 1 25412 2961
2 3911380 1 1987 1309
1 2671824 1 27892 1589
3 1979196 0 28611 2074
3 3101577 1 26378 2640
2 3255825 1 22992 1666
1 6445618 0 12004 3849
0 14487267 0 10481 3413
1 4855537 1 24296 406
3 5881142 0 8944 1574
2 10902500 1 28844 1545
3 1431697 0 15486 864
3 13500283 1 20825 2314
3 8329104 1 20276 960
0 10328643 0 30243 860
0 10045635 1 25345 551
0 10979937 1 29209 1504
1 4515179 1 20152 1468
2 16144844 1 2882 1811
2 16757733 1 9153 1802
1 5470062 1 17241 1670
3 12214709 0 28504 3800
0 14274749 0 13923 3983
0 2377188 1 27686 1295
3 15263500 0 3544 268
0 12730695 0 9645 3515
3 7331314 0 8837 1571
3 3190095 0 14640 302
0 14274749 0 13923 1102
1 6027342 1 2648 759
0 3093203 0 22598 1669
3 16557732 1 22247 1384
1 2000766 0 2858 3247
3 8482605 0 22091 1924
3 10560239 0 2268 3791
3 11691461 1 4375 671
2 16181148 1 8892 1603
0 15787724 1 25737 2186
0 15874346 1 2719 498
1 11508917 1 12016 3529
3 16557732 1 22247 1855
3 15258928 0 5803 2925
2 5594225 0 4725 536
0 13022010 1 30050 2370
3 10424287 0 17046 2504
0 6072107 1 15456 2758
1 15967622 0 8757 1778
2 15892797 1 11619 2654
1 16148035 0 27989 2258
2 9539635 1 4092 1651
2 7448857 1 27354 2299
2 6433460 1 31522 1915
1 12990647 0 8621 1199
2 13512445 1 20354 414
1 2870007 0 1470 400
1 9351411 1 22125 3785
0 632606 1 16129 3056
2 12681714 1 9241 3404
2 8187893 1 5292 709
1 15927668 1 26758 576
1 10985582 1 19622 3695
3 10231188 1 17533 1511
0 14450520 1 4062 3791
3 15022128 0 13540 321
3 11278676 0 18890 3025
2 235575 0 5464 363
2 14258148 1 23753 480
0 2296140 1 21818 896
2 5817396 1 10711 2072
3 1888805 0 27084 1307
3 14515270 0 18249 1925
3 91588 1 20934 3390
3 15562327 1 14822 593
0 267806 0 28743 967
0 13968318 0 29952 541
3 4662902 1 27504 2890
3 11404047 1 5569 1177
1 16436475 1 24395 887
2 6089852 1 4574 1048
2 16632129 1 14909 2893
3 7436996 1 22285 2553
0 820588 1 19600 1906
2 6661379 1 7370 2910
1 14054464 1 22679 3134
2 5929133 1 30997 876
0 12467104 0 12815 438
1 1996045 1 22179 2107
3 8527951 0 29789 1613
3 4662902 1 27504 3656
1 2163449 0 22689 3465
2 7739766 0 19142 3847
0 16265930 1 18357 113
3 5883213 1 6559 1524
3 15549513 1 11710 423
2 3400442 0 7815 1346
0 4514812 1 24388 1091
1 10723374 1 18204 3529
0 6810042 1 21675 992
0 6907149 1 15814 2091
3 1115112 0 12105 1677
3 15668264 1 9461 1361
2 9064680 1 18681 2023
2 6855691 0 19825 3477
2 14292305 0 3102 2418
0 10204172 1 16874 3586
2 16040848 0 5814 3980
2 9266848 0 15 3541
1 15059677 1 726 886
3 566388 0 32342 3421
1 1522146 0 30431 2852
2 13516538 1 50 2383
0 14944050 0 19990 3442
1 1329320 0 13931 1086
0 16543388 1 7486 745
1 9784293 0 14668 2662
3 8739775 0 28362 410
1 14849131 0 9688 2559
3 8945626 1 7608 560
3 11822510 0 13605 2427
0 11015303 1 11822 1973
1 12415573 1 12922 3651
3 1409093 0 27588 576
3 12838009 1 22686 1873
1 14054464 1 22679 1003
0 12839291 0 26491 2392
0 9254518 1 28016 1059
2 2691087 0 1926 1622
2 10956574 0 7515 3295
0 8114617 0 2097 573
2 1649422 0 895 3593
0 15644354 1 19744 1138
0 8484458 1 17901 1416
1 16469048 0 7756 2187
1 13047609 1 17577 2217
3 13291507 1 31237 177
1 4615763 0 5651 2183
0 4467973 1 2022 1467
0 2240101 0 31558 818
3 11835407 0 9011 704
2 6701121 1 9646 3293
3 2547836 0 7714 1934
0 2706722 1 24298 3790
2 455987 1 9001 910
1 4082464 1 2068 2897
2 6089216 0 28623 1012
0 2113970 0 13863 127
3 7284573 0 29737 956
0 4451711 1 767 2786
0 12257672 1 32431 2843
0 3862163 0 7266 531
3 9724807 1 17193 533
3 13427939 0 21901 645
1 7553080 1 26610 3465
0 14153897 1 9540 3534
1 15345715 0 9460 732
3 6521563 1 13869 970
3 7174122 0 19732 2000
3 3796954 1 23558 3268
3 6648725 1 30502 2019
0 11591853 0 13830 2342
1 5845014 1 22380 1213
3 8955585 0 5831 968
0 16025287 1 30018 2238
1 14118771 0 28352 2420
2 14480064 1 31010 2271
0 14274749 0 13923 1836
3 7521295 1 3409 1854
3 3176475 0 23075 3568
0 12242757 0 30408 2577
2 15060077 0 25316 3238
1 2523565 0 10439 3647
3 4581072 1 29015 2074
1 12862502 1 18881 2794
2 13524987 0 318 1590
2 4378018 1 17673 2181
3 10753366 1 6181 549
1 12345821 1 14378 2311
2 9944292 0 27325 3016
2 15511431 0 3429 935
0 1565977 0 25335 2825
2 7557557 1 13201 1813
3 5777288 0 16684 3425
3 9117912 0 27099 1516
2 4155925 1 1163 2846
3 4060858 1 409 895
0 13697124 1 5018 2578
0 14661289 0 21199 605
3 6130360 0 19492 1018
1 12551853 0 7447 2548
0 12697315 1 24046 116
2 3316933 1 10430 433
2 2926014 0 24214 2277
1 15473855 0 12707 2056
0 13821227 0 13566 2027
1 10905173 1 3904 522
1 2346732 0 24019 1019
2 10005475 0 30633 3283
3 16223845 0 26440 2921
0 7982496 1 15590 2708
0 12820086 1 20277 2238
1 8469933 1 9696 2231
0 3928418 1 28601 189
3 8276374 0 273 3866
0 9779625 1 19844 2318
2 11734398 0 20840 2927
1 7646460 0 6129 2709
3 5895269 1 14970 2301
0 3550551 0 20204 800
2 13773188 0 21852 190
2 2958196 1 25349 592
1 7800638 0 29752 182
0 430434 1 30906 1317
0 2534038 0 31015 2736
0 11895230 1 27806 1710
3 13481284 1 6927 2917
0 6415593 1 18777 2223
3 13893461 0 10826 2918
1 3744513 1 3781 654
2 11417572 1 8379 718
2 8281624 1 27507 2513
1 13586377 1 12484 1892
2 3091910 1 16738 369
1 14093028 1 15178 3436
1 1256476 0 6647 3216
0 7674503 1 6588 3246
0 14403597 0 26867 2198
1 5497902 1 27809 942
1 6240138 0 7004 428
0 13357621 0 11933 297
2 15896770 1 30352 2572
3 4315734 1 12874 2109
0 4854063 0 15346 909
3 9117912 0 27099 1728
2 845796 0 4797 2443
3 14208245 0 31249 2743
2 16412816 0 24337 3534
1 15969567 0 10542 2502
1 6129076 0 319 2067
3 10672768 0 12373 346
0 7026283 1 32026 1986
2 416478 0 16469 2752
0 3508584 0 5417 1390
1 16525110 1 29104 3842
2 8842788 0 2484 3199
0 7549122 0 31437 3184
2 15016953 1 9991 1546
2 1723077 1 25365 331
0 5661244 0 5379 1500
3 8764996 1 1596 2770
3 588062 1 16170 3875
2 10956574 0 7515 1560
1 8481037 0 11122 1742
0 6506458 1 14884 808
0 10044078 1 8405 494
1 12378200 1 16104 2536
3 9775493 0 3022 1770
1 11636795 1 12481 1040
2 10726804 0 4855 1871
1 1174669 1 27060 172
1 8515960 0 3542 2453
0 1487117 1 22461 1273
3 15194269 1 14637 3254
3 3190095 0 14640 2164
2 11514420 1 30938 3053
3 7452409 1 10464 3700
2 1305446 1 4401 1062
1 7227490 0 31789 469
0 1335101 0 13702 3751
1 471505 0 25521 3470
3 5885726 0 27920 552
0 6202070 1 14163 406
1 4795746 1 7626 747
0 10737505 1 12336 954
0 6716373 0 7155 802
2 1912988 1 30603 2236
1 14956379 0 4205 126
2 2753438 1 30496 2642
3 10235149 1 18379 3611
1 4629897 0 11953 2346
2 9944292 0 27325 3731
2 13311818 1 14368 1838
1 10805286 0 27622 801
0 2177074 1 24469 3473
0 15884518 1 13214 2197
3 7748660 0 18232 3321
2 12955005 1 17073 980
2 11536714 0 505 2919
3 14238086 1 8269 1522
0 2482672 1 15721 2985
2 14475834 0 28052 1673
0 8092670 0 31937 1951
0 459500 0 12872 338
0 10823039 0 24498 202
1 14549547 0 6868 3305
2 7540994 0 11426 3124
0 14595651 0 26727 2149
0 1868800 1 2826 1584
1 12768826 0 5039 258
2 4586443 1 20138 422
1 12175480 1 10352 2169
3 6577410 1 4277 2726
2 14946288 0 30615 1640
0 860508 0 9717 2728
2 15920480 1 716 3829
0 16265689 1 25121 2806
3 4885897 0 8660 2821
3 13291507 1 31237 1791
1 13934521 0 21335 1533
1 4998349 0 5605 1902
2 1587119 1 24863 2914
0 1048696 0 19181 1030
0 7501295 1 24805 285
3 3911628 0 21450 3930
2 10293324 0 19176 3992
1 6586880 0 7019 1231
1 10478765 1 4800 3623
2 5347517 1 14829 1583
2 10598761 0 17163 3234
1 15969567 0 10542 3784
2 7293223 1 5541 2092
2 15002745 0 4463 2923
2 14905219 1 22496 3037
1 15091734 0 28136 2018
0 6285888 1 25700 355
0 7934816 0 31422 2071
3 4638344 1 3193 3697
3 1791620 0 13985 3075
3 8178952 1 27333 2649
0 4159760 0 23031 665
2 328386 0 24886 3380
0 5855860 1 11557 3058
2 8289133 1 23241 2748
1 8919421 0 24175 3909
1 15269878 0 26583 3371
1 12806547 1 24953 107
3 1105537 1 23519 3665
1 7750489 0 11973 1181
0 15874346 1 2719 409
2 2981274 1 28954 1837
0 2309886 1 18941 161
2 8920093 0 6038 1170
0 874643 0 23996 3110
3 3279599 0 30990 980
2 2852992 0 30772 956
0 1628504 0 1594 2622
1 4867788 1 11160 1280
1 10098355 1 15411 1245
2 16202628 1 25262 1314
0 15056584 0 9264 2836
3 8511418 1 29455 2722
2 2444877 0 20574 1573
2 8384173 0 17145 1619
0 9641362 1 5046 748
1 15969567 0 10542 593
3 2331040 0 31992 2492
3 688415 1 21558 2536
0 13296913 1 7405 929
1 8281109 0 25324 1177
1 15967622 0 8757 3673
0 10530020 0 12346 911
0 11885826 0 25791 2774
3 10146532 1 4518 302
2 2560686 1 6178 3784
3 8170577 0 8369 1803
1 8210497 1 26055 391
1 13930436 0 4073 3857
2 2852992 0 30772 458
0 9851993 0 28008 1152
3 7331314 0 8837 1121
0 1811262 1 20596 714
3 13732645 1 10874 2103
0 12509798 1 15924 3101
1 10085814 0 7108 1391
1 2752287 0 5477 2132
2 6940884 1 6237 299
2 13990359 0 32163 2461
1 13349522 1 21805 1834
3 6724164 1 23472 3710
1 8851027 0 27463 192
1 2195710 1 20083 2810
3 7142088 0 8565 2579
2 3351918 0 18991 722
2 11132639 1 5913 1590
0 6657424 1 3604 3097
2 16600748 1 4111 592
3 15112262 1 9837 656
1 8845680 1 16104 2288
0 8886525 1 1910 254
0 12642219 1 14266 443
2 1845721 0 4135 1929
2 5198029 0 8596 3046
0 14804346 1 6628 2910
0 4039349 1 25103 384
2 13502182 1 8999 3355
2 4856826 0 7772 2363
3 16436946 0 14335 274
3 2921263 0 29274 3875
2 10236214 1 8835 444
1 10166954 1 5548 1279
1 7364479 0 3725 1352
0 9142476 1 27376 1776
1 1158408 0 20638 376
3 5553538 1 32048 1384
3 12723525 0 3690 776
1 2435806 1 31301 3544
2 1828495 0 4084 449
3 13997280 0 30767 1192
3 16435528 1 26494 2272
2 14121857 1 16976 758
2 14475834 0 28052 3117
1 15998363 0 31235 227
0 4630486 1 31617 3065
1 5812741 1 12348 708
0 4642846 1 14829 317
0 13820854 0 5990 799
0 12690136 0 28544 781
2 1775739 1 22953 2158
3 11225665 1 14267 1686
1 14308072 0 6616 3636
0 13968318 0 29952 595
0 6429620 1 27350 1854
2 6590401 1 4209 520
1 4714361 1 26082 384
1 1235064 0 22754 794
3 10862013 0 26100 1478
0 16489269 1 9089 3809
3 14515270 0 18249 3274
0 8078128 0 28005 800
0 13207334 0 5494 3188
0 14410172 1 8315 3156
2 12858252 0 25510 612
1 4795746 1 7626 2953
1 13305979 0 305 553
0 14661289 0 21199 2894
0 7328222 1 15764 1383
0 7549726 0 8952 3002
0 1179332 1 23327 1388
2 15369074 1 18090 3349
1 3857730 0 19742 3468
2 15002745 0 4463 1667
3 6901724 0 32146 3915
2 13311818 1 14368 3223
3 8513562 1 4626 3375
1 10090698 1 8401 3932
0 7026283 1 32026 2756
2 3400442 0 7815 709
0 11540931 0 31083 3656
0 3993209 0 7273 3019
1 10970170 0 19414 2889
3 2928319 1 8482 1499
1 6751766 0 5930 460
0 7218405 1 10676 3824
0 10381329 1 31418 595
1 10948430 0 23282 1421
3 12327764 0 28 263
1 1630844 1 26049 2617
3 14369920 1 18711 2585
1 4357219 0 19078 1654
2 1631232 1 4165 2786
3 132338 1 6976 2401
3 2669273 0 12980 3660
0 9553882 1 10117 3931
2 15585483 0 13447 3380
0 223000 0 27507 2132
2 14651432 1 28690 1251
2 16070312 0 20235 3189
1 15767965 1 28491 1571
1 7577676 1 27033 2475
0 8564357 0 27979 931
0 12784894 1 8212 1006
3 6932539 1 17435 3859
2 12599882 1 3967 398
1 14283739 0 26884 3487
2 9185727 1 10059 1573
2 8174359 1 22039 2487
0 10080132 1 19419 1205
3 849624 0 11972 813
1 6540175 0 22135 3230
3 2014361 1 11616 1373
3 11759500 0 4665 2966
2 9602041 1 32294 1492
2 2858476 1 27195 2717
1 3440122 1 7924 215
0 5992770 1 16232 3207
0 16489269 1 9089 1970
0 16261502 0 27913 2510
1 10553585 0 29066 2868
1 16713303 1 25215 877
1 16203097 1 10416 362
0 10068371 0 6057 2333
3 5558696 0 8868 1729
3 8739775 0 28362 3151
2 10293324 0 19176 1568
2 11368355 1 27239 1245
2 1759060 0 15248 2883
2 4106958 1 25400 3796
2 4996051 1 7723 1864
0 11525034 1 11261 829
3 10235149 1 18379 3085
1 3940209 1 2637 1374
0 46030 1 8338 3106
3 13768465 1 2521 1121
3 2691754 0 25423 3943
1 2999375 1 18525 3756
1 11453993 1 9248 162
2 4793625 0 21913 3831
2 8407172 0 4527 308
1 6893111 0 4671 1745
0 4774464 1 17797 1793
3 14599550 1 8425 3471
3 4293710 1 23379 2918
1 6954806 0 16732 3311
2 8617588 1 8572 2336
0 2492766 0 14181 1437
3 2239435 1 9054 2028
1 11020190 1 14328 894
2 617928 0 18930 3535
2 16313537 1 20228 2583
3 9121339 1 4705 2592
2 6226257 0 28955 1403
1 13917199 1 30140 1736
0 11607649 0 12250 1251
0 16489269 1 9089 1428
1 16309939 0 3141 2900
3 1691887 1 510 2859
2 15918191 1 24468 2855
1 11845481 1 10698 2687
3 5626875 1 26458 641
3 5888816 0 16064 711
1 11736375 0 13989 292
1 3921942 0 776 300
3 10497167 0 22850 3253
2 5877318 1 23552 3243
2 12558801 0 12293 3199
0 7122505 0 15464 135
0 1960239 0 19996 1686
0 12817650 0 10996 1743
2 12710289 1 5838 1127
1 1111431 1 29034 2858
0 15094406 1 5639 1924
0 2492766 0 14181 2202
3 11822510 0 13605 1031
3 7367194 1 2785 2609
2 1151477 1 32666 3028
0 9354417 1 1166 3754
2 10571299 1 21546 3365
3 4662902 1 27504 3632
3 5450052 0 26362 2892
0 11923728 1 10853 2779
3 14087985 0 15941 3050
2 13985711 1 25156 3886
0 13552272 0 20073 1847
3 2788807 1 30524 3936
1 7642634 0 13530 3048
2 6313425 0 14910 3986
2 10402034 0 26083 2631
3 7862595 1 16106 3172
3 9339119 1 6265 1124
2 3952252 0 14301 1337
0 8697718 0 30330 3048
2 7007870 0 13682 3424
3 11506420 1 17848 1498
1 13125371 0 31561 1578
1 16622549 1 7527 3401
0 13805031 0 13404 3538
3 8739775 0 28362 3280
2 13085357 1 18143 1204
3 1888805 0 27084 853
2 10194087 0 27841 3668
0 14661289 0 21199 186
1 9545777 0 10128 136
0 15075046 1 17513 1801
3 2517010 0 26878 3978
1 14549547 0 6868 159
3 2673791 0 13541 2723
1 16346834 0 14259 935
2 12931311 0 18591 682
1 14701246 1 5653 306
3 8329104 1 20276 1330
3 16557732 1 22247 1818
2 15002745 0 4463 1468
2 16684874 0 3847 2898
1 1691816 1 27863 3245
0 14612659 1 23186 566
3 10642011 1 4490 765
3 11986475 0 12346 1569
0 8465796 0 29473 745
0 3928418 1 28601 3460
3 3708913 0 11996 2151
2 12089467 0 768 830
3 8805395 1 23924 2044
1 2671824 1 27892 1350
3 1719809 0 5143 1696
1 3194699 0 31605 2503
3 13152449 1 30932 3993
3 11759500 0 4665 2416
3 8808157 0 9878 3086
3 3948295 0 18991 3952
2 917718 1 6754 3442
1 3938069 1 26833 1820
1 10199957 0 24042 2016
3 6298338 0 4392 3435
0 15622799 0 29688 871
3 3271243 1 32522 642
2 10186794 0 18735 800
0 4853878 1 29864 806
0 7328222 1 15764 1562
1 10634352 1 16293 3080
2 8483380 0 30691 3125
3 7096019 0 14759 1259
0 6810042 1 21675 2977
2 1845721 0 4135 2519
0 5462692 0 29939 555
0 1335101 0 13702 2612
2 3157742 1 23087 3292
1 329523 0 3417 3155
1 16025427 0 26979 729
3 9237903 1 21147 2872
2 6782253 1 27439 1630
1 10488068 0 16638 946
3 10414625 0 15674 1116
1 4366017 0 29377 3603
3 16280174 1 205 2056
1 6129076 0 319 3076
0 1738042 1 10812 1281
1 10805286 0 27622 3497
1 12645460 1 12594 835
2 16313537 1 20228 2799
3 15000416 0 26537 1353
3 5524652 0 21606 1994
3 8457624 1 32604 1532
2 10474623 1 12240 3883
2 10954981 1 32241 3787
2 772855 1 14860 1264
1 1389230 0 32003 3599
3 10290296 0 15154 524
1 7106488 1 5411 2141
1 5710705 1 19289 606
1 13055180 0 1905 2485
3 7007734 0 22613 1411
0 12449568 1 30729 284
2 10956574 0 7515 372
0 10551060 1 2367 1567
2 9744812 1 2630 1353
0 1960239 0 19996 3371
1 10805286 0 27622 3164
1 13769144 1 22128 826
2 8995368 0 17971 2819
0 16153982 1 25681 1124
1 1455431 0 25426 3841
2 11975574 1 13167 3109
0 1647077 0 24334 3930
1 2817694 0 25812 2302
1 102882 0 20592 1939
3 2615953 1 29903 648
0 13322949 1 29221 1647
3 4662902 1 27504 435
2 2777343 0 32602 1337
1 5297585 0 2228 3245
1 7387371 1 25239 2545
1 6513404 1 24001 1653
2 9116731 1 27894 3628
2 10121698 1 8509 2905
1 13225457 1 10533 1241
0 14628443 1 31637 199
3 2331040 0 31992 432
3 2585464 1 14639 3177
2 1266308 0 17103 3083
2 2304907 1 22668 1686
3 1180790 0 26814 1722
1 2394765 1 14647 1461
0 185306 1 6550 1591
2 5697687 0 18088 3990
1 11229811 0 19723 2924
3 10193183 1 14982 2183
0 14867043 1 22036 902
3 14895306 1 2321 2958
2 4777833 1 30393 1521
0 5512449 0 18889 3665
3 13398587 1 25259 3633
3 13291507 1 31237 228
1 3916298 0 24259 2459
3 30079 0 12031 1218
1 5489961 0 19488 1466
1 7223086 0 11637 314
3 11225665 1 14267 3060
3 6597025 0 17001 507
1 14533345 1 23366 2389
2 9602041 1 32294 1819
3 13384014 0 19270 2690
2 15876234 1 26564 694
2 14657527 0 22992 2965
3 5004520 0 25661 3975
0 11885457 0 30287 3632
1 4735172 1 10267 1828
0 12729899 0 17286 705
3 3168335 0 29602 3940
2 2992286 1 12679 966
3 15112262 1 9837 1469
3 9117912 0 27099 3962
3 10235149 1 18379 2514
1 277783 0 5912 3724
2 9602041 1 32294 1954
3 2550147 1 25481 2280
1 16498136 1 24530 3229
0 3949351 0 32117 720
3 13800942 1 6320 3338
3 12197198 1 17154 2427
2 16072163 0 2485 3856
3 14238086 1 8269 3391
2 4369253 0 12856 1312
0 16188312 1 12438 2000
2 4738249 0 6192 719
2 2624465 1 31783 2092
2 7208794 1 2203 137
1 3194699 0 31605 912
0 14498062 1 11771 3394
3 11306780 0 16560 523
0 16607934 0 32310 1922
1 7327343 1 24447 3775
3 5203184 1 5974 1922
2 11283067 1 20714 1231
1 6549452 1 24012 603
2 6538036 1 2196 928
0 6149831 0 26378 869
2 9740487 0 10769 2463
2 1860576 0 16980 666
1 3612896 0 19440 2759
3 10368707 1 6035 919
1 11380344 1 29678 3633
1 16722844 1 18784 3941
1 14635041 0 28175 1128
1 7726128 0 29248 1633
1 15265013 0 25399 1620
0 15125229 0 6995 2754
3 1975666 0 25096 2232
3 4425827 1 6681 1296
1 12919734 0 14732 3107
0 15249358 0 30617 1267
2 14985352 1 18507 2485
2 16531685 1 24188 654
2 5820486 0 6807 1544
3 5795352 0 21432 1864
3 1813478 1 6429 2741
1 1863458 1 11434 563
0 4553106 1 17114 1397
1 8460627 0 23339 510
2 7194024 0 10711 2394
3 14681612 1 6323 2020
3 725394 0 22830 3099
0 14059669 0 28600 2261
2 12221720 0 21155 3365
1 1151326 0 17688 2948
0 12559575 1 542 3708
2 16070312 0 20235 2164
3 10424287 0 17046 2489
1 620713 0 4743 3408
2 3182014 1 11005 2011
0 13322949 1 29221 3158
0 7665532 1 2244 1981
2 1130916 0 20678 3872
1 4502746 1 19363 1805
0 337972 1 1111 3259
3 15540576 0 16841 3057
1 10985582 1 19622 1472
1 11145110 0 21778 255
1 8270168 1 26191 1859
3 6233987 0 10098 2912
0 2004653 1 3152 481
2 9602041 1 32294 790
2 726924 1 14795 3322
0 16754832 0 25620 2004
0 2178746 0 22748 1424
2 13096611 1 8626 3576
1 3194699 0 31605 175
0 5457070 1 9227 3829
0 13968318 0 29952 1279
2 14911477 0 22617 1702
0 15576070 1 17665 2759
0 6810042 1 21675 1831
1 6614262 0 30524 2079
3 14918092 1 19720 2833
3 14553197 1 31124 2883
2 15585483 0 13447 959
1 8954855 0 8022 1718
0 8659589 1 16714 716
2 15776289 0 26201 552
1 2529151 0 24887 1530
2 9304974 1 774 1146
3 11093931 1 13287 1763
3 7493311 1 1086 1881
2 4263730 1 10011 1772
0 8744692 1 13018 1525
2 7426334 0 17639 343
0 13270189 0 3775 2264
3 9995488 0 5942 1297
2 12615862 1 24926 3967
0 13022010 1 30050 3590
1 2187047 1 25015 2205
3 10011721 1 13285 3137
1 11432143 0 7630 1715
2 1242603 1 20467 336
1 7291000 0 23472 2774
1 4629897 0 11953 841
1 3427191 0 11470 1450
1 12515528 1 7165 3115
2 3148845 1 24159 2234
0 13805031 0 13404 3525
2 13417956 1 14432 1197
3 3040272 1 31901 693
3 8942308 1 12563 677
2 16040848 0 5814 2983
1 3194699 0 31605 3938
3 1459047 1 30641 156
2 6013702 1 8557 2061
2 12905575 0 31532 3576
1 5255888 1 7656 3347
3 4098483 1 2171 3069
1 13238361 1 4192 873
3 5014950 1 17126 3683
3 14397245 0 27170 1230
1 11632482 1 19531 356
0 8784864 0 24918 1792
1 11483543 0 21029 1740
0 1879989 0 29276 3739
1 3126125 0 19662 274
2 13931008 0 24943 1716
0 7026283 1 32026 335
0 16240331 0 17639 1633
1 10328217 1 9940 1643
2 6866111 0 20711 1171
2 9266848 0 15 3474
3 12871183 1 13077 713
1 9646253 1 9691 1325
0 16684999 0 19277 711
2 258593 0 8196 3451
0 8569107 1 31568 153
1 2188800 0 2803 618
3 14127320 0 25324 2475
1 16316969 0 12738 745
0 16188312 1 12438 3955
3 1805443 1 22581 2289
0 12690136 0 28544 2054
0 11134095 0 9529 3912
1 15937194 1 29063 834
2 6028616 0 28351 299
0 1755302 1 22478 1722
0 6770791 1 17904 206
0 13022010 1 30050 1081
3 10720380 1 856 473
1 10014622 0 5892 3223
3 506388 1 8237 1235
1 11736375 0 13989 264
0 15380809 0 23340 1791
2 10956574 0 7515 3174
3 4666215 1 13869 2764
2 5333816 0 26019 100
1 2541021 0 23611 2357
1 16346834 0 14259 2403
1 2465443 1 4024 1789
3 2688330 1 14561 198
3 2870809 0 5119 868
3 3491874 0 13914 3580
2 15972516 1 15791 2895
2 2596923 1 19245 3644
1 12639072 0 23801 2986
0 6889388 0 19287 221
2 7620200 0 5061 1079
1 8934366 0 25254 685
2 1350311 1 11227 1903
3 9100198 1 11859 1938
3 3911628 0 21450 2889
3 5558696 0 8868 2142
0 4349692 1 6988 2143
1 673929 0 2460 405
1 11229031 0 24282 515
2 1286631 0 22996 2738
2 9712833 0 30545 731
1 11401133 0 29658 3357
3 4466413 1 25339 1565
3 7411949 0 4281 1444
1 2671824 1 27892 2700
0 13820854 0 5990 3664
1 3440122 1 7924 1735
3 2104636 1 1798 2747
1 12707805 0 10949 3696
1 14785836 0 27882 1639
3 6248300 0 3403 3065
1 8067414 1 2688 3105
3 1171666 1 8579 1885
0 5408822 1 17808 1735
0 5347132 1 16099 1795
1 4922008 1 7638 2435
2 13187509 0 30012 413
1 6978075 0 27771 698
2 9361900 0 10033 810
1 6445618 0 12004 1780
1 14283739 0 26884 3522
1 4795746 1 7626 2607
1 4629897 0 11953 562
3 1431697 0 15486 1917
3 8329104 1 20276 3775
3 656430 0 20916 2227
2 1124045 1 20659 2311
2 2852992 0 30772 2267
1 14266766 0 11169 1863
2 16120217 1 11963 1659
1 918946 0 14226 223
3 9117912 0 27099 3416
3 3484414 0 6859 2250
1 16389114 1 28820 3988
0 15874346 1 2719 1761
3 4711547 0 31399 2048
0 9586957 0 15995 2235
0 15435633 1 8997 1808
1 15063988 0 6459 949
0 2022293 1 17947 3398
0 14059669 0 28600 2672
0 11817931 0 21039 1119
3 15551133 0 25473 3773
2 12925815 0 20572 3945
3 4148987 1 26731 577
2 14462334 0 16390 1525
1 12765428 1 21148 1955
1 13824988 0 13879 3325
1 9594438 1 16875 2637
1 10314466 1 347 327
0 6048841 1 30995 3734
2 6395379 1 20835 752
3 2677631 1 9962 1299
0 7991770 1 2168 3291
0 9692834 1 24441 1034
0 10979937 1 29209 3617
0 1852015 0 11598 2896
1 5697778 1 30856 1126
3 6020145 1 12911 2291
1 8142006 0 9300 3671
3 15525681 0 23324 3901
2 9305663 0 9501 3155
1 5102010 1 29844 3289
0 6789771 1 11760 2498
3 12622343 0 17211 2344
1 10726158 1 9606 3297
2 15780863 1 28153 1035
1 7462551 1 3934 742
0 4142455 1 30285 812
0 2673091 0 29829 3514
0 14350878 1 28780 1355
3 12831520 0 26225 2629
0 3093232 0 20893 3365
0 8632062 0 10807 2047
2 9438224 0 9530 3257
0 11218549 1 19894 2531
0 7120121 1 5439 1323
0 6283615 1 29473 3093
0 12559575 1 542 769
0 16409297 0 3452 3825
0 12559575 1 542 1788
2 11151964 0 7050 3717
0 13877545 0 10353 488
0 4664516 0 8145 3718
0 7844843 1 24122 1398
0 1960239 0 19996 1728
0 1619009 0 17047 3260
1 2941741 1 27200 254
0 16668435 1 18195 3250
0 13705840 1 18560 1041
3 10235149 1 18379 1769
0 13964551 0 13241 3832
1 9486541 1 20037 590
1 7113896 0 3640 715
2 11417572 1 8379 3972
3 12561138 0 25561 1491
2 15481023 0 67 3120
0 16722001 0 28777 2620
2 10670957 0 26187 547
0 4540537 0 28614 3780
3 9494640 0 22860 2487
3 7521295 1 3409 2175
1 4138671 1 15057 124
2 9944292 0 27325 2465
3 3911628 0 21450 3750
0 8328785 1 7479 3709
3 8702892 0 8888 364
1 1397055 1 11958 2644
1 5297585 0 2228 683
3 13892373 1 1462 2133
0 6758335 1 27676 1009
0 2901290 1 3428 741
1 3261085 0 3416 411
0 12787337 1 21703 2227
1 11116867 1 2358 3362
2 9374189 0 13317 2401
2 3137863 0 10031 163
1 13934521 0 21335 3670
1 263467 0 30280 3471
2 9266848 0 15 2694
0 7941633 0 17837 3337
3 6027565 0 15545 2522
3 11484001 1 24481 1737
0 339825 1 18798 2391
2 13991392 0 12483 2427
1 4129947 0 22238 2687
3 5648387 0 21890 3555
1 2647212 1 18167 2736
1 13349522 1 21805 964
0 16260697 0 9781 1080
1 15482773 1 11516 1584
3 10942403 1 25312 1273
3 2828392 0 15534 3623
0 10229200 1 29030 505
2 2688724 1 700 3545
1 8491969 0 20459 244
1 10041039 0 5019 2021
0 9944309 0 583 3744
0 2190093 0 25782 1910
3 7521295 1 3409 3946
0 1350696 1 16851 3569
1 13093045 0 9433 1857
0 9511292 0 18931 907
2 12789485 0 26678 3245
1 8042596 1 153 2420
1 1310750 1 14571 1323
0 1879194 0 3138 946
1 12426740 1 28760 977
1 11579335 0 9433 280
0 14661289 0 21199 3967
3 8739775 0 28362 2028
3 15179220 1 18256 1443
2 15746311 1 14449 2165
3 6073877 0 20012 2851
2 5201668 1 13969 586
0 16489269 1 9089 2301
2 13333121 1 9595 832
1 7915493 1 1067 1035
1 9509862 0 5534 2920
1 14715227 1 10031 2438
0 14433193 0 24448 2646
0 7983898 0 6330 1222
3 14895306 1 2321 1596
2 16072163 0 2485 554
2 3620400 1 32078 2726
3 14134872 1 27413 682
1 4912036 1 11332 3175
3 8217318 0 32448 786
2 3068294 0 17177 3882
0 7436574 1 3684 3417
2 11663485 0 7686 2054
0 5400359 0 10991 2376
3 9117912 0 27099 3802
3 2813506 1 19754 1162
1 12301017 1 17182 949
2 9707179 0 15773 1872
1 5232141 1 11030 3446
1 12311597 1 3689 2781
0 12470375 1 31012 3694
3 8612830 0 28157 292
2 1302476 1 16285 1015
0 3093232 0 20893 3847
2 12414235 0 29710 2252
1 16690277 0 28284 516
3 2573777 1 23410 215
2 14177106 1 165 2204
2 13592786 1 7178 1913
3 5558696 0 8868 3237
2 7589194 0 10086 3566
1 6817098 0 6680 1036
1 1992786 1 17457 2790
1 2705784 1 9128 3565
3 14895306 1 2321 2689
1 5062365 0 12085 1627
3 6351855 0 17113 1493
3 16545968 1 29758 3368
2 11319166 0 2710 3863
0 13022010 1 30050 3209
3 3893949 0 14698 1146
1 7480998 1 2719 3462
1 13265111 0 11511 1272
3 16099417 0 28606 451
2 5736882 0 1049 2651
3 399238 0 25634 869
2 10809351 0 29096 1881
3 11302439 1 25959 3813
0 1738042 1 10812 2244
3 15112262 1 9837 3193
3 13906582 1 27080 392
2 12935078 1 11934 1185
3 9925985 1 2804 1656
2 15266764 0 5514 3973
0 6732036 0 26125 1126
3 6073877 0 20012 529
2 4664192 1 25307 3379
1 13934521 0 21335 1294
2 13314536 0 25299 307
3 3148676 0 3413 3475
1 8851027 0 27463 3448
1 9977816 1 8716 3571
0 7588387 0 4622 2863
1 6445618 0 12004 1903
2 8103945 1 17014 3863
2 16739700 0 23368 1182
3 9077028 1 5959 3123
0 6048841 1 30995 1764
0 7299587 0 32210 2778
1 10586708 0 7344 2137
1 10985582 1 19622 1475
2 624612 0 22543 856
3 8188880 1 32707 2977
2 2852992 0 30772 215
2 3607700 0 16339 1473
1 11804068 0 18033 3970
1 12334496 1 13888 3685
3 8009686 0 14908 627
2 8467223 0 22316 1397
0 14669334 1 28206 3246
3 13209835 0 15056 2136
3 13768465 1 2521 1202
2 11385095 0 3015 2260
2 14450365 0 28292 3447
3 1705790 1 17941 1845
3 3713768 1 7296 1893
0 5972505 0 31852 3988
1 4904230 1 21163 486
2 1845721 0 4135 3721
1 8712998 1 2533 315
0 14804346 1 6628 488
2 4346112 0 25173 2833
0 46030 1 8338 285
2 2852992 0 30772 2659
2 8773216 1 24718 2628
3 15965013 0 18805 1898
0 2254994 0 26724 3248
3 5722941 1 23951 2228
3 2078031 1 17383 3606
1 3194699 0 31605 753
2 12760293 1 25187 876
1 14283739 0 26884 2077
3 8815249 0 19690 3040
1 13284898 1 1520 409
0 14059669 0 28600 2365
2 2879437 0 24586 554
0 13082538 0 29373 2503
1 11692028 1 23084 2854
0 15300298 0 22864 3145
1 7572254 1 10144 1764
3 11202071 0 15338 1691
