1954 1954 32 1.5  -3 -2 1
-12.0000 3.0000 3.0000
-12.0000 4.5000 1.5000
-12.0000 4.5000 3.0000
-12.0000 4.5000 4.5000
-12.0000 6.0000 0.0000
-12.0000 6.0000 1.5000
-12.0000 6.0000 3.0000
-12.0000 6.0000 4.5000
-12.0000 6.0000 6.0000
-12.0000 7.5000 1.5000
-12.0000 7.5000 3.0000
-12.0000 7.5000 4.5000
-12.0000 9.0000 3.0000
-10.5000 0.0000 0.0000
-10.5000 1.5000 1.5000
-10.5000 1.5000 3.0000
-10.5000 1.5000 4.5000
-10.5000 3.0000 0.0000
-10.5000 3.0000 1.5000
-10.5000 3.0000 3.0000
-10.5000 3.0000 4.5000
-10.5000 3.0000 6.0000
-10.5000 4.5000 -1.5000
-10.5000 4.5000 0.0000
-10.5000 4.5000 1.5000
-10.5000 4.5000 3.0000
-10.5000 4.5000 4.5000
-10.5000 4.5000 6.0000
-10.5000 4.5000 7.5000
-10.5000 6.0000 -1.5000
-10.5000 6.0000 0.0000
-10.5000 6.0000 1.5000
-10.5000 6.0000 3.0000
-10.5000 6.0000 4.5000
-10.5000 6.0000 6.0000
-10.5000 6.0000 7.5000
-10.5000 7.5000 -1.5000
-10.5000 7.5000 0.0000
-10.5000 7.5000 1.5000
-10.5000 7.5000 3.0000
-10.5000 7.5000 4.5000
-10.5000 7.5000 6.0000
-10.5000 7.5000 7.5000
-10.5000 9.0000 0.0000
-10.5000 9.0000 1.5000
-10.5000 9.0000 3.0000
-10.5000 9.0000 4.5000
-10.5000 9.0000 6.0000
-10.5000 10.5000 1.5000
-10.5000 10.5000 3.0000
-10.5000 10.5000 4.5000
-9.0000 -4.5000 -3.0000
-9.0000 -4.5000 -1.5000
-9.0000 -4.5000 0.0000
-9.0000 -4.5000 1.5000
-9.0000 -4.5000 3.0000
-9.0000 -3.0000 -4.5000
-9.0000 -3.0000 -3.0000
-9.0000 -3.0000 -1.5000
-9.0000 -3.0000 0.0000
-9.0000 -3.0000 1.5000
-9.0000 -3.0000 3.0000
-9.0000 -3.0000 4.5000
-9.0000 -1.5000 -4.5000
-9.0000 -1.5000 -3.0000
-9.0000 -1.5000 -1.5000
-9.0000 -1.5000 0.0000
-9.0000 -1.5000 1.5000
-9.0000 -1.5000 3.0000
-9.0000 -1.5000 4.5000
-9.0000 0.0000 -4.5000
-9.0000 0.0000 -3.0000
-9.0000 0.0000 -1.5000
-9.0000 0.0000 0.0000
-9.0000 0.0000 1.5000
-9.0000 0.0000 3.0000
-9.0000 0.0000 4.5000
-9.0000 1.5000 -4.5000
-9.0000 1.5000 -3.0000
-9.0000 1.5000 -1.5000
-9.0000 1.5000 0.0000
-9.0000 1.5000 1.5000
-9.0000 1.5000 3.0000
-9.0000 1.5000 4.5000
-9.0000 1.5000 6.0000
-9.0000 3.0000 -4.5000
-9.0000 3.0000 -3.0000
-9.0000 3.0000 -1.5000
-9.0000 3.0000 0.0000
-9.0000 3.0000 1.5000
-9.0000 3.0000 3.0000
-9.0000 3.0000 4.5000
-9.0000 3.0000 6.0000
-9.0000 3.0000 7.5000
-9.0000 4.5000 -3.0000
-9.0000 4.5000 -1.5000
-9.0000 4.5000 0.0000
-9.0000 4.5000 1.5000
-9.0000 4.5000 3.0000
-9.0000 4.5000 4.5000
-9.0000 4.5000 6.0000
-9.0000 4.5000 7.5000
-9.0000 6.0000 -3.0000
-9.0000 6.0000 -1.5000
-9.0000 6.0000 0.0000
-9.0000 6.0000 1.5000
-9.0000 6.0000 3.0000
-9.0000 6.0000 4.5000
-9.0000 6.0000 6.0000
-9.0000 6.0000 7.5000
-9.0000 6.0000 9.0000
-9.0000 7.5000 -1.5000
-9.0000 7.5000 0.0000
-9.0000 7.5000 1.5000
-9.0000 7.5000 3.0000
-9.0000 7.5000 4.5000
-9.0000 7.5000 6.0000
-9.0000 7.5000 7.5000
-9.0000 9.0000 -1.5000
-9.0000 9.0000 0.0000
-9.0000 9.0000 1.5000
-9.0000 9.0000 3.0000
-9.0000 9.0000 4.5000
-9.0000 9.0000 6.0000
-9.0000 9.0000 7.5000
-9.0000 10.5000 0.0000
-9.0000 10.5000 1.5000
-9.0000 10.5000 3.0000
-9.0000 10.5000 4.5000
-9.0000 10.5000 6.0000
-9.0000 12.0000 3.0000
-7.5000 -6.0000 -3.0000
-7.5000 -6.0000 -1.5000
-7.5000 -6.0000 0.0000
-7.5000 -6.0000 1.5000
-7.5000 -6.0000 3.0000
-7.5000 -4.5000 -4.5000
-7.5000 -4.5000 -3.0000
-7.5000 -4.5000 -1.5000
-7.5000 -4.5000 0.0000
-7.5000 -4.5000 1.5000
-7.5000 -4.5000 3.0000
-7.5000 -4.5000 4.5000
-7.5000 -3.0000 -6.0000
-7.5000 -3.0000 -4.5000
-7.5000 -3.0000 -3.0000
-7.5000 -3.0000 -1.5000
-7.5000 -3.0000 0.0000
-7.5000 -3.0000 1.5000
-7.5000 -3.0000 3.0000
-7.5000 -3.0000 4.5000
-7.5000 -3.0000 6.0000
-7.5000 -1.5000 -6.0000
-7.5000 -1.5000 -4.5000
-7.5000 -1.5000 -3.0000
-7.5000 -1.5000 -1.5000
-7.5000 -1.5000 0.0000
-7.5000 -1.5000 1.5000
-7.5000 -1.5000 3.0000
-7.5000 -1.5000 4.5000
-7.5000 -1.5000 6.0000
-7.5000 0.0000 -6.0000
-7.5000 0.0000 -4.5000
-7.5000 0.0000 -3.0000
-7.5000 0.0000 -1.5000
-7.5000 0.0000 0.0000
-7.5000 0.0000 1.5000
-7.5000 0.0000 3.0000
-7.5000 0.0000 4.5000
-7.5000 0.0000 6.0000
-7.5000 1.5000 -6.0000
-7.5000 1.5000 -4.5000
-7.5000 1.5000 -3.0000
-7.5000 1.5000 -1.5000
-7.5000 1.5000 0.0000
-7.5000 1.5000 1.5000
-7.5000 1.5000 3.0000
-7.5000 1.5000 4.5000
-7.5000 1.5000 6.0000
-7.5000 1.5000 7.5000
-7.5000 3.0000 -6.0000
-7.5000 3.0000 -4.5000
-7.5000 3.0000 -3.0000
-7.5000 3.0000 -1.5000
-7.5000 3.0000 0.0000
-7.5000 3.0000 1.5000
-7.5000 3.0000 3.0000
-7.5000 3.0000 4.5000
-7.5000 3.0000 6.0000
-7.5000 3.0000 7.5000
-7.5000 4.5000 -4.5000
-7.5000 4.5000 -3.0000
-7.5000 4.5000 -1.5000
-7.5000 4.5000 0.0000
-7.5000 4.5000 1.5000
-7.5000 4.5000 3.0000
-7.5000 4.5000 4.5000
-7.5000 4.5000 6.0000
-7.5000 4.5000 7.5000
-7.5000 4.5000 9.0000
-7.5000 6.0000 -3.0000
-7.5000 6.0000 -1.5000
-7.5000 6.0000 0.0000
-7.5000 6.0000 1.5000
-7.5000 6.0000 3.0000
-7.5000 6.0000 4.5000
-7.5000 6.0000 6.0000
-7.5000 6.0000 7.5000
-7.5000 6.0000 9.0000
-7.5000 7.5000 -3.0000
-7.5000 7.5000 -1.5000
-7.5000 7.5000 0.0000
-7.5000 7.5000 1.5000
-7.5000 7.5000 3.0000
-7.5000 7.5000 4.5000
-7.5000 7.5000 6.0000
-7.5000 7.5000 7.5000
-7.5000 7.5000 9.0000
-7.5000 9.0000 -1.5000
-7.5000 9.0000 0.0000
-7.5000 9.0000 1.5000
-7.5000 9.0000 3.0000
-7.5000 9.0000 4.5000
-7.5000 9.0000 6.0000
-7.5000 9.0000 7.5000
-7.5000 10.5000 -1.5000
-7.5000 10.5000 0.0000
-7.5000 10.5000 1.5000
-7.5000 10.5000 3.0000
-7.5000 10.5000 4.5000
-7.5000 10.5000 6.0000
-7.5000 10.5000 7.5000
-7.5000 12.0000 1.5000
-7.5000 12.0000 3.0000
-7.5000 12.0000 4.5000
-6.0000 -7.5000 -3.0000
-6.0000 -7.5000 -1.5000
-6.0000 -7.5000 0.0000
-6.0000 -7.5000 1.5000
-6.0000 -7.5000 3.0000
-6.0000 -6.0000 -6.0000
-6.0000 -6.0000 -4.5000
-6.0000 -6.0000 -3.0000
-6.0000 -6.0000 -1.5000
-6.0000 -6.0000 0.0000
-6.0000 -6.0000 1.5000
-6.0000 -6.0000 3.0000
-6.0000 -6.0000 4.5000
-6.0000 -6.0000 6.0000
-6.0000 -4.5000 -6.0000
-6.0000 -4.5000 -4.5000
-6.0000 -4.5000 -3.0000
-6.0000 -4.5000 -1.5000
-6.0000 -4.5000 0.0000
-6.0000 -4.5000 1.5000
-6.0000 -4.5000 3.0000
-6.0000 -4.5000 4.5000
-6.0000 -4.5000 6.0000
-6.0000 -3.0000 -7.5000
-6.0000 -3.0000 -6.0000
-6.0000 -3.0000 -4.5000
-6.0000 -3.0000 -3.0000
-6.0000 -3.0000 -1.5000
-6.0000 -3.0000 0.0000
-6.0000 -3.0000 1.5000
-6.0000 -3.0000 3.0000
-6.0000 -3.0000 4.5000
-6.0000 -3.0000 6.0000
-6.0000 -3.0000 7.5000
-6.0000 -1.5000 -7.5000
-6.0000 -1.5000 -6.0000
-6.0000 -1.5000 -4.5000
-6.0000 -1.5000 -3.0000
-6.0000 -1.5000 -1.5000
-6.0000 -1.5000 0.0000
-6.0000 -1.5000 1.5000
-6.0000 -1.5000 3.0000
-6.0000 -1.5000 4.5000
-6.0000 -1.5000 6.0000
-6.0000 -1.5000 7.5000
-6.0000 0.0000 -7.5000
-6.0000 0.0000 -6.0000
-6.0000 0.0000 -4.5000
-6.0000 0.0000 -3.0000
-6.0000 0.0000 -1.5000
-6.0000 0.0000 0.0000
-6.0000 0.0000 1.5000
-6.0000 0.0000 3.0000
-6.0000 0.0000 4.5000
-6.0000 0.0000 6.0000
-6.0000 0.0000 7.5000
-6.0000 1.5000 -7.5000
-6.0000 1.5000 -6.0000
-6.0000 1.5000 -4.5000
-6.0000 1.5000 -3.0000
-6.0000 1.5000 -1.5000
-6.0000 1.5000 0.0000
-6.0000 1.5000 1.5000
-6.0000 1.5000 3.0000
-6.0000 1.5000 4.5000
-6.0000 1.5000 6.0000
-6.0000 1.5000 7.5000
-6.0000 3.0000 -7.5000
-6.0000 3.0000 -6.0000
-6.0000 3.0000 -4.5000
-6.0000 3.0000 -3.0000
-6.0000 3.0000 -1.5000
-6.0000 3.0000 0.0000
-6.0000 3.0000 1.5000
-6.0000 3.0000 3.0000
-6.0000 3.0000 4.5000
-6.0000 3.0000 6.0000
-6.0000 3.0000 7.5000
-6.0000 3.0000 9.0000
-6.0000 4.5000 -6.0000
-6.0000 4.5000 -4.5000
-6.0000 4.5000 -3.0000
-6.0000 4.5000 -1.5000
-6.0000 4.5000 0.0000
-6.0000 4.5000 1.5000
-6.0000 4.5000 3.0000
-6.0000 4.5000 4.5000
-6.0000 4.5000 6.0000
-6.0000 4.5000 7.5000
-6.0000 4.5000 9.0000
-6.0000 6.0000 -6.0000
-6.0000 6.0000 -4.5000
-6.0000 6.0000 -3.0000
-6.0000 6.0000 -1.5000
-6.0000 6.0000 0.0000
-6.0000 6.0000 1.5000
-6.0000 6.0000 3.0000
-6.0000 6.0000 4.5000
-6.0000 6.0000 6.0000
-6.0000 6.0000 7.5000
-6.0000 6.0000 9.0000
-6.0000 7.5000 -3.0000
-6.0000 7.5000 -1.5000
-6.0000 7.5000 0.0000
-6.0000 7.5000 1.5000
-6.0000 7.5000 3.0000
-6.0000 7.5000 4.5000
-6.0000 7.5000 6.0000
-6.0000 7.5000 7.5000
-6.0000 7.5000 9.0000
-6.0000 9.0000 -3.0000
-6.0000 9.0000 -1.5000
-6.0000 9.0000 0.0000
-6.0000 9.0000 1.5000
-6.0000 9.0000 3.0000
-6.0000 9.0000 4.5000
-6.0000 9.0000 6.0000
-6.0000 9.0000 7.5000
-6.0000 9.0000 9.0000
-6.0000 10.5000 -1.5000
-6.0000 10.5000 0.0000
-6.0000 10.5000 1.5000
-6.0000 10.5000 3.0000
-6.0000 10.5000 4.5000
-6.0000 10.5000 6.0000
-6.0000 10.5000 7.5000
-6.0000 12.0000 0.0000
-6.0000 12.0000 1.5000
-6.0000 12.0000 3.0000
-6.0000 12.0000 4.5000
-6.0000 12.0000 6.0000
-4.5000 -9.0000 -3.0000
-4.5000 -9.0000 -1.5000
-4.5000 -9.0000 0.0000
-4.5000 -9.0000 1.5000
-4.5000 -9.0000 3.0000
-4.5000 -7.5000 -4.5000
-4.5000 -7.5000 -3.0000
-4.5000 -7.5000 -1.5000
-4.5000 -7.5000 0.0000
-4.5000 -7.5000 1.5000
-4.5000 -7.5000 3.0000
-4.5000 -7.5000 4.5000
-4.5000 -7.5000 6.0000
-4.5000 -6.0000 -6.0000
-4.5000 -6.0000 -4.5000
-4.5000 -6.0000 -3.0000
-4.5000 -6.0000 -1.5000
-4.5000 -6.0000 0.0000
-4.5000 -6.0000 1.5000
-4.5000 -6.0000 3.0000
-4.5000 -6.0000 4.5000
-4.5000 -6.0000 6.0000
-4.5000 -4.5000 -7.5000
-4.5000 -4.5000 -6.0000
-4.5000 -4.5000 -4.5000
-4.5000 -4.5000 -3.0000
-4.5000 -4.5000 -1.5000
-4.5000 -4.5000 0.0000
-4.5000 -4.5000 1.5000
-4.5000 -4.5000 3.0000
-4.5000 -4.5000 4.5000
-4.5000 -4.5000 6.0000
-4.5000 -4.5000 7.5000
-4.5000 -3.0000 -9.0000
-4.5000 -3.0000 -7.5000
-4.5000 -3.0000 -6.0000
-4.5000 -3.0000 -4.5000
-4.5000 -3.0000 -3.0000
-4.5000 -3.0000 -1.5000
-4.5000 -3.0000 0.0000
-4.5000 -3.0000 1.5000
-4.5000 -3.0000 3.0000
-4.5000 -3.0000 4.5000
-4.5000 -3.0000 6.0000
-4.5000 -3.0000 7.5000
-4.5000 -3.0000 9.0000
-4.5000 -1.5000 -9.0000
-4.5000 -1.5000 -7.5000
-4.5000 -1.5000 -6.0000
-4.5000 -1.5000 -4.5000
-4.5000 -1.5000 -3.0000
-4.5000 -1.5000 -1.5000
-4.5000 -1.5000 0.0000
-4.5000 -1.5000 1.5000
-4.5000 -1.5000 3.0000
-4.5000 -1.5000 4.5000
-4.5000 -1.5000 6.0000
-4.5000 -1.5000 7.5000
-4.5000 -1.5000 9.0000
-4.5000 0.0000 -9.0000
-4.5000 0.0000 -7.5000
-4.5000 0.0000 -6.0000
-4.5000 0.0000 -4.5000
-4.5000 0.0000 -3.0000
-4.5000 0.0000 -1.5000
-4.5000 0.0000 0.0000
-4.5000 0.0000 1.5000
-4.5000 0.0000 3.0000
-4.5000 0.0000 4.5000
-4.5000 0.0000 6.0000
-4.5000 0.0000 7.5000
-4.5000 0.0000 9.0000
-4.5000 1.5000 -9.0000
-4.5000 1.5000 -7.5000
-4.5000 1.5000 -6.0000
-4.5000 1.5000 -4.5000
-4.5000 1.5000 -3.0000
-4.5000 1.5000 -1.5000
-4.5000 1.5000 0.0000
-4.5000 1.5000 1.5000
-4.5000 1.5000 3.0000
-4.5000 1.5000 4.5000
-4.5000 1.5000 6.0000
-4.5000 1.5000 7.5000
-4.5000 1.5000 9.0000
-4.5000 3.0000 -9.0000
-4.5000 3.0000 -7.5000
-4.5000 3.0000 -6.0000
-4.5000 3.0000 -4.5000
-4.5000 3.0000 -3.0000
-4.5000 3.0000 -1.5000
-4.5000 3.0000 0.0000
-4.5000 3.0000 1.5000
-4.5000 3.0000 3.0000
-4.5000 3.0000 4.5000
-4.5000 3.0000 6.0000
-4.5000 3.0000 7.5000
-4.5000 3.0000 9.0000
-4.5000 4.5000 -7.5000
-4.5000 4.5000 -6.0000
-4.5000 4.5000 -4.5000
-4.5000 4.5000 -3.0000
-4.5000 4.5000 -1.5000
-4.5000 4.5000 0.0000
-4.5000 4.5000 1.5000
-4.5000 4.5000 3.0000
-4.5000 4.5000 4.5000
-4.5000 4.5000 6.0000
-4.5000 4.5000 7.5000
-4.5000 4.5000 9.0000
-4.5000 6.0000 -6.0000
-4.5000 6.0000 -4.5000
-4.5000 6.0000 -3.0000
-4.5000 6.0000 -1.5000
-4.5000 6.0000 0.0000
-4.5000 6.0000 1.5000
-4.5000 6.0000 3.0000
-4.5000 6.0000 4.5000
-4.5000 6.0000 6.0000
-4.5000 6.0000 7.5000
-4.5000 6.0000 9.0000
-4.5000 7.5000 -4.5000
-4.5000 7.5000 -3.0000
-4.5000 7.5000 -1.5000
-4.5000 7.5000 0.0000
-4.5000 7.5000 1.5000
-4.5000 7.5000 3.0000
-4.5000 7.5000 4.5000
-4.5000 7.5000 6.0000
-4.5000 7.5000 7.5000
-4.5000 7.5000 9.0000
-4.5000 9.0000 -3.0000
-4.5000 9.0000 -1.5000
-4.5000 9.0000 0.0000
-4.5000 9.0000 1.5000
-4.5000 9.0000 3.0000
-4.5000 9.0000 4.5000
-4.5000 9.0000 6.0000
-4.5000 9.0000 7.5000
-4.5000 10.5000 -1.5000
-4.5000 10.5000 0.0000
-4.5000 10.5000 1.5000
-4.5000 10.5000 3.0000
-4.5000 10.5000 4.5000
-4.5000 10.5000 6.0000
-4.5000 10.5000 7.5000
-4.5000 12.0000 1.5000
-4.5000 12.0000 3.0000
-4.5000 12.0000 4.5000
-3.0000 -10.5000 4.5000
-3.0000 -10.5000 6.0000
-3.0000 -10.5000 7.5000
-3.0000 -9.0000 -4.5000
-3.0000 -9.0000 -3.0000
-3.0000 -9.0000 -1.5000
-3.0000 -9.0000 0.0000
-3.0000 -9.0000 1.5000
-3.0000 -9.0000 3.0000
-3.0000 -9.0000 4.5000
-3.0000 -9.0000 6.0000
-3.0000 -9.0000 7.5000
-3.0000 -9.0000 9.0000
-3.0000 -7.5000 -6.0000
-3.0000 -7.5000 -4.5000
-3.0000 -7.5000 -3.0000
-3.0000 -7.5000 -1.5000
-3.0000 -7.5000 0.0000
-3.0000 -7.5000 1.5000
-3.0000 -7.5000 3.0000
-3.0000 -7.5000 4.5000
-3.0000 -7.5000 6.0000
-3.0000 -7.5000 7.5000
-3.0000 -7.5000 9.0000
-3.0000 -6.0000 -7.5000
-3.0000 -6.0000 -6.0000
-3.0000 -6.0000 -4.5000
-3.0000 -6.0000 -3.0000
-3.0000 -6.0000 -1.5000
-3.0000 -6.0000 0.0000
-3.0000 -6.0000 1.5000
-3.0000 -6.0000 3.0000
-3.0000 -6.0000 4.5000
-3.0000 -6.0000 6.0000
-3.0000 -6.0000 7.5000
-3.0000 -6.0000 9.0000
-3.0000 -4.5000 -9.0000
-3.0000 -4.5000 -7.5000
-3.0000 -4.5000 -6.0000
-3.0000 -4.5000 -4.5000
-3.0000 -4.5000 -3.0000
-3.0000 -4.5000 -1.5000
-3.0000 -4.5000 0.0000
-3.0000 -4.5000 1.5000
-3.0000 -4.5000 3.0000
-3.0000 -4.5000 4.5000
-3.0000 -4.5000 6.0000
-3.0000 -4.5000 7.5000
-3.0000 -4.5000 9.0000
-3.0000 -3.0000 -9.0000
-3.0000 -3.0000 -7.5000
-3.0000 -3.0000 -6.0000
-3.0000 -3.0000 -4.5000
-3.0000 -3.0000 -3.0000
-3.0000 -3.0000 -1.5000
-3.0000 -3.0000 0.0000
-3.0000 -3.0000 1.5000
-3.0000 -3.0000 3.0000
-3.0000 -3.0000 4.5000
-3.0000 -3.0000 6.0000
-3.0000 -3.0000 7.5000
-3.0000 -3.0000 9.0000
-3.0000 -1.5000 -9.0000
-3.0000 -1.5000 -7.5000
-3.0000 -1.5000 -6.0000
-3.0000 -1.5000 -4.5000
-3.0000 -1.5000 -3.0000
-3.0000 -1.5000 -1.5000
-3.0000 -1.5000 0.0000
-3.0000 -1.5000 1.5000
-3.0000 -1.5000 3.0000
-3.0000 -1.5000 4.5000
-3.0000 -1.5000 6.0000
-3.0000 -1.5000 7.5000
-3.0000 -1.5000 9.0000
-3.0000 0.0000 -9.0000
-3.0000 0.0000 -7.5000
-3.0000 0.0000 -6.0000
-3.0000 0.0000 -4.5000
-3.0000 0.0000 -3.0000
-3.0000 0.0000 -1.5000
-3.0000 0.0000 0.0000
-3.0000 0.0000 1.5000
-3.0000 0.0000 3.0000
-3.0000 0.0000 4.5000
-3.0000 0.0000 6.0000
-3.0000 0.0000 7.5000
-3.0000 0.0000 9.0000
-3.0000 1.5000 -9.0000
-3.0000 1.5000 -7.5000
-3.0000 1.5000 -6.0000
-3.0000 1.5000 -4.5000
-3.0000 1.5000 -3.0000
-3.0000 1.5000 -1.5000
-3.0000 1.5000 0.0000
-3.0000 1.5000 1.5000
-3.0000 1.5000 3.0000
-3.0000 1.5000 4.5000
-3.0000 1.5000 6.0000
-3.0000 1.5000 7.5000
-3.0000 1.5000 9.0000
-3.0000 3.0000 -9.0000
-3.0000 3.0000 -7.5000
-3.0000 3.0000 -6.0000
-3.0000 3.0000 -4.5000
-3.0000 3.0000 -3.0000
-3.0000 3.0000 -1.5000
-3.0000 3.0000 0.0000
-3.0000 3.0000 1.5000
-3.0000 3.0000 3.0000
-3.0000 3.0000 4.5000
-3.0000 3.0000 6.0000
-3.0000 3.0000 7.5000
-3.0000 3.0000 9.0000
-3.0000 4.5000 -9.0000
-3.0000 4.5000 -7.5000
-3.0000 4.5000 -6.0000
-3.0000 4.5000 -4.5000
-3.0000 4.5000 -3.0000
-3.0000 4.5000 -1.5000
-3.0000 4.5000 0.0000
-3.0000 4.5000 1.5000
-3.0000 4.5000 3.0000
-3.0000 4.5000 4.5000
-3.0000 4.5000 6.0000
-3.0000 4.5000 7.5000
-3.0000 4.5000 9.0000
-3.0000 6.0000 -7.5000
-3.0000 6.0000 -6.0000
-3.0000 6.0000 -4.5000
-3.0000 6.0000 -3.0000
-3.0000 6.0000 -1.5000
-3.0000 6.0000 0.0000
-3.0000 6.0000 1.5000
-3.0000 6.0000 3.0000
-3.0000 6.0000 4.5000
-3.0000 6.0000 6.0000
-3.0000 6.0000 7.5000
-3.0000 6.0000 9.0000
-3.0000 7.5000 -6.0000
-3.0000 7.5000 -4.5000
-3.0000 7.5000 -3.0000
-3.0000 7.5000 -1.5000
-3.0000 7.5000 0.0000
-3.0000 7.5000 1.5000
-3.0000 7.5000 3.0000
-3.0000 7.5000 4.5000
-3.0000 7.5000 6.0000
-3.0000 7.5000 7.5000
-3.0000 9.0000 -4.5000
-3.0000 9.0000 -3.0000
-3.0000 9.0000 -1.5000
-3.0000 9.0000 0.0000
-3.0000 9.0000 1.5000
-3.0000 9.0000 3.0000
-3.0000 9.0000 4.5000
-3.0000 9.0000 6.0000
-3.0000 9.0000 7.5000
-3.0000 10.5000 0.0000
-3.0000 10.5000 1.5000
-3.0000 10.5000 3.0000
-3.0000 10.5000 4.5000
-3.0000 10.5000 6.0000
-3.0000 12.0000 3.0000
-1.5000 -12.0000 4.5000
-1.5000 -12.0000 6.0000
-1.5000 -12.0000 7.5000
-1.5000 -10.5000 3.0000
-1.5000 -10.5000 4.5000
-1.5000 -10.5000 6.0000
-1.5000 -10.5000 7.5000
-1.5000 -10.5000 9.0000
-1.5000 -9.0000 -4.5000
-1.5000 -9.0000 -3.0000
-1.5000 -9.0000 -1.5000
-1.5000 -9.0000 0.0000
-1.5000 -9.0000 1.5000
-1.5000 -9.0000 3.0000
-1.5000 -9.0000 4.5000
-1.5000 -9.0000 6.0000
-1.5000 -9.0000 7.5000
-1.5000 -9.0000 9.0000
-1.5000 -9.0000 10.5000
-1.5000 -7.5000 -6.0000
-1.5000 -7.5000 -4.5000
-1.5000 -7.5000 -3.0000
-1.5000 -7.5000 -1.5000
-1.5000 -7.5000 0.0000
-1.5000 -7.5000 1.5000
-1.5000 -7.5000 3.0000
-1.5000 -7.5000 4.5000
-1.5000 -7.5000 6.0000
-1.5000 -7.5000 7.5000
-1.5000 -7.5000 9.0000
-1.5000 -7.5000 10.5000
-1.5000 -6.0000 -7.5000
-1.5000 -6.0000 -6.0000
-1.5000 -6.0000 -4.5000
-1.5000 -6.0000 -3.0000
-1.5000 -6.0000 -1.5000
-1.5000 -6.0000 0.0000
-1.5000 -6.0000 1.5000
-1.5000 -6.0000 3.0000
-1.5000 -6.0000 4.5000
-1.5000 -6.0000 6.0000
-1.5000 -6.0000 7.5000
-1.5000 -6.0000 9.0000
-1.5000 -6.0000 10.5000
-1.5000 -4.5000 -9.0000
-1.5000 -4.5000 -7.5000
-1.5000 -4.5000 -6.0000
-1.5000 -4.5000 -4.5000
-1.5000 -4.5000 -3.0000
-1.5000 -4.5000 -1.5000
-1.5000 -4.5000 0.0000
-1.5000 -4.5000 1.5000
-1.5000 -4.5000 3.0000
-1.5000 -4.5000 4.5000
-1.5000 -4.5000 6.0000
-1.5000 -4.5000 7.5000
-1.5000 -4.5000 9.0000
-1.5000 -3.0000 -9.0000
-1.5000 -3.0000 -7.5000
-1.5000 -3.0000 -6.0000
-1.5000 -3.0000 -4.5000
-1.5000 -3.0000 -3.0000
-1.5000 -3.0000 -1.5000
-1.5000 -3.0000 0.0000
-1.5000 -3.0000 1.5000
-1.5000 -3.0000 3.0000
-1.5000 -3.0000 4.5000
-1.5000 -3.0000 6.0000
-1.5000 -3.0000 7.5000
-1.5000 -3.0000 9.0000
-1.5000 -1.5000 -9.0000
-1.5000 -1.5000 -7.5000
-1.5000 -1.5000 -6.0000
-1.5000 -1.5000 -4.5000
-1.5000 -1.5000 -3.0000
-1.5000 -1.5000 -1.5000
-1.5000 -1.5000 0.0000
-1.5000 -1.5000 1.5000
-1.5000 -1.5000 3.0000
-1.5000 -1.5000 4.5000
-1.5000 -1.5000 6.0000
-1.5000 -1.5000 7.5000
-1.5000 -1.5000 9.0000
-1.5000 0.0000 -9.0000
-1.5000 0.0000 -7.5000
-1.5000 0.0000 -6.0000
-1.5000 0.0000 -4.5000
-1.5000 0.0000 -3.0000
-1.5000 0.0000 -1.5000
-1.5000 0.0000 0.0000
-1.5000 0.0000 1.5000
-1.5000 0.0000 3.0000
-1.5000 0.0000 4.5000
-1.5000 0.0000 6.0000
-1.5000 0.0000 7.5000
-1.5000 0.0000 9.0000
-1.5000 1.5000 -9.0000
-1.5000 1.5000 -7.5000
-1.5000 1.5000 -6.0000
-1.5000 1.5000 -4.5000
-1.5000 1.5000 -3.0000
-1.5000 1.5000 -1.5000
-1.5000 1.5000 0.0000
-1.5000 1.5000 1.5000
-1.5000 1.5000 3.0000
-1.5000 1.5000 4.5000
-1.5000 1.5000 6.0000
-1.5000 1.5000 7.5000
-1.5000 1.5000 9.0000
-1.5000 3.0000 -9.0000
-1.5000 3.0000 -7.5000
-1.5000 3.0000 -6.0000
-1.5000 3.0000 -4.5000
-1.5000 3.0000 -3.0000
-1.5000 3.0000 -1.5000
-1.5000 3.0000 0.0000
-1.5000 3.0000 1.5000
-1.5000 3.0000 3.0000
-1.5000 3.0000 4.5000
-1.5000 3.0000 6.0000
-1.5000 3.0000 7.5000
-1.5000 3.0000 9.0000
-1.5000 4.5000 -9.0000
-1.5000 4.5000 -7.5000
-1.5000 4.5000 -6.0000
-1.5000 4.5000 -4.5000
-1.5000 4.5000 -3.0000
-1.5000 4.5000 -1.5000
-1.5000 4.5000 0.0000
-1.5000 4.5000 1.5000
-1.5000 4.5000 3.0000
-1.5000 4.5000 4.5000
-1.5000 4.5000 6.0000
-1.5000 4.5000 7.5000
-1.5000 4.5000 9.0000
-1.5000 6.0000 -7.5000
-1.5000 6.0000 -6.0000
-1.5000 6.0000 -4.5000
-1.5000 6.0000 -3.0000
-1.5000 6.0000 -1.5000
-1.5000 6.0000 0.0000
-1.5000 6.0000 1.5000
-1.5000 6.0000 3.0000
-1.5000 6.0000 4.5000
-1.5000 6.0000 6.0000
-1.5000 6.0000 7.5000
-1.5000 7.5000 -6.0000
-1.5000 7.5000 -4.5000
-1.5000 7.5000 -3.0000
-1.5000 7.5000 -1.5000
-1.5000 7.5000 0.0000
-1.5000 7.5000 1.5000
-1.5000 7.5000 3.0000
-1.5000 7.5000 4.5000
-1.5000 7.5000 6.0000
-1.5000 7.5000 7.5000
-1.5000 9.0000 -4.5000
-1.5000 9.0000 -3.0000
-1.5000 9.0000 -1.5000
-1.5000 9.0000 0.0000
-1.5000 9.0000 1.5000
-1.5000 9.0000 3.0000
-1.5000 9.0000 4.5000
-1.5000 9.0000 6.0000
-1.5000 10.5000 1.5000
-1.5000 10.5000 3.0000
-1.5000 10.5000 4.5000
0.0000 -12.0000 3.0000
0.0000 -12.0000 4.5000
0.0000 -12.0000 6.0000
0.0000 -12.0000 7.5000
0.0000 -12.0000 9.0000
0.0000 -10.5000 0.0000
0.0000 -10.5000 1.5000
0.0000 -10.5000 3.0000
0.0000 -10.5000 4.5000
0.0000 -10.5000 6.0000
0.0000 -10.5000 7.5000
0.0000 -10.5000 9.0000
0.0000 -10.5000 10.5000
0.0000 -9.0000 -4.5000
0.0000 -9.0000 -3.0000
0.0000 -9.0000 -1.5000
0.0000 -9.0000 0.0000
0.0000 -9.0000 1.5000
0.0000 -9.0000 3.0000
0.0000 -9.0000 4.5000
0.0000 -9.0000 6.0000
0.0000 -9.0000 7.5000
0.0000 -9.0000 9.0000
0.0000 -9.0000 10.5000
0.0000 -7.5000 -6.0000
0.0000 -7.5000 -4.5000
0.0000 -7.5000 -3.0000
0.0000 -7.5000 -1.5000
0.0000 -7.5000 0.0000
0.0000 -7.5000 1.5000
0.0000 -7.5000 3.0000
0.0000 -7.5000 4.5000
0.0000 -7.5000 6.0000
0.0000 -7.5000 7.5000
0.0000 -7.5000 9.0000
0.0000 -7.5000 10.5000
0.0000 -6.0000 -7.5000
0.0000 -6.0000 -6.0000
0.0000 -6.0000 -4.5000
0.0000 -6.0000 -3.0000
0.0000 -6.0000 -1.5000
0.0000 -6.0000 0.0000
0.0000 -6.0000 1.5000
0.0000 -6.0000 3.0000
0.0000 -6.0000 4.5000
0.0000 -6.0000 6.0000
0.0000 -6.0000 7.5000
0.0000 -6.0000 9.0000
0.0000 -6.0000 10.5000
0.0000 -4.5000 -9.0000
0.0000 -4.5000 -7.5000
0.0000 -4.5000 -6.0000
0.0000 -4.5000 -4.5000
0.0000 -4.5000 -3.0000
0.0000 -4.5000 -1.5000
0.0000 -4.5000 0.0000
0.0000 -4.5000 1.5000
0.0000 -4.5000 3.0000
0.0000 -4.5000 4.5000
0.0000 -4.5000 6.0000
0.0000 -4.5000 7.5000
0.0000 -4.5000 9.0000
0.0000 -4.5000 10.5000
0.0000 -3.0000 -9.0000
0.0000 -3.0000 -7.5000
0.0000 -3.0000 -6.0000
0.0000 -3.0000 -4.5000
0.0000 -3.0000 -3.0000
0.0000 -3.0000 -1.5000
0.0000 -3.0000 0.0000
0.0000 -3.0000 1.5000
0.0000 -3.0000 3.0000
0.0000 -3.0000 4.5000
0.0000 -3.0000 6.0000
0.0000 -3.0000 7.5000
0.0000 -3.0000 9.0000
0.0000 -1.5000 -9.0000
0.0000 -1.5000 -7.5000
0.0000 -1.5000 -6.0000
0.0000 -1.5000 -4.5000
0.0000 -1.5000 -3.0000
0.0000 -1.5000 -1.5000
0.0000 -1.5000 0.0000
0.0000 -1.5000 1.5000
0.0000 -1.5000 3.0000
0.0000 -1.5000 4.5000
0.0000 -1.5000 6.0000
0.0000 -1.5000 7.5000
0.0000 -1.5000 9.0000
0.0000 0.0000 -10.5000
0.0000 0.0000 -9.0000
0.0000 0.0000 -7.5000
0.0000 0.0000 -6.0000
0.0000 0.0000 -4.5000
0.0000 0.0000 -3.0000
0.0000 0.0000 -1.5000
0.0000 0.0000 0.0000
0.0000 0.0000 1.5000
0.0000 0.0000 3.0000
0.0000 0.0000 4.5000
0.0000 0.0000 6.0000
0.0000 0.0000 7.5000
0.0000 0.0000 9.0000
0.0000 0.0000 10.5000
0.0000 1.5000 -9.0000
0.0000 1.5000 -7.5000
0.0000 1.5000 -6.0000
0.0000 1.5000 -4.5000
0.0000 1.5000 -3.0000
0.0000 1.5000 -1.5000
0.0000 1.5000 0.0000
0.0000 1.5000 1.5000
0.0000 1.5000 3.0000
0.0000 1.5000 4.5000
0.0000 1.5000 6.0000
0.0000 1.5000 7.5000
0.0000 1.5000 9.0000
0.0000 3.0000 -9.0000
0.0000 3.0000 -7.5000
0.0000 3.0000 -6.0000
0.0000 3.0000 -4.5000
0.0000 3.0000 -3.0000
0.0000 3.0000 -1.5000
0.0000 3.0000 0.0000
0.0000 3.0000 1.5000
0.0000 3.0000 3.0000
0.0000 3.0000 4.5000
0.0000 3.0000 6.0000
0.0000 3.0000 7.5000
0.0000 3.0000 9.0000
0.0000 4.5000 -9.0000
0.0000 4.5000 -7.5000
0.0000 4.5000 -6.0000
0.0000 4.5000 -4.5000
0.0000 4.5000 -3.0000
0.0000 4.5000 -1.5000
0.0000 4.5000 0.0000
0.0000 4.5000 1.5000
0.0000 4.5000 3.0000
0.0000 4.5000 4.5000
0.0000 4.5000 6.0000
0.0000 4.5000 7.5000
0.0000 4.5000 9.0000
0.0000 6.0000 -7.5000
0.0000 6.0000 -6.0000
0.0000 6.0000 -4.5000
0.0000 6.0000 -3.0000
0.0000 6.0000 -1.5000
0.0000 6.0000 0.0000
0.0000 6.0000 1.5000
0.0000 6.0000 3.0000
0.0000 6.0000 4.5000
0.0000 6.0000 6.0000
0.0000 6.0000 7.5000
0.0000 7.5000 -6.0000
0.0000 7.5000 -4.5000
0.0000 7.5000 -3.0000
0.0000 7.5000 -1.5000
0.0000 7.5000 0.0000
0.0000 7.5000 1.5000
0.0000 7.5000 3.0000
0.0000 7.5000 4.5000
0.0000 7.5000 6.0000
0.0000 9.0000 -4.5000
0.0000 9.0000 -3.0000
0.0000 9.0000 -1.5000
0.0000 9.0000 0.0000
0.0000 9.0000 1.5000
0.0000 9.0000 3.0000
0.0000 9.0000 4.5000
0.0000 10.5000 0.0000
1.5000 -13.5000 6.0000
1.5000 -12.0000 3.0000
1.5000 -12.0000 4.5000
1.5000 -12.0000 6.0000
1.5000 -12.0000 7.5000
1.5000 -12.0000 9.0000
1.5000 -10.5000 1.5000
1.5000 -10.5000 3.0000
1.5000 -10.5000 4.5000
1.5000 -10.5000 6.0000
1.5000 -10.5000 7.5000
1.5000 -10.5000 9.0000
1.5000 -10.5000 10.5000
1.5000 -9.0000 -4.5000
1.5000 -9.0000 -3.0000
1.5000 -9.0000 -1.5000
1.5000 -9.0000 0.0000
1.5000 -9.0000 1.5000
1.5000 -9.0000 3.0000
1.5000 -9.0000 4.5000
1.5000 -9.0000 6.0000
1.5000 -9.0000 7.5000
1.5000 -9.0000 9.0000
1.5000 -9.0000 10.5000
1.5000 -7.5000 -6.0000
1.5000 -7.5000 -4.5000
1.5000 -7.5000 -3.0000
1.5000 -7.5000 -1.5000
1.5000 -7.5000 0.0000
1.5000 -7.5000 1.5000
1.5000 -7.5000 3.0000
1.5000 -7.5000 4.5000
1.5000 -7.5000 6.0000
1.5000 -7.5000 7.5000
1.5000 -7.5000 9.0000
1.5000 -7.5000 10.5000
1.5000 -7.5000 12.0000
1.5000 -6.0000 -7.5000
1.5000 -6.0000 -6.0000
1.5000 -6.0000 -4.5000
1.5000 -6.0000 -3.0000
1.5000 -6.0000 -1.5000
1.5000 -6.0000 0.0000
1.5000 -6.0000 1.5000
1.5000 -6.0000 3.0000
1.5000 -6.0000 4.5000
1.5000 -6.0000 6.0000
1.5000 -6.0000 7.5000
1.5000 -6.0000 9.0000
1.5000 -6.0000 10.5000
1.5000 -4.5000 -9.0000
1.5000 -4.5000 -7.5000
1.5000 -4.5000 -6.0000
1.5000 -4.5000 -4.5000
1.5000 -4.5000 -3.0000
1.5000 -4.5000 -1.5000
1.5000 -4.5000 0.0000
1.5000 -4.5000 1.5000
1.5000 -4.5000 3.0000
1.5000 -4.5000 4.5000
1.5000 -4.5000 6.0000
1.5000 -4.5000 7.5000
1.5000 -4.5000 9.0000
1.5000 -4.5000 10.5000
1.5000 -3.0000 -9.0000
1.5000 -3.0000 -7.5000
1.5000 -3.0000 -6.0000
1.5000 -3.0000 -4.5000
1.5000 -3.0000 -3.0000
1.5000 -3.0000 -1.5000
1.5000 -3.0000 0.0000
1.5000 -3.0000 1.5000
1.5000 -3.0000 3.0000
1.5000 -3.0000 4.5000
1.5000 -3.0000 6.0000
1.5000 -3.0000 7.5000
1.5000 -3.0000 9.0000
1.5000 -1.5000 -9.0000
1.5000 -1.5000 -7.5000
1.5000 -1.5000 -6.0000
1.5000 -1.5000 -4.5000
1.5000 -1.5000 -3.0000
1.5000 -1.5000 -1.5000
1.5000 -1.5000 0.0000
1.5000 -1.5000 1.5000
1.5000 -1.5000 3.0000
1.5000 -1.5000 4.5000
1.5000 -1.5000 6.0000
1.5000 -1.5000 7.5000
1.5000 -1.5000 9.0000
1.5000 0.0000 -9.0000
1.5000 0.0000 -7.5000
1.5000 0.0000 -6.0000
1.5000 0.0000 -4.5000
1.5000 0.0000 -3.0000
1.5000 0.0000 -1.5000
1.5000 0.0000 0.0000
1.5000 0.0000 1.5000
1.5000 0.0000 3.0000
1.5000 0.0000 4.5000
1.5000 0.0000 6.0000
1.5000 0.0000 7.5000
1.5000 0.0000 9.0000
1.5000 1.5000 -9.0000
1.5000 1.5000 -7.5000
1.5000 1.5000 -6.0000
1.5000 1.5000 -4.5000
1.5000 1.5000 -3.0000
1.5000 1.5000 -1.5000
1.5000 1.5000 0.0000
1.5000 1.5000 1.5000
1.5000 1.5000 3.0000
1.5000 1.5000 4.5000
1.5000 1.5000 6.0000
1.5000 1.5000 7.5000
1.5000 1.5000 9.0000
1.5000 3.0000 -9.0000
1.5000 3.0000 -7.5000
1.5000 3.0000 -6.0000
1.5000 3.0000 -4.5000
1.5000 3.0000 -3.0000
1.5000 3.0000 -1.5000
1.5000 3.0000 0.0000
1.5000 3.0000 1.5000
1.5000 3.0000 3.0000
1.5000 3.0000 4.5000
1.5000 3.0000 6.0000
1.5000 3.0000 7.5000
1.5000 3.0000 9.0000
1.5000 4.5000 -9.0000
1.5000 4.5000 -7.5000
1.5000 4.5000 -6.0000
1.5000 4.5000 -4.5000
1.5000 4.5000 -3.0000
1.5000 4.5000 -1.5000
1.5000 4.5000 0.0000
1.5000 4.5000 1.5000
1.5000 4.5000 3.0000
1.5000 4.5000 4.5000
1.5000 4.5000 6.0000
1.5000 4.5000 7.5000
1.5000 4.5000 9.0000
1.5000 6.0000 -7.5000
1.5000 6.0000 -6.0000
1.5000 6.0000 -4.5000
1.5000 6.0000 -3.0000
1.5000 6.0000 -1.5000
1.5000 6.0000 0.0000
1.5000 6.0000 1.5000
1.5000 6.0000 3.0000
1.5000 6.0000 4.5000
1.5000 6.0000 6.0000
1.5000 6.0000 7.5000
1.5000 7.5000 -6.0000
1.5000 7.5000 -4.5000
1.5000 7.5000 -3.0000
1.5000 7.5000 -1.5000
1.5000 7.5000 0.0000
1.5000 7.5000 1.5000
1.5000 7.5000 3.0000
1.5000 7.5000 4.5000
1.5000 7.5000 6.0000
1.5000 9.0000 -4.5000
1.5000 9.0000 -3.0000
1.5000 9.0000 -1.5000
1.5000 9.0000 0.0000
1.5000 9.0000 1.5000
1.5000 9.0000 3.0000
1.5000 9.0000 4.5000
3.0000 -12.0000 3.0000
3.0000 -12.0000 4.5000
3.0000 -12.0000 6.0000
3.0000 -12.0000 7.5000
3.0000 -12.0000 9.0000
3.0000 -10.5000 1.5000
3.0000 -10.5000 3.0000
3.0000 -10.5000 4.5000
3.0000 -10.5000 6.0000
3.0000 -10.5000 7.5000
3.0000 -10.5000 9.0000
3.0000 -10.5000 10.5000
3.0000 -9.0000 -4.5000
3.0000 -9.0000 -3.0000
3.0000 -9.0000 -1.5000
3.0000 -9.0000 0.0000
3.0000 -9.0000 1.5000
3.0000 -9.0000 3.0000
3.0000 -9.0000 4.5000
3.0000 -9.0000 6.0000
3.0000 -9.0000 7.5000
3.0000 -9.0000 9.0000
3.0000 -9.0000 10.5000
3.0000 -7.5000 -6.0000
3.0000 -7.5000 -4.5000
3.0000 -7.5000 -3.0000
3.0000 -7.5000 -1.5000
3.0000 -7.5000 0.0000
3.0000 -7.5000 1.5000
3.0000 -7.5000 3.0000
3.0000 -7.5000 4.5000
3.0000 -7.5000 6.0000
3.0000 -7.5000 7.5000
3.0000 -7.5000 9.0000
3.0000 -7.5000 10.5000
3.0000 -6.0000 -7.5000
3.0000 -6.0000 -6.0000
3.0000 -6.0000 -4.5000
3.0000 -6.0000 -3.0000
3.0000 -6.0000 -1.5000
3.0000 -6.0000 0.0000
3.0000 -6.0000 1.5000
3.0000 -6.0000 3.0000
3.0000 -6.0000 4.5000
3.0000 -6.0000 6.0000
3.0000 -6.0000 7.5000
3.0000 -6.0000 9.0000
3.0000 -6.0000 10.5000
3.0000 -4.5000 -9.0000
3.0000 -4.5000 -7.5000
3.0000 -4.5000 -6.0000
3.0000 -4.5000 -4.5000
3.0000 -4.5000 -3.0000
3.0000 -4.5000 -1.5000
3.0000 -4.5000 0.0000
3.0000 -4.5000 1.5000
3.0000 -4.5000 3.0000
3.0000 -4.5000 4.5000
3.0000 -4.5000 6.0000
3.0000 -4.5000 7.5000
3.0000 -4.5000 9.0000
3.0000 -4.5000 10.5000
3.0000 -3.0000 -9.0000
3.0000 -3.0000 -7.5000
3.0000 -3.0000 -6.0000
3.0000 -3.0000 -4.5000
3.0000 -3.0000 -3.0000
3.0000 -3.0000 -1.5000
3.0000 -3.0000 0.0000
3.0000 -3.0000 1.5000
3.0000 -3.0000 3.0000
3.0000 -3.0000 4.5000
3.0000 -3.0000 6.0000
3.0000 -3.0000 7.5000
3.0000 -3.0000 9.0000
3.0000 -1.5000 -9.0000
3.0000 -1.5000 -7.5000
3.0000 -1.5000 -6.0000
3.0000 -1.5000 -4.5000
3.0000 -1.5000 -3.0000
3.0000 -1.5000 -1.5000
3.0000 -1.5000 0.0000
3.0000 -1.5000 1.5000
3.0000 -1.5000 3.0000
3.0000 -1.5000 4.5000
3.0000 -1.5000 6.0000
3.0000 -1.5000 7.5000
3.0000 -1.5000 9.0000
3.0000 0.0000 -9.0000
3.0000 0.0000 -7.5000
3.0000 0.0000 -6.0000
3.0000 0.0000 -4.5000
3.0000 0.0000 -3.0000
3.0000 0.0000 -1.5000
3.0000 0.0000 0.0000
3.0000 0.0000 1.5000
3.0000 0.0000 3.0000
3.0000 0.0000 4.5000
3.0000 0.0000 6.0000
3.0000 0.0000 7.5000
3.0000 0.0000 9.0000
3.0000 1.5000 -9.0000
3.0000 1.5000 -7.5000
3.0000 1.5000 -6.0000
3.0000 1.5000 -4.5000
3.0000 1.5000 -3.0000
3.0000 1.5000 -1.5000
3.0000 1.5000 0.0000
3.0000 1.5000 1.5000
3.0000 1.5000 3.0000
3.0000 1.5000 4.5000
3.0000 1.5000 6.0000
3.0000 1.5000 7.5000
3.0000 1.5000 9.0000
3.0000 3.0000 -9.0000
3.0000 3.0000 -7.5000
3.0000 3.0000 -6.0000
3.0000 3.0000 -4.5000
3.0000 3.0000 -3.0000
3.0000 3.0000 -1.5000
3.0000 3.0000 0.0000
3.0000 3.0000 1.5000
3.0000 3.0000 3.0000
3.0000 3.0000 4.5000
3.0000 3.0000 6.0000
3.0000 3.0000 7.5000
3.0000 3.0000 9.0000
3.0000 4.5000 -9.0000
3.0000 4.5000 -7.5000
3.0000 4.5000 -6.0000
3.0000 4.5000 -4.5000
3.0000 4.5000 -3.0000
3.0000 4.5000 -1.5000
3.0000 4.5000 0.0000
3.0000 4.5000 1.5000
3.0000 4.5000 3.0000
3.0000 4.5000 4.5000
3.0000 4.5000 6.0000
3.0000 4.5000 7.5000
3.0000 4.5000 9.0000
3.0000 6.0000 -7.5000
3.0000 6.0000 -6.0000
3.0000 6.0000 -4.5000
3.0000 6.0000 -3.0000
3.0000 6.0000 -1.5000
3.0000 6.0000 0.0000
3.0000 6.0000 1.5000
3.0000 6.0000 3.0000
3.0000 6.0000 4.5000
3.0000 6.0000 6.0000
3.0000 6.0000 7.5000
3.0000 7.5000 -6.0000
3.0000 7.5000 -4.5000
3.0000 7.5000 -3.0000
3.0000 7.5000 -1.5000
3.0000 7.5000 0.0000
3.0000 7.5000 1.5000
3.0000 7.5000 3.0000
3.0000 7.5000 4.5000
3.0000 7.5000 6.0000
3.0000 9.0000 -4.5000
3.0000 9.0000 -3.0000
3.0000 9.0000 -1.5000
3.0000 9.0000 0.0000
3.0000 9.0000 1.5000
3.0000 9.0000 3.0000
3.0000 9.0000 4.5000
4.5000 -12.0000 4.5000
4.5000 -12.0000 6.0000
4.5000 -12.0000 7.5000
4.5000 -10.5000 3.0000
4.5000 -10.5000 4.5000
4.5000 -10.5000 6.0000
4.5000 -10.5000 7.5000
4.5000 -10.5000 9.0000
4.5000 -9.0000 -3.0000
4.5000 -9.0000 -1.5000
4.5000 -9.0000 0.0000
4.5000 -9.0000 1.5000
4.5000 -9.0000 3.0000
4.5000 -9.0000 4.5000
4.5000 -9.0000 6.0000
4.5000 -9.0000 7.5000
4.5000 -9.0000 9.0000
4.5000 -9.0000 10.5000
4.5000 -7.5000 -4.5000
4.5000 -7.5000 -3.0000
4.5000 -7.5000 -1.5000
4.5000 -7.5000 0.0000
4.5000 -7.5000 1.5000
4.5000 -7.5000 3.0000
4.5000 -7.5000 4.5000
4.5000 -7.5000 6.0000
4.5000 -7.5000 7.5000
4.5000 -7.5000 9.0000
4.5000 -7.5000 10.5000
4.5000 -6.0000 -6.0000
4.5000 -6.0000 -4.5000
4.5000 -6.0000 -3.0000
4.5000 -6.0000 -1.5000
4.5000 -6.0000 0.0000
4.5000 -6.0000 1.5000
4.5000 -6.0000 3.0000
4.5000 -6.0000 4.5000
4.5000 -6.0000 6.0000
4.5000 -6.0000 7.5000
4.5000 -6.0000 9.0000
4.5000 -6.0000 10.5000
4.5000 -4.5000 -7.5000
4.5000 -4.5000 -6.0000
4.5000 -4.5000 -4.5000
4.5000 -4.5000 -3.0000
4.5000 -4.5000 -1.5000
4.5000 -4.5000 0.0000
4.5000 -4.5000 1.5000
4.5000 -4.5000 3.0000
4.5000 -4.5000 4.5000
4.5000 -4.5000 6.0000
4.5000 -4.5000 7.5000
4.5000 -4.5000 9.0000
4.5000 -3.0000 -9.0000
4.5000 -3.0000 -7.5000
4.5000 -3.0000 -6.0000
4.5000 -3.0000 -4.5000
4.5000 -3.0000 -3.0000
4.5000 -3.0000 -1.5000
4.5000 -3.0000 0.0000
4.5000 -3.0000 1.5000
4.5000 -3.0000 3.0000
4.5000 -3.0000 4.5000
4.5000 -3.0000 6.0000
4.5000 -3.0000 7.5000
4.5000 -3.0000 9.0000
4.5000 -1.5000 -9.0000
4.5000 -1.5000 -7.5000
4.5000 -1.5000 -6.0000
4.5000 -1.5000 -4.5000
4.5000 -1.5000 -3.0000
4.5000 -1.5000 -1.5000
4.5000 -1.5000 0.0000
4.5000 -1.5000 1.5000
4.5000 -1.5000 3.0000
4.5000 -1.5000 4.5000
4.5000 -1.5000 6.0000
4.5000 -1.5000 7.5000
4.5000 -1.5000 9.0000
4.5000 0.0000 -9.0000
4.5000 0.0000 -7.5000
4.5000 0.0000 -6.0000
4.5000 0.0000 -4.5000
4.5000 0.0000 -3.0000
4.5000 0.0000 -1.5000
4.5000 0.0000 0.0000
4.5000 0.0000 1.5000
4.5000 0.0000 3.0000
4.5000 0.0000 4.5000
4.5000 0.0000 6.0000
4.5000 0.0000 7.5000
4.5000 0.0000 9.0000
4.5000 1.5000 -9.0000
4.5000 1.5000 -7.5000
4.5000 1.5000 -6.0000
4.5000 1.5000 -4.5000
4.5000 1.5000 -3.0000
4.5000 1.5000 -1.5000
4.5000 1.5000 0.0000
4.5000 1.5000 1.5000
4.5000 1.5000 3.0000
4.5000 1.5000 4.5000
4.5000 1.5000 6.0000
4.5000 1.5000 7.5000
4.5000 1.5000 9.0000
4.5000 3.0000 -9.0000
4.5000 3.0000 -7.5000
4.5000 3.0000 -6.0000
4.5000 3.0000 -4.5000
4.5000 3.0000 -3.0000
4.5000 3.0000 -1.5000
4.5000 3.0000 0.0000
4.5000 3.0000 1.5000
4.5000 3.0000 3.0000
4.5000 3.0000 4.5000
4.5000 3.0000 6.0000
4.5000 3.0000 7.5000
4.5000 3.0000 9.0000
4.5000 4.5000 -7.5000
4.5000 4.5000 -6.0000
4.5000 4.5000 -4.5000
4.5000 4.5000 -3.0000
4.5000 4.5000 -1.5000
4.5000 4.5000 0.0000
4.5000 4.5000 1.5000
4.5000 4.5000 3.0000
4.5000 4.5000 4.5000
4.5000 4.5000 6.0000
4.5000 4.5000 7.5000
4.5000 6.0000 -7.5000
4.5000 6.0000 -6.0000
4.5000 6.0000 -4.5000
4.5000 6.0000 -3.0000
4.5000 6.0000 -1.5000
4.5000 6.0000 0.0000
4.5000 6.0000 1.5000
4.5000 6.0000 3.0000
4.5000 6.0000 4.5000
4.5000 6.0000 6.0000
4.5000 7.5000 -6.0000
4.5000 7.5000 -4.5000
4.5000 7.5000 -3.0000
4.5000 7.5000 -1.5000
4.5000 7.5000 0.0000
4.5000 7.5000 1.5000
4.5000 7.5000 3.0000
4.5000 7.5000 4.5000
4.5000 9.0000 -4.5000
4.5000 9.0000 -3.0000
4.5000 9.0000 -1.5000
4.5000 9.0000 0.0000
4.5000 9.0000 1.5000
4.5000 9.0000 3.0000
6.0000 -10.5000 4.5000
6.0000 -10.5000 6.0000
6.0000 -10.5000 7.5000
6.0000 -9.0000 3.0000
6.0000 -9.0000 4.5000
6.0000 -9.0000 6.0000
6.0000 -9.0000 7.5000
6.0000 -9.0000 9.0000
6.0000 -7.5000 -3.0000
6.0000 -7.5000 -1.5000
6.0000 -7.5000 0.0000
6.0000 -7.5000 1.5000
6.0000 -7.5000 3.0000
6.0000 -7.5000 4.5000
6.0000 -7.5000 6.0000
6.0000 -7.5000 7.5000
6.0000 -7.5000 9.0000
6.0000 -6.0000 -6.0000
6.0000 -6.0000 -4.5000
6.0000 -6.0000 -3.0000
6.0000 -6.0000 -1.5000
6.0000 -6.0000 0.0000
6.0000 -6.0000 1.5000
6.0000 -6.0000 3.0000
6.0000 -6.0000 4.5000
6.0000 -6.0000 6.0000
6.0000 -6.0000 7.5000
6.0000 -6.0000 9.0000
6.0000 -4.5000 -6.0000
6.0000 -4.5000 -4.5000
6.0000 -4.5000 -3.0000
6.0000 -4.5000 -1.5000
6.0000 -4.5000 0.0000
6.0000 -4.5000 1.5000
6.0000 -4.5000 3.0000
6.0000 -4.5000 4.5000
6.0000 -4.5000 6.0000
6.0000 -4.5000 7.5000
6.0000 -3.0000 -7.5000
6.0000 -3.0000 -6.0000
6.0000 -3.0000 -4.5000
6.0000 -3.0000 -3.0000
6.0000 -3.0000 -1.5000
6.0000 -3.0000 0.0000
6.0000 -3.0000 1.5000
6.0000 -3.0000 3.0000
6.0000 -3.0000 4.5000
6.0000 -3.0000 6.0000
6.0000 -3.0000 7.5000
6.0000 -1.5000 -7.5000
6.0000 -1.5000 -6.0000
6.0000 -1.5000 -4.5000
6.0000 -1.5000 -3.0000
6.0000 -1.5000 -1.5000
6.0000 -1.5000 0.0000
6.0000 -1.5000 1.5000
6.0000 -1.5000 3.0000
6.0000 -1.5000 4.5000
6.0000 -1.5000 6.0000
6.0000 -1.5000 7.5000
6.0000 0.0000 -7.5000
6.0000 0.0000 -6.0000
6.0000 0.0000 -4.5000
6.0000 0.0000 -3.0000
6.0000 0.0000 -1.5000
6.0000 0.0000 0.0000
6.0000 0.0000 1.5000
6.0000 0.0000 3.0000
6.0000 0.0000 4.5000
6.0000 0.0000 6.0000
6.0000 0.0000 7.5000
6.0000 1.5000 -7.5000
6.0000 1.5000 -6.0000
6.0000 1.5000 -4.5000
6.0000 1.5000 -3.0000
6.0000 1.5000 -1.5000
6.0000 1.5000 0.0000
6.0000 1.5000 1.5000
6.0000 1.5000 3.0000
6.0000 1.5000 4.5000
6.0000 1.5000 6.0000
6.0000 1.5000 7.5000
6.0000 3.0000 -7.5000
6.0000 3.0000 -6.0000
6.0000 3.0000 -4.5000
6.0000 3.0000 -3.0000
6.0000 3.0000 -1.5000
6.0000 3.0000 0.0000
6.0000 3.0000 1.5000
6.0000 3.0000 3.0000
6.0000 3.0000 4.5000
6.0000 3.0000 6.0000
6.0000 3.0000 7.5000
6.0000 4.5000 -7.5000
6.0000 4.5000 -6.0000
6.0000 4.5000 -4.5000
6.0000 4.5000 -3.0000
6.0000 4.5000 -1.5000
6.0000 4.5000 0.0000
6.0000 4.5000 1.5000
6.0000 4.5000 3.0000
6.0000 4.5000 4.5000
6.0000 4.5000 6.0000
6.0000 6.0000 -7.5000
6.0000 6.0000 -6.0000
6.0000 6.0000 -4.5000
6.0000 6.0000 -3.0000
6.0000 6.0000 -1.5000
6.0000 6.0000 0.0000
6.0000 6.0000 1.5000
6.0000 6.0000 3.0000
6.0000 6.0000 4.5000
6.0000 6.0000 6.0000
6.0000 7.5000 -6.0000
6.0000 7.5000 -4.5000
6.0000 7.5000 -3.0000
6.0000 7.5000 -1.5000
6.0000 7.5000 0.0000
6.0000 7.5000 1.5000
6.0000 7.5000 3.0000
6.0000 9.0000 -4.5000
6.0000 9.0000 -3.0000
6.0000 9.0000 -1.5000
6.0000 9.0000 0.0000
6.0000 9.0000 1.5000
7.5000 -7.5000 6.0000
7.5000 -6.0000 -3.0000
7.5000 -6.0000 -1.5000
7.5000 -6.0000 0.0000
7.5000 -6.0000 1.5000
7.5000 -6.0000 3.0000
7.5000 -4.5000 -4.5000
7.5000 -4.5000 -3.0000
7.5000 -4.5000 -1.5000
7.5000 -4.5000 0.0000
7.5000 -4.5000 1.5000
7.5000 -4.5000 3.0000
7.5000 -4.5000 4.5000
7.5000 -3.0000 -6.0000
7.5000 -3.0000 -4.5000
7.5000 -3.0000 -3.0000
7.5000 -3.0000 -1.5000
7.5000 -3.0000 0.0000
7.5000 -3.0000 1.5000
7.5000 -3.0000 3.0000
7.5000 -3.0000 4.5000
7.5000 -3.0000 6.0000
7.5000 -1.5000 -7.5000
7.5000 -1.5000 -6.0000
7.5000 -1.5000 -4.5000
7.5000 -1.5000 -3.0000
7.5000 -1.5000 -1.5000
7.5000 -1.5000 0.0000
7.5000 -1.5000 1.5000
7.5000 -1.5000 3.0000
7.5000 -1.5000 4.5000
7.5000 -1.5000 6.0000
7.5000 0.0000 -7.5000
7.5000 0.0000 -6.0000
7.5000 0.0000 -4.5000
7.5000 0.0000 -3.0000
7.5000 0.0000 -1.5000
7.5000 0.0000 0.0000
7.5000 0.0000 1.5000
7.5000 0.0000 3.0000
7.5000 0.0000 4.5000
7.5000 0.0000 6.0000
7.5000 1.5000 -7.5000
7.5000 1.5000 -6.0000
7.5000 1.5000 -4.5000
7.5000 1.5000 -3.0000
7.5000 1.5000 -1.5000
7.5000 1.5000 0.0000
7.5000 1.5000 1.5000
7.5000 1.5000 3.0000
7.5000 1.5000 4.5000
7.5000 1.5000 6.0000
7.5000 3.0000 -9.0000
7.5000 3.0000 -7.5000
7.5000 3.0000 -6.0000
7.5000 3.0000 -4.5000
7.5000 3.0000 -3.0000
7.5000 3.0000 -1.5000
7.5000 3.0000 0.0000
7.5000 3.0000 1.5000
7.5000 3.0000 3.0000
7.5000 3.0000 4.5000
7.5000 3.0000 6.0000
7.5000 4.5000 -7.5000
7.5000 4.5000 -6.0000
7.5000 4.5000 -4.5000
7.5000 4.5000 -3.0000
7.5000 4.5000 -1.5000
7.5000 4.5000 0.0000
7.5000 4.5000 1.5000
7.5000 4.5000 3.0000
7.5000 4.5000 4.5000
7.5000 6.0000 -7.5000
7.5000 6.0000 -6.0000
7.5000 6.0000 -4.5000
7.5000 6.0000 -3.0000
7.5000 6.0000 -1.5000
7.5000 6.0000 0.0000
7.5000 6.0000 1.5000
7.5000 6.0000 3.0000
7.5000 6.0000 4.5000
7.5000 7.5000 -7.5000
7.5000 7.5000 -6.0000
7.5000 7.5000 -4.5000
7.5000 7.5000 -3.0000
7.5000 7.5000 -1.5000
7.5000 7.5000 0.0000
7.5000 7.5000 1.5000
7.5000 7.5000 3.0000
7.5000 7.5000 4.5000
7.5000 9.0000 -6.0000
7.5000 9.0000 -4.5000
7.5000 9.0000 -3.0000
7.5000 9.0000 -1.5000
7.5000 9.0000 0.0000
7.5000 9.0000 1.5000
7.5000 9.0000 3.0000
7.5000 10.5000 -1.5000
9.0000 -4.5000 -3.0000
9.0000 -4.5000 -1.5000
9.0000 -4.5000 0.0000
9.0000 -4.5000 1.5000
9.0000 -4.5000 3.0000
9.0000 -3.0000 -4.5000
9.0000 -3.0000 -3.0000
9.0000 -3.0000 -1.5000
9.0000 -3.0000 0.0000
9.0000 -3.0000 1.5000
9.0000 -3.0000 3.0000
9.0000 -3.0000 4.5000
9.0000 -1.5000 -6.0000
9.0000 -1.5000 -4.5000
9.0000 -1.5000 -3.0000
9.0000 -1.5000 -1.5000
9.0000 -1.5000 0.0000
9.0000 -1.5000 1.5000
9.0000 -1.5000 3.0000
9.0000 -1.5000 4.5000
9.0000 0.0000 -7.5000
9.0000 0.0000 -6.0000
9.0000 0.0000 -4.5000
9.0000 0.0000 -3.0000
9.0000 0.0000 -1.5000
9.0000 0.0000 0.0000
9.0000 0.0000 1.5000
9.0000 0.0000 3.0000
9.0000 0.0000 4.5000
9.0000 1.5000 -7.5000
9.0000 1.5000 -6.0000
9.0000 1.5000 -4.5000
9.0000 1.5000 -3.0000
9.0000 1.5000 -1.5000
9.0000 1.5000 0.0000
9.0000 1.5000 1.5000
9.0000 1.5000 3.0000
9.0000 1.5000 4.5000
9.0000 3.0000 -7.5000
9.0000 3.0000 -6.0000
9.0000 3.0000 -4.5000
9.0000 3.0000 -3.0000
9.0000 3.0000 -1.5000
9.0000 3.0000 0.0000
9.0000 3.0000 1.5000
9.0000 3.0000 3.0000
9.0000 3.0000 4.5000
9.0000 4.5000 -7.5000
9.0000 4.5000 -6.0000
9.0000 4.5000 -4.5000
9.0000 4.5000 -3.0000
9.0000 4.5000 -1.5000
9.0000 4.5000 0.0000
9.0000 4.5000 1.5000
9.0000 4.5000 3.0000
9.0000 4.5000 4.5000
9.0000 6.0000 -7.5000
9.0000 6.0000 -6.0000
9.0000 6.0000 -4.5000
9.0000 6.0000 -3.0000
9.0000 6.0000 -1.5000
9.0000 6.0000 0.0000
9.0000 6.0000 1.5000
9.0000 6.0000 3.0000
9.0000 6.0000 4.5000
9.0000 7.5000 -6.0000
9.0000 7.5000 -4.5000
9.0000 7.5000 -3.0000
9.0000 7.5000 -1.5000
9.0000 7.5000 0.0000
9.0000 7.5000 1.5000
9.0000 7.5000 3.0000
9.0000 9.0000 -4.5000
9.0000 9.0000 -3.0000
9.0000 9.0000 -1.5000
9.0000 9.0000 0.0000
9.0000 9.0000 1.5000
10.5000 -3.0000 -4.5000
10.5000 -3.0000 -3.0000
10.5000 -3.0000 -1.5000
10.5000 -3.0000 0.0000
10.5000 -3.0000 1.5000
10.5000 -1.5000 -6.0000
10.5000 -1.5000 -4.5000
10.5000 -1.5000 -3.0000
10.5000 -1.5000 -1.5000
10.5000 -1.5000 0.0000
10.5000 -1.5000 1.5000
10.5000 -1.5000 3.0000
10.5000 0.0000 -7.5000
10.5000 0.0000 -6.0000
10.5000 0.0000 -4.5000
10.5000 0.0000 -3.0000
10.5000 0.0000 -1.5000
10.5000 0.0000 0.0000
10.5000 0.0000 1.5000
10.5000 0.0000 3.0000
10.5000 0.0000 4.5000
10.5000 1.5000 -7.5000
10.5000 1.5000 -6.0000
10.5000 1.5000 -4.5000
10.5000 1.5000 -3.0000
10.5000 1.5000 -1.5000
10.5000 1.5000 0.0000
10.5000 1.5000 1.5000
10.5000 1.5000 3.0000
10.5000 1.5000 4.5000
10.5000 3.0000 -7.5000
10.5000 3.0000 -6.0000
10.5000 3.0000 -4.5000
10.5000 3.0000 -3.0000
10.5000 3.0000 -1.5000
10.5000 3.0000 0.0000
10.5000 3.0000 1.5000
10.5000 3.0000 3.0000
10.5000 3.0000 4.5000
10.5000 4.5000 -7.5000
10.5000 4.5000 -6.0000
10.5000 4.5000 -4.5000
10.5000 4.5000 -3.0000
10.5000 4.5000 -1.5000
10.5000 4.5000 0.0000
10.5000 4.5000 1.5000
10.5000 4.5000 3.0000
10.5000 4.5000 4.5000
10.5000 6.0000 -7.5000
10.5000 6.0000 -6.0000
10.5000 6.0000 -4.5000
10.5000 6.0000 -3.0000
10.5000 6.0000 -1.5000
10.5000 6.0000 0.0000
10.5000 6.0000 1.5000
10.5000 6.0000 3.0000
10.5000 6.0000 4.5000
10.5000 7.5000 -6.0000
10.5000 7.5000 -4.5000
10.5000 7.5000 -3.0000
10.5000 7.5000 -1.5000
10.5000 7.5000 0.0000
10.5000 7.5000 1.5000
10.5000 7.5000 3.0000
10.5000 9.0000 -4.5000
10.5000 9.0000 -3.0000
10.5000 9.0000 -1.5000
10.5000 9.0000 0.0000
10.5000 9.0000 1.5000
12.0000 -3.0000 -1.5000
12.0000 -1.5000 -4.5000
12.0000 -1.5000 -3.0000
12.0000 -1.5000 -1.5000
12.0000 -1.5000 0.0000
12.0000 -1.5000 1.5000
12.0000 0.0000 -6.0000
12.0000 0.0000 -4.5000
12.0000 0.0000 -3.0000
12.0000 0.0000 -1.5000
12.0000 0.0000 0.0000
12.0000 0.0000 1.5000
12.0000 0.0000 3.0000
12.0000 1.5000 -6.0000
12.0000 1.5000 -4.5000
12.0000 1.5000 -3.0000
12.0000 1.5000 -1.5000
12.0000 1.5000 0.0000
12.0000 1.5000 1.5000
12.0000 1.5000 3.0000
12.0000 3.0000 -7.5000
12.0000 3.0000 -6.0000
12.0000 3.0000 -4.5000
12.0000 3.0000 -3.0000
12.0000 3.0000 -1.5000
12.0000 3.0000 0.0000
12.0000 3.0000 1.5000
12.0000 3.0000 3.0000
12.0000 3.0000 4.5000
12.0000 4.5000 -6.0000
12.0000 4.5000 -4.5000
12.0000 4.5000 -3.0000
12.0000 4.5000 -1.5000
12.0000 4.5000 0.0000
12.0000 4.5000 1.5000
12.0000 4.5000 3.0000
12.0000 6.0000 -6.0000
12.0000 6.0000 -4.5000
12.0000 6.0000 -3.0000
12.0000 6.0000 -1.5000
12.0000 6.0000 0.0000
12.0000 6.0000 1.5000
12.0000 6.0000 3.0000
12.0000 7.5000 -4.5000
12.0000 7.5000 -3.0000
12.0000 7.5000 -1.5000
12.0000 7.5000 0.0000
12.0000 7.5000 1.5000
12.0000 9.0000 -1.5000
13.5000 -1.5000 -1.5000
13.5000 0.0000 -4.5000
13.5000 0.0000 -3.0000
13.5000 0.0000 -1.5000
13.5000 0.0000 0.0000
13.5000 0.0000 1.5000
13.5000 1.5000 -4.5000
13.5000 1.5000 -3.0000
13.5000 1.5000 -1.5000
13.5000 1.5000 0.0000
13.5000 1.5000 1.5000
13.5000 3.0000 -6.0000
13.5000 3.0000 -4.5000
13.5000 3.0000 -3.0000
13.5000 3.0000 -1.5000
13.5000 3.0000 0.0000
13.5000 3.0000 1.5000
13.5000 3.0000 3.0000
13.5000 4.5000 -4.5000
13.5000 4.5000 -3.0000
13.5000 4.5000 -1.5000
13.5000 4.5000 0.0000
13.5000 4.5000 1.5000
13.5000 6.0000 -4.5000
13.5000 6.0000 -3.0000
13.5000 6.0000 -1.5000
13.5000 6.0000 0.0000
13.5000 6.0000 1.5000
13.5000 7.5000 -1.5000
15.0000 3.0000 -1.5000
-7.5000 6.0000 1.5000
-7.5000 7.5000 0.0000
-7.5000 7.5000 1.5000
-7.5000 7.5000 3.0000
-7.5000 9.0000 -1.5000
-7.5000 9.0000 0.0000
-7.5000 9.0000 1.5000
-7.5000 9.0000 3.0000
-7.5000 9.0000 4.5000
-7.5000 10.5000 0.0000
-7.5000 10.5000 1.5000
-7.5000 10.5000 3.0000
-7.5000 12.0000 1.5000
-6.0000 3.0000 -1.5000
-6.0000 4.5000 0.0000
-6.0000 4.5000 1.5000
-6.0000 4.5000 3.0000
-6.0000 6.0000 -1.5000
-6.0000 6.0000 0.0000
-6.0000 6.0000 1.5000
-6.0000 6.0000 3.0000
-6.0000 6.0000 4.5000
-6.0000 7.5000 -3.0000
-6.0000 7.5000 -1.5000
-6.0000 7.5000 0.0000
-6.0000 7.5000 1.5000
-6.0000 7.5000 3.0000
-6.0000 7.5000 4.5000
-6.0000 7.5000 6.0000
-6.0000 9.0000 -3.0000
-6.0000 9.0000 -1.5000
-6.0000 9.0000 0.0000
-6.0000 9.0000 1.5000
-6.0000 9.0000 3.0000
-6.0000 9.0000 4.5000
-6.0000 9.0000 6.0000
-6.0000 10.5000 -3.0000
-6.0000 10.5000 -1.5000
-6.0000 10.5000 0.0000
-6.0000 10.5000 1.5000
-6.0000 10.5000 3.0000
-6.0000 10.5000 4.5000
-6.0000 10.5000 6.0000
-6.0000 12.0000 -1.5000
-6.0000 12.0000 0.0000
-6.0000 12.0000 1.5000
-6.0000 12.0000 3.0000
-6.0000 12.0000 4.5000
-6.0000 13.5000 0.0000
-6.0000 13.5000 1.5000
-6.0000 13.5000 3.0000
-4.5000 -1.5000 -4.5000
-4.5000 -1.5000 -3.0000
-4.5000 -1.5000 -1.5000
-4.5000 -1.5000 0.0000
-4.5000 -1.5000 1.5000
-4.5000 0.0000 -6.0000
-4.5000 0.0000 -4.5000
-4.5000 0.0000 -3.0000
-4.5000 0.0000 -1.5000
-4.5000 0.0000 0.0000
-4.5000 0.0000 1.5000
-4.5000 0.0000 3.0000
-4.5000 1.5000 -6.0000
-4.5000 1.5000 -4.5000
-4.5000 1.5000 -3.0000
-4.5000 1.5000 -1.5000
-4.5000 1.5000 0.0000
-4.5000 1.5000 1.5000
-4.5000 1.5000 3.0000
-4.5000 3.0000 -6.0000
-4.5000 3.0000 -4.5000
-4.5000 3.0000 -3.0000
-4.5000 3.0000 -1.5000
-4.5000 3.0000 0.0000
-4.5000 3.0000 1.5000
-4.5000 3.0000 3.0000
-4.5000 4.5000 -6.0000
-4.5000 4.5000 -4.5000
-4.5000 4.5000 -3.0000
-4.5000 4.5000 -1.5000
-4.5000 4.5000 0.0000
-4.5000 4.5000 1.5000
-4.5000 4.5000 3.0000
-4.5000 4.5000 4.5000
-4.5000 6.0000 -6.0000
-4.5000 6.0000 -4.5000
-4.5000 6.0000 -3.0000
-4.5000 6.0000 -1.5000
-4.5000 6.0000 0.0000
-4.5000 6.0000 1.5000
-4.5000 6.0000 3.0000
-4.5000 6.0000 4.5000
-4.5000 6.0000 6.0000
-4.5000 7.5000 -4.5000
-4.5000 7.5000 -3.0000
-4.5000 7.5000 -1.5000
-4.5000 7.5000 0.0000
-4.5000 7.5000 1.5000
-4.5000 7.5000 3.0000
-4.5000 7.5000 4.5000
-4.5000 7.5000 6.0000
-4.5000 9.0000 -4.5000
-4.5000 9.0000 -3.0000
-4.5000 9.0000 -1.5000
-4.5000 9.0000 0.0000
-4.5000 9.0000 1.5000
-4.5000 9.0000 3.0000
-4.5000 9.0000 4.5000
-4.5000 9.0000 6.0000
-4.5000 9.0000 7.5000
-4.5000 10.5000 -3.0000
-4.5000 10.5000 -1.5000
-4.5000 10.5000 0.0000
-4.5000 10.5000 1.5000
-4.5000 10.5000 3.0000
-4.5000 10.5000 4.5000
-4.5000 10.5000 6.0000
-4.5000 12.0000 -3.0000
-4.5000 12.0000 -1.5000
-4.5000 12.0000 0.0000
-4.5000 12.0000 1.5000
-4.5000 12.0000 3.0000
-4.5000 12.0000 4.5000
-4.5000 12.0000 6.0000
-4.5000 13.5000 -1.5000
-4.5000 13.5000 0.0000
-4.5000 13.5000 1.5000
-4.5000 13.5000 3.0000
-4.5000 13.5000 4.5000
-4.5000 15.0000 1.5000
-3.0000 -3.0000 -4.5000
-3.0000 -3.0000 -3.0000
-3.0000 -3.0000 -1.5000
-3.0000 -3.0000 0.0000
-3.0000 -3.0000 1.5000
-3.0000 -1.5000 -6.0000
-3.0000 -1.5000 -4.5000
-3.0000 -1.5000 -3.0000
-3.0000 -1.5000 -1.5000
-3.0000 -1.5000 0.0000
-3.0000 -1.5000 1.5000
-3.0000 -1.5000 3.0000
-3.0000 0.0000 -7.5000
-3.0000 0.0000 -6.0000
-3.0000 0.0000 -4.5000
-3.0000 0.0000 -3.0000
-3.0000 0.0000 -1.5000
-3.0000 0.0000 0.0000
-3.0000 0.0000 1.5000
-3.0000 0.0000 3.0000
-3.0000 0.0000 4.5000
-3.0000 1.5000 -7.5000
-3.0000 1.5000 -6.0000
-3.0000 1.5000 -4.5000
-3.0000 1.5000 -3.0000
-3.0000 1.5000 -1.5000
-3.0000 1.5000 0.0000
-3.0000 1.5000 1.5000
-3.0000 1.5000 3.0000
-3.0000 1.5000 4.5000
-3.0000 3.0000 -7.5000
-3.0000 3.0000 -6.0000
-3.0000 3.0000 -4.5000
-3.0000 3.0000 -3.0000
-3.0000 3.0000 -1.5000
-3.0000 3.0000 0.0000
-3.0000 3.0000 1.5000
-3.0000 3.0000 3.0000
-3.0000 3.0000 4.5000
-3.0000 4.5000 -7.5000
-3.0000 4.5000 -6.0000
-3.0000 4.5000 -4.5000
-3.0000 4.5000 -3.0000
-3.0000 4.5000 -1.5000
-3.0000 4.5000 0.0000
-3.0000 4.5000 1.5000
-3.0000 4.5000 3.0000
-3.0000 4.5000 4.5000
-3.0000 4.5000 6.0000
-3.0000 6.0000 -7.5000
-3.0000 6.0000 -6.0000
-3.0000 6.0000 -4.5000
-3.0000 6.0000 -3.0000
-3.0000 6.0000 -1.5000
-3.0000 6.0000 0.0000
-3.0000 6.0000 1.5000
-3.0000 6.0000 3.0000
-3.0000 6.0000 4.5000
-3.0000 6.0000 6.0000
-3.0000 7.5000 -6.0000
-3.0000 7.5000 -4.5000
-3.0000 7.5000 -3.0000
-3.0000 7.5000 -1.5000
-3.0000 7.5000 0.0000
-3.0000 7.5000 1.5000
-3.0000 7.5000 3.0000
-3.0000 7.5000 4.5000
-3.0000 7.5000 6.0000
-3.0000 7.5000 7.5000
-3.0000 9.0000 -4.5000
-3.0000 9.0000 -3.0000
-3.0000 9.0000 -1.5000
-3.0000 9.0000 0.0000
-3.0000 9.0000 1.5000
-3.0000 9.0000 3.0000
-3.0000 9.0000 4.5000
-3.0000 9.0000 6.0000
-3.0000 9.0000 7.5000
-3.0000 10.5000 -4.5000
-3.0000 10.5000 -3.0000
-3.0000 10.5000 -1.5000
-3.0000 10.5000 0.0000
-3.0000 10.5000 1.5000
-3.0000 10.5000 3.0000
-3.0000 10.5000 4.5000
-3.0000 10.5000 6.0000
-3.0000 10.5000 7.5000
-3.0000 12.0000 -3.0000
-3.0000 12.0000 -1.5000
-3.0000 12.0000 0.0000
-3.0000 12.0000 1.5000
-3.0000 12.0000 3.0000
-3.0000 12.0000 4.5000
-3.0000 12.0000 6.0000
-3.0000 13.5000 -3.0000
-3.0000 13.5000 -1.5000
-3.0000 13.5000 0.0000
-3.0000 13.5000 1.5000
-3.0000 13.5000 3.0000
-3.0000 13.5000 4.5000
-3.0000 13.5000 6.0000
-3.0000 15.0000 0.0000
-3.0000 15.0000 1.5000
-3.0000 15.0000 3.0000
-1.5000 -4.5000 -4.5000
-1.5000 -4.5000 -3.0000
-1.5000 -4.5000 -1.5000
-1.5000 -4.5000 0.0000
-1.5000 -4.5000 1.5000
-1.5000 -3.0000 -7.5000
-1.5000 -3.0000 -6.0000
-1.5000 -3.0000 -4.5000
-1.5000 -3.0000 -3.0000
-1.5000 -3.0000 -1.5000
-1.5000 -3.0000 0.0000
-1.5000 -3.0000 1.5000
-1.5000 -3.0000 3.0000
-1.5000 -3.0000 4.5000
-1.5000 -1.5000 -7.5000
-1.5000 -1.5000 -6.0000
-1.5000 -1.5000 -4.5000
-1.5000 -1.5000 -3.0000
-1.5000 -1.5000 -1.5000
-1.5000 -1.5000 0.0000
-1.5000 -1.5000 1.5000
-1.5000 -1.5000 3.0000
-1.5000 -1.5000 4.5000
-1.5000 0.0000 -9.0000
-1.5000 0.0000 -7.5000
-1.5000 0.0000 -6.0000
-1.5000 0.0000 -4.5000
-1.5000 0.0000 -3.0000
-1.5000 0.0000 -1.5000
-1.5000 0.0000 0.0000
-1.5000 0.0000 1.5000
-1.5000 0.0000 3.0000
-1.5000 0.0000 4.5000
-1.5000 0.0000 6.0000
-1.5000 1.5000 -9.0000
-1.5000 1.5000 -7.5000
-1.5000 1.5000 -6.0000
-1.5000 1.5000 -4.5000
-1.5000 1.5000 -3.0000
-1.5000 1.5000 -1.5000
-1.5000 1.5000 0.0000
-1.5000 1.5000 1.5000
-1.5000 1.5000 3.0000
-1.5000 1.5000 4.5000
-1.5000 1.5000 6.0000
-1.5000 3.0000 -9.0000
-1.5000 3.0000 -7.5000
-1.5000 3.0000 -6.0000
-1.5000 3.0000 -4.5000
-1.5000 3.0000 -3.0000
-1.5000 3.0000 -1.5000
-1.5000 3.0000 0.0000
-1.5000 3.0000 1.5000
-1.5000 3.0000 3.0000
-1.5000 3.0000 4.5000
-1.5000 3.0000 6.0000
-1.5000 4.5000 -9.0000
-1.5000 4.5000 -7.5000
-1.5000 4.5000 -6.0000
-1.5000 4.5000 -4.5000
-1.5000 4.5000 -3.0000
-1.5000 4.5000 -1.5000
-1.5000 4.5000 0.0000
-1.5000 4.5000 1.5000
-1.5000 4.5000 3.0000
-1.5000 4.5000 4.5000
-1.5000 4.5000 6.0000
-1.5000 6.0000 -9.0000
-1.5000 6.0000 -7.5000
-1.5000 6.0000 -6.0000
-1.5000 6.0000 -4.5000
-1.5000 6.0000 -3.0000
-1.5000 6.0000 -1.5000
-1.5000 6.0000 0.0000
-1.5000 6.0000 1.5000
-1.5000 6.0000 3.0000
-1.5000 6.0000 4.5000
-1.5000 6.0000 6.0000
-1.5000 6.0000 7.5000
-1.5000 7.5000 -7.5000
-1.5000 7.5000 -6.0000
-1.5000 7.5000 -4.5000
-1.5000 7.5000 -3.0000
-1.5000 7.5000 -1.5000
-1.5000 7.5000 0.0000
-1.5000 7.5000 1.5000
-1.5000 7.5000 3.0000
-1.5000 7.5000 4.5000
-1.5000 7.5000 6.0000
-1.5000 7.5000 7.5000
-1.5000 9.0000 -7.5000
-1.5000 9.0000 -6.0000
-1.5000 9.0000 -4.5000
-1.5000 9.0000 -3.0000
-1.5000 9.0000 -1.5000
-1.5000 9.0000 0.0000
-1.5000 9.0000 1.5000
-1.5000 9.0000 3.0000
-1.5000 9.0000 4.5000
-1.5000 9.0000 6.0000
-1.5000 9.0000 7.5000
-1.5000 10.5000 -4.5000
-1.5000 10.5000 -3.0000
-1.5000 10.5000 -1.5000
-1.5000 10.5000 0.0000
-1.5000 10.5000 1.5000
-1.5000 10.5000 3.0000
-1.5000 10.5000 4.5000
-1.5000 10.5000 6.0000
-1.5000 10.5000 7.5000
-1.5000 12.0000 -4.5000
-1.5000 12.0000 -3.0000
-1.5000 12.0000 -1.5000
-1.5000 12.0000 0.0000
-1.5000 12.0000 1.5000
-1.5000 12.0000 3.0000
-1.5000 12.0000 4.5000
-1.5000 12.0000 6.0000
-1.5000 12.0000 7.5000
-1.5000 13.5000 -3.0000
-1.5000 13.5000 -1.5000
-1.5000 13.5000 0.0000
-1.5000 13.5000 1.5000
-1.5000 13.5000 3.0000
-1.5000 13.5000 4.5000
-1.5000 13.5000 6.0000
-1.5000 15.0000 -1.5000
-1.5000 15.0000 0.0000
-1.5000 15.0000 1.5000
-1.5000 15.0000 3.0000
-1.5000 15.0000 4.5000
0.0000 -6.0000 -4.5000
0.0000 -6.0000 -3.0000
0.0000 -6.0000 -1.5000
0.0000 -6.0000 0.0000
0.0000 -6.0000 1.5000
0.0000 -4.5000 -6.0000
0.0000 -4.5000 -4.5000
0.0000 -4.5000 -3.0000
0.0000 -4.5000 -1.5000
0.0000 -4.5000 0.0000
0.0000 -4.5000 1.5000
0.0000 -4.5000 3.0000
0.0000 -4.5000 4.5000
0.0000 -3.0000 -7.5000
0.0000 -3.0000 -6.0000
0.0000 -3.0000 -4.5000
0.0000 -3.0000 -3.0000
0.0000 -3.0000 -1.5000
0.0000 -3.0000 0.0000
0.0000 -3.0000 1.5000
0.0000 -3.0000 3.0000
0.0000 -3.0000 4.5000
0.0000 -1.5000 -9.0000
0.0000 -1.5000 -7.5000
0.0000 -1.5000 -6.0000
0.0000 -1.5000 -4.5000
0.0000 -1.5000 -3.0000
0.0000 -1.5000 -1.5000
0.0000 -1.5000 0.0000
0.0000 -1.5000 1.5000
0.0000 -1.5000 3.0000
0.0000 -1.5000 4.5000
0.0000 -1.5000 6.0000
0.0000 0.0000 -10.5000
0.0000 0.0000 -9.0000
0.0000 0.0000 -7.5000
0.0000 0.0000 -6.0000
0.0000 0.0000 -4.5000
0.0000 0.0000 -3.0000
0.0000 0.0000 -1.5000
0.0000 0.0000 0.0000
0.0000 0.0000 1.5000
0.0000 0.0000 3.0000
0.0000 0.0000 4.5000
0.0000 0.0000 6.0000
0.0000 0.0000 7.5000
0.0000 1.5000 -10.5000
0.0000 1.5000 -9.0000
0.0000 1.5000 -7.5000
0.0000 1.5000 -6.0000
0.0000 1.5000 -4.5000
0.0000 1.5000 -3.0000
0.0000 1.5000 -1.5000
0.0000 1.5000 0.0000
0.0000 1.5000 1.5000
0.0000 1.5000 3.0000
0.0000 1.5000 4.5000
0.0000 1.5000 6.0000
0.0000 1.5000 7.5000
0.0000 3.0000 -10.5000
0.0000 3.0000 -9.0000
0.0000 3.0000 -7.5000
0.0000 3.0000 -6.0000
0.0000 3.0000 -4.5000
0.0000 3.0000 -3.0000
0.0000 3.0000 -1.5000
0.0000 3.0000 0.0000
0.0000 3.0000 1.5000
0.0000 3.0000 3.0000
0.0000 3.0000 4.5000
0.0000 3.0000 6.0000
0.0000 3.0000 7.5000
0.0000 4.5000 -10.5000
0.0000 4.5000 -9.0000
0.0000 4.5000 -7.5000
0.0000 4.5000 -6.0000
0.0000 4.5000 -4.5000
0.0000 4.5000 -3.0000
0.0000 4.5000 -1.5000
0.0000 4.5000 0.0000
0.0000 4.5000 1.5000
0.0000 4.5000 3.0000
0.0000 4.5000 4.5000
0.0000 4.5000 6.0000
0.0000 4.5000 7.5000
0.0000 6.0000 -10.5000
0.0000 6.0000 -9.0000
0.0000 6.0000 -7.5000
0.0000 6.0000 -6.0000
0.0000 6.0000 -4.5000
0.0000 6.0000 -3.0000
0.0000 6.0000 -1.5000
0.0000 6.0000 0.0000
0.0000 6.0000 1.5000
0.0000 6.0000 3.0000
0.0000 6.0000 4.5000
0.0000 6.0000 6.0000
0.0000 6.0000 7.5000
0.0000 7.5000 -9.0000
0.0000 7.5000 -7.5000
0.0000 7.5000 -6.0000
0.0000 7.5000 -4.5000
0.0000 7.5000 -3.0000
0.0000 7.5000 -1.5000
0.0000 7.5000 0.0000
0.0000 7.5000 1.5000
0.0000 7.5000 3.0000
0.0000 7.5000 4.5000
0.0000 7.5000 6.0000
0.0000 7.5000 7.5000
0.0000 9.0000 -7.5000
0.0000 9.0000 -6.0000
0.0000 9.0000 -4.5000
0.0000 9.0000 -3.0000
0.0000 9.0000 -1.5000
0.0000 9.0000 0.0000
0.0000 9.0000 1.5000
0.0000 9.0000 3.0000
0.0000 9.0000 4.5000
0.0000 9.0000 6.0000
0.0000 9.0000 7.5000
0.0000 10.5000 -6.0000
0.0000 10.5000 -4.5000
0.0000 10.5000 -3.0000
0.0000 10.5000 -1.5000
0.0000 10.5000 0.0000
0.0000 10.5000 1.5000
0.0000 10.5000 3.0000
0.0000 10.5000 4.5000
0.0000 10.5000 6.0000
0.0000 10.5000 7.5000
0.0000 12.0000 -4.5000
0.0000 12.0000 -3.0000
0.0000 12.0000 -1.5000
0.0000 12.0000 0.0000
0.0000 12.0000 1.5000
0.0000 12.0000 3.0000
0.0000 12.0000 4.5000
0.0000 12.0000 6.0000
0.0000 13.5000 -3.0000
0.0000 13.5000 -1.5000
0.0000 13.5000 0.0000
0.0000 13.5000 1.5000
0.0000 13.5000 3.0000
0.0000 13.5000 4.5000
0.0000 13.5000 6.0000
0.0000 15.0000 0.0000
0.0000 15.0000 1.5000
0.0000 15.0000 3.0000
1.5000 -7.5000 3.0000
1.5000 -7.5000 4.5000
1.5000 -7.5000 6.0000
1.5000 -6.0000 -6.0000
1.5000 -6.0000 -4.5000
1.5000 -6.0000 -3.0000
1.5000 -6.0000 -1.5000
1.5000 -6.0000 0.0000
1.5000 -6.0000 1.5000
1.5000 -6.0000 3.0000
1.5000 -6.0000 4.5000
1.5000 -6.0000 6.0000
1.5000 -6.0000 7.5000
1.5000 -4.5000 -7.5000
1.5000 -4.5000 -6.0000
1.5000 -4.5000 -4.5000
1.5000 -4.5000 -3.0000
1.5000 -4.5000 -1.5000
1.5000 -4.5000 0.0000
1.5000 -4.5000 1.5000
1.5000 -4.5000 3.0000
1.5000 -4.5000 4.5000
1.5000 -4.5000 6.0000
1.5000 -4.5000 7.5000
1.5000 -3.0000 -9.0000
1.5000 -3.0000 -7.5000
1.5000 -3.0000 -6.0000
1.5000 -3.0000 -4.5000
1.5000 -3.0000 -3.0000
1.5000 -3.0000 -1.5000
1.5000 -3.0000 0.0000
1.5000 -3.0000 1.5000
1.5000 -3.0000 3.0000
1.5000 -3.0000 4.5000
1.5000 -3.0000 6.0000
1.5000 -3.0000 7.5000
1.5000 -1.5000 -10.5000
1.5000 -1.5000 -9.0000
1.5000 -1.5000 -7.5000
1.5000 -1.5000 -6.0000
1.5000 -1.5000 -4.5000
1.5000 -1.5000 -3.0000
1.5000 -1.5000 -1.5000
1.5000 -1.5000 0.0000
1.5000 -1.5000 1.5000
1.5000 -1.5000 3.0000
1.5000 -1.5000 4.5000
1.5000 -1.5000 6.0000
1.5000 -1.5000 7.5000
1.5000 0.0000 -10.5000
1.5000 0.0000 -9.0000
1.5000 0.0000 -7.5000
1.5000 0.0000 -6.0000
1.5000 0.0000 -4.5000
1.5000 0.0000 -3.0000
1.5000 0.0000 -1.5000
1.5000 0.0000 0.0000
1.5000 0.0000 1.5000
1.5000 0.0000 3.0000
1.5000 0.0000 4.5000
1.5000 0.0000 6.0000
1.5000 0.0000 7.5000
1.5000 1.5000 -10.5000
1.5000 1.5000 -9.0000
1.5000 1.5000 -7.5000
1.5000 1.5000 -6.0000
1.5000 1.5000 -4.5000
1.5000 1.5000 -3.0000
1.5000 1.5000 -1.5000
1.5000 1.5000 0.0000
1.5000 1.5000 1.5000
1.5000 1.5000 3.0000
1.5000 1.5000 4.5000
1.5000 1.5000 6.0000
1.5000 1.5000 7.5000
1.5000 3.0000 -10.5000
1.5000 3.0000 -9.0000
1.5000 3.0000 -7.5000
1.5000 3.0000 -6.0000
1.5000 3.0000 -4.5000
1.5000 3.0000 -3.0000
1.5000 3.0000 -1.5000
1.5000 3.0000 0.0000
1.5000 3.0000 1.5000
1.5000 3.0000 3.0000
1.5000 3.0000 4.5000
1.5000 3.0000 6.0000
1.5000 3.0000 7.5000
1.5000 4.5000 -10.5000
1.5000 4.5000 -9.0000
1.5000 4.5000 -7.5000
1.5000 4.5000 -6.0000
1.5000 4.5000 -4.5000
1.5000 4.5000 -3.0000
1.5000 4.5000 -1.5000
1.5000 4.5000 0.0000
1.5000 4.5000 1.5000
1.5000 4.5000 3.0000
1.5000 4.5000 4.5000
1.5000 4.5000 6.0000
1.5000 4.5000 7.5000
1.5000 6.0000 -10.5000
1.5000 6.0000 -9.0000
1.5000 6.0000 -7.5000
1.5000 6.0000 -6.0000
1.5000 6.0000 -4.5000
1.5000 6.0000 -3.0000
1.5000 6.0000 -1.5000
1.5000 6.0000 0.0000
1.5000 6.0000 1.5000
1.5000 6.0000 3.0000
1.5000 6.0000 4.5000
1.5000 6.0000 6.0000
1.5000 6.0000 7.5000
1.5000 7.5000 -10.5000
1.5000 7.5000 -9.0000
1.5000 7.5000 -7.5000
1.5000 7.5000 -6.0000
1.5000 7.5000 -4.5000
1.5000 7.5000 -3.0000
1.5000 7.5000 -1.5000
1.5000 7.5000 0.0000
1.5000 7.5000 1.5000
1.5000 7.5000 3.0000
1.5000 7.5000 4.5000
1.5000 7.5000 6.0000
1.5000 7.5000 7.5000
1.5000 9.0000 -9.0000
1.5000 9.0000 -7.5000
1.5000 9.0000 -6.0000
1.5000 9.0000 -4.5000
1.5000 9.0000 -3.0000
1.5000 9.0000 -1.5000
1.5000 9.0000 0.0000
1.5000 9.0000 1.5000
1.5000 9.0000 3.0000
1.5000 9.0000 4.5000
1.5000 9.0000 6.0000
1.5000 9.0000 7.5000
1.5000 10.5000 -7.5000
1.5000 10.5000 -6.0000
1.5000 10.5000 -4.5000
1.5000 10.5000 -3.0000
1.5000 10.5000 -1.5000
1.5000 10.5000 0.0000
1.5000 10.5000 1.5000
1.5000 10.5000 3.0000
1.5000 10.5000 4.5000
1.5000 10.5000 6.0000
1.5000 12.0000 -6.0000
1.5000 12.0000 -4.5000
1.5000 12.0000 -3.0000
1.5000 12.0000 -1.5000
1.5000 12.0000 0.0000
1.5000 12.0000 1.5000
1.5000 12.0000 3.0000
1.5000 12.0000 4.5000
1.5000 12.0000 6.0000
1.5000 13.5000 -1.5000
1.5000 13.5000 0.0000
1.5000 13.5000 1.5000
1.5000 13.5000 3.0000
1.5000 13.5000 4.5000
1.5000 15.0000 1.5000
3.0000 -9.0000 3.0000
3.0000 -9.0000 4.5000
3.0000 -9.0000 6.0000
3.0000 -7.5000 1.5000
3.0000 -7.5000 3.0000
3.0000 -7.5000 4.5000
3.0000 -7.5000 6.0000
3.0000 -7.5000 7.5000
3.0000 -6.0000 -6.0000
3.0000 -6.0000 -4.5000
3.0000 -6.0000 -3.0000
3.0000 -6.0000 -1.5000
3.0000 -6.0000 0.0000
3.0000 -6.0000 1.5000
3.0000 -6.0000 3.0000
3.0000 -6.0000 4.5000
3.0000 -6.0000 6.0000
3.0000 -6.0000 7.5000
3.0000 -6.0000 9.0000
3.0000 -4.5000 -7.5000
3.0000 -4.5000 -6.0000
3.0000 -4.5000 -4.5000
3.0000 -4.5000 -3.0000
3.0000 -4.5000 -1.5000
3.0000 -4.5000 0.0000
3.0000 -4.5000 1.5000
3.0000 -4.5000 3.0000
3.0000 -4.5000 4.5000
3.0000 -4.5000 6.0000
3.0000 -4.5000 7.5000
3.0000 -4.5000 9.0000
3.0000 -3.0000 -9.0000
3.0000 -3.0000 -7.5000
3.0000 -3.0000 -6.0000
3.0000 -3.0000 -4.5000
3.0000 -3.0000 -3.0000
3.0000 -3.0000 -1.5000
3.0000 -3.0000 0.0000
3.0000 -3.0000 1.5000
3.0000 -3.0000 3.0000
3.0000 -3.0000 4.5000
3.0000 -3.0000 6.0000
3.0000 -3.0000 7.5000
3.0000 -3.0000 9.0000
3.0000 -1.5000 -10.5000
3.0000 -1.5000 -9.0000
3.0000 -1.5000 -7.5000
3.0000 -1.5000 -6.0000
3.0000 -1.5000 -4.5000
3.0000 -1.5000 -3.0000
3.0000 -1.5000 -1.5000
3.0000 -1.5000 0.0000
3.0000 -1.5000 1.5000
3.0000 -1.5000 3.0000
3.0000 -1.5000 4.5000
3.0000 -1.5000 6.0000
3.0000 -1.5000 7.5000
3.0000 0.0000 -10.5000
3.0000 0.0000 -9.0000
3.0000 0.0000 -7.5000
3.0000 0.0000 -6.0000
3.0000 0.0000 -4.5000
3.0000 0.0000 -3.0000
3.0000 0.0000 -1.5000
3.0000 0.0000 0.0000
3.0000 0.0000 1.5000
3.0000 0.0000 3.0000
3.0000 0.0000 4.5000
3.0000 0.0000 6.0000
3.0000 0.0000 7.5000
3.0000 1.5000 -10.5000
3.0000 1.5000 -9.0000
3.0000 1.5000 -7.5000
3.0000 1.5000 -6.0000
3.0000 1.5000 -4.5000
3.0000 1.5000 -3.0000
3.0000 1.5000 -1.5000
3.0000 1.5000 0.0000
3.0000 1.5000 1.5000
3.0000 1.5000 3.0000
3.0000 1.5000 4.5000
3.0000 1.5000 6.0000
3.0000 1.5000 7.5000
3.0000 3.0000 -10.5000
3.0000 3.0000 -9.0000
3.0000 3.0000 -7.5000
3.0000 3.0000 -6.0000
3.0000 3.0000 -4.5000
3.0000 3.0000 -3.0000
3.0000 3.0000 -1.5000
3.0000 3.0000 0.0000
3.0000 3.0000 1.5000
3.0000 3.0000 3.0000
3.0000 3.0000 4.5000
3.0000 3.0000 6.0000
3.0000 3.0000 7.5000
3.0000 4.5000 -10.5000
3.0000 4.5000 -9.0000
3.0000 4.5000 -7.5000
3.0000 4.5000 -6.0000
3.0000 4.5000 -4.5000
3.0000 4.5000 -3.0000
3.0000 4.5000 -1.5000
3.0000 4.5000 0.0000
3.0000 4.5000 1.5000
3.0000 4.5000 3.0000
3.0000 4.5000 4.5000
3.0000 4.5000 6.0000
3.0000 4.5000 7.5000
3.0000 6.0000 -10.5000
3.0000 6.0000 -9.0000
3.0000 6.0000 -7.5000
3.0000 6.0000 -6.0000
3.0000 6.0000 -4.5000
3.0000 6.0000 -3.0000
3.0000 6.0000 -1.5000
3.0000 6.0000 0.0000
3.0000 6.0000 1.5000
3.0000 6.0000 3.0000
3.0000 6.0000 4.5000
3.0000 6.0000 6.0000
3.0000 6.0000 7.5000
3.0000 7.5000 -10.5000
3.0000 7.5000 -9.0000
3.0000 7.5000 -7.5000
3.0000 7.5000 -6.0000
3.0000 7.5000 -4.5000
3.0000 7.5000 -3.0000
3.0000 7.5000 -1.5000
3.0000 7.5000 0.0000
3.0000 7.5000 1.5000
3.0000 7.5000 3.0000
3.0000 7.5000 4.5000
3.0000 7.5000 6.0000
3.0000 7.5000 7.5000
3.0000 9.0000 -9.0000
3.0000 9.0000 -7.5000
3.0000 9.0000 -6.0000
3.0000 9.0000 -4.5000
3.0000 9.0000 -3.0000
3.0000 9.0000 -1.5000
3.0000 9.0000 0.0000
3.0000 9.0000 1.5000
3.0000 9.0000 3.0000
3.0000 9.0000 4.5000
3.0000 9.0000 6.0000
3.0000 10.5000 -7.5000
3.0000 10.5000 -6.0000
3.0000 10.5000 -4.5000
3.0000 10.5000 -3.0000
3.0000 10.5000 -1.5000
3.0000 10.5000 0.0000
3.0000 10.5000 1.5000
3.0000 10.5000 3.0000
3.0000 10.5000 4.5000
3.0000 10.5000 6.0000
3.0000 12.0000 -6.0000
3.0000 12.0000 -4.5000
3.0000 12.0000 -3.0000
3.0000 12.0000 -1.5000
3.0000 12.0000 0.0000
3.0000 12.0000 1.5000
3.0000 12.0000 3.0000
3.0000 12.0000 4.5000
3.0000 13.5000 0.0000
3.0000 13.5000 1.5000
3.0000 13.5000 3.0000
4.5000 -9.0000 1.5000
4.5000 -9.0000 3.0000
4.5000 -9.0000 4.5000
4.5000 -9.0000 6.0000
4.5000 -9.0000 7.5000
4.5000 -7.5000 -1.5000
4.5000 -7.5000 0.0000
4.5000 -7.5000 1.5000
4.5000 -7.5000 3.0000
4.5000 -7.5000 4.5000
4.5000 -7.5000 6.0000
4.5000 -7.5000 7.5000
4.5000 -7.5000 9.0000
4.5000 -6.0000 -6.0000
4.5000 -6.0000 -4.5000
4.5000 -6.0000 -3.0000
4.5000 -6.0000 -1.5000
4.5000 -6.0000 0.0000
4.5000 -6.0000 1.5000
4.5000 -6.0000 3.0000
4.5000 -6.0000 4.5000
4.5000 -6.0000 6.0000
4.5000 -6.0000 7.5000
4.5000 -6.0000 9.0000
4.5000 -4.5000 -7.5000
4.5000 -4.5000 -6.0000
4.5000 -4.5000 -4.5000
4.5000 -4.5000 -3.0000
4.5000 -4.5000 -1.5000
4.5000 -4.5000 0.0000
4.5000 -4.5000 1.5000
4.5000 -4.5000 3.0000
4.5000 -4.5000 4.5000
4.5000 -4.5000 6.0000
4.5000 -4.5000 7.5000
4.5000 -4.5000 9.0000
4.5000 -3.0000 -9.0000
4.5000 -3.0000 -7.5000
4.5000 -3.0000 -6.0000
4.5000 -3.0000 -4.5000
4.5000 -3.0000 -3.0000
4.5000 -3.0000 -1.5000
4.5000 -3.0000 0.0000
4.5000 -3.0000 1.5000
4.5000 -3.0000 3.0000
4.5000 -3.0000 4.5000
4.5000 -3.0000 6.0000
4.5000 -3.0000 7.5000
4.5000 -3.0000 9.0000
4.5000 -1.5000 -10.5000
4.5000 -1.5000 -9.0000
4.5000 -1.5000 -7.5000
4.5000 -1.5000 -6.0000
4.5000 -1.5000 -4.5000
4.5000 -1.5000 -3.0000
4.5000 -1.5000 -1.5000
4.5000 -1.5000 0.0000
4.5000 -1.5000 1.5000
4.5000 -1.5000 3.0000
4.5000 -1.5000 4.5000
4.5000 -1.5000 6.0000
4.5000 -1.5000 7.5000
4.5000 -1.5000 9.0000
4.5000 0.0000 -10.5000
4.5000 0.0000 -9.0000
4.5000 0.0000 -7.5000
4.5000 0.0000 -6.0000
4.5000 0.0000 -4.5000
4.5000 0.0000 -3.0000
4.5000 0.0000 -1.5000
4.5000 0.0000 0.0000
4.5000 0.0000 1.5000
4.5000 0.0000 3.0000
4.5000 0.0000 4.5000
4.5000 0.0000 6.0000
4.5000 0.0000 7.5000
4.5000 1.5000 -10.5000
4.5000 1.5000 -9.0000
4.5000 1.5000 -7.5000
4.5000 1.5000 -6.0000
4.5000 1.5000 -4.5000
4.5000 1.5000 -3.0000
4.5000 1.5000 -1.5000
4.5000 1.5000 0.0000
4.5000 1.5000 1.5000
4.5000 1.5000 3.0000
4.5000 1.5000 4.5000
4.5000 1.5000 6.0000
4.5000 1.5000 7.5000
4.5000 3.0000 -12.0000
4.5000 3.0000 -10.5000
4.5000 3.0000 -9.0000
4.5000 3.0000 -7.5000
4.5000 3.0000 -6.0000
4.5000 3.0000 -4.5000
4.5000 3.0000 -3.0000
4.5000 3.0000 -1.5000
4.5000 3.0000 0.0000
4.5000 3.0000 1.5000
4.5000 3.0000 3.0000
4.5000 3.0000 4.5000
4.5000 3.0000 6.0000
4.5000 3.0000 7.5000
4.5000 3.0000 9.0000
4.5000 4.5000 -10.5000
4.5000 4.5000 -9.0000
4.5000 4.5000 -7.5000
4.5000 4.5000 -6.0000
4.5000 4.5000 -4.5000
4.5000 4.5000 -3.0000
4.5000 4.5000 -1.5000
4.5000 4.5000 0.0000
4.5000 4.5000 1.5000
4.5000 4.5000 3.0000
4.5000 4.5000 4.5000
4.5000 4.5000 6.0000
4.5000 4.5000 7.5000
4.5000 6.0000 -10.5000
4.5000 6.0000 -9.0000
4.5000 6.0000 -7.5000
4.5000 6.0000 -6.0000
4.5000 6.0000 -4.5000
4.5000 6.0000 -3.0000
4.5000 6.0000 -1.5000
4.5000 6.0000 0.0000
4.5000 6.0000 1.5000
4.5000 6.0000 3.0000
4.5000 6.0000 4.5000
4.5000 6.0000 6.0000
4.5000 6.0000 7.5000
4.5000 7.5000 -10.5000
4.5000 7.5000 -9.0000
4.5000 7.5000 -7.5000
4.5000 7.5000 -6.0000
4.5000 7.5000 -4.5000
4.5000 7.5000 -3.0000
4.5000 7.5000 -1.5000
4.5000 7.5000 0.0000
4.5000 7.5000 1.5000
4.5000 7.5000 3.0000
4.5000 7.5000 4.5000
4.5000 7.5000 6.0000
4.5000 7.5000 7.5000
4.5000 9.0000 -9.0000
4.5000 9.0000 -7.5000
4.5000 9.0000 -6.0000
4.5000 9.0000 -4.5000
4.5000 9.0000 -3.0000
4.5000 9.0000 -1.5000
4.5000 9.0000 0.0000
4.5000 9.0000 1.5000
4.5000 9.0000 3.0000
4.5000 9.0000 4.5000
4.5000 9.0000 6.0000
4.5000 10.5000 -7.5000
4.5000 10.5000 -6.0000
4.5000 10.5000 -4.5000
4.5000 10.5000 -3.0000
4.5000 10.5000 -1.5000
4.5000 10.5000 0.0000
4.5000 10.5000 1.5000
4.5000 10.5000 3.0000
4.5000 10.5000 4.5000
4.5000 12.0000 -6.0000
4.5000 12.0000 -4.5000
4.5000 12.0000 -3.0000
4.5000 12.0000 -1.5000
4.5000 12.0000 0.0000
4.5000 12.0000 1.5000
4.5000 12.0000 3.0000
4.5000 13.5000 -1.5000
6.0000 -10.5000 4.5000
6.0000 -9.0000 1.5000
6.0000 -9.0000 3.0000
6.0000 -9.0000 4.5000
6.0000 -9.0000 6.0000
6.0000 -9.0000 7.5000
6.0000 -7.5000 0.0000
6.0000 -7.5000 1.5000
6.0000 -7.5000 3.0000
6.0000 -7.5000 4.5000
6.0000 -7.5000 6.0000
6.0000 -7.5000 7.5000
6.0000 -7.5000 9.0000
6.0000 -6.0000 -6.0000
6.0000 -6.0000 -4.5000
6.0000 -6.0000 -3.0000
6.0000 -6.0000 -1.5000
6.0000 -6.0000 0.0000
6.0000 -6.0000 1.5000
6.0000 -6.0000 3.0000
6.0000 -6.0000 4.5000
6.0000 -6.0000 6.0000
6.0000 -6.0000 7.5000
6.0000 -6.0000 9.0000
6.0000 -4.5000 -7.5000
6.0000 -4.5000 -6.0000
6.0000 -4.5000 -4.5000
6.0000 -4.5000 -3.0000
6.0000 -4.5000 -1.5000
6.0000 -4.5000 0.0000
6.0000 -4.5000 1.5000
6.0000 -4.5000 3.0000
6.0000 -4.5000 4.5000
6.0000 -4.5000 6.0000
6.0000 -4.5000 7.5000
6.0000 -4.5000 9.0000
6.0000 -4.5000 10.5000
6.0000 -3.0000 -9.0000
6.0000 -3.0000 -7.5000
6.0000 -3.0000 -6.0000
6.0000 -3.0000 -4.5000
6.0000 -3.0000 -3.0000
6.0000 -3.0000 -1.5000
6.0000 -3.0000 0.0000
6.0000 -3.0000 1.5000
6.0000 -3.0000 3.0000
6.0000 -3.0000 4.5000
6.0000 -3.0000 6.0000
6.0000 -3.0000 7.5000
6.0000 -3.0000 9.0000
6.0000 -1.5000 -10.5000
6.0000 -1.5000 -9.0000
6.0000 -1.5000 -7.5000
6.0000 -1.5000 -6.0000
6.0000 -1.5000 -4.5000
6.0000 -1.5000 -3.0000
6.0000 -1.5000 -1.5000
6.0000 -1.5000 0.0000
6.0000 -1.5000 1.5000
6.0000 -1.5000 3.0000
6.0000 -1.5000 4.5000
6.0000 -1.5000 6.0000
6.0000 -1.5000 7.5000
6.0000 -1.5000 9.0000
6.0000 0.0000 -10.5000
6.0000 0.0000 -9.0000
6.0000 0.0000 -7.5000
6.0000 0.0000 -6.0000
6.0000 0.0000 -4.5000
6.0000 0.0000 -3.0000
6.0000 0.0000 -1.5000
6.0000 0.0000 0.0000
6.0000 0.0000 1.5000
6.0000 0.0000 3.0000
6.0000 0.0000 4.5000
6.0000 0.0000 6.0000
6.0000 0.0000 7.5000
6.0000 1.5000 -10.5000
6.0000 1.5000 -9.0000
6.0000 1.5000 -7.5000
6.0000 1.5000 -6.0000
6.0000 1.5000 -4.5000
6.0000 1.5000 -3.0000
6.0000 1.5000 -1.5000
6.0000 1.5000 0.0000
6.0000 1.5000 1.5000
6.0000 1.5000 3.0000
6.0000 1.5000 4.5000
6.0000 1.5000 6.0000
6.0000 1.5000 7.5000
6.0000 3.0000 -10.5000
6.0000 3.0000 -9.0000
6.0000 3.0000 -7.5000
6.0000 3.0000 -6.0000
6.0000 3.0000 -4.5000
6.0000 3.0000 -3.0000
6.0000 3.0000 -1.5000
6.0000 3.0000 0.0000
6.0000 3.0000 1.5000
6.0000 3.0000 3.0000
6.0000 3.0000 4.5000
6.0000 3.0000 6.0000
6.0000 3.0000 7.5000
6.0000 4.5000 -10.5000
6.0000 4.5000 -9.0000
6.0000 4.5000 -7.5000
6.0000 4.5000 -6.0000
6.0000 4.5000 -4.5000
6.0000 4.5000 -3.0000
6.0000 4.5000 -1.5000
6.0000 4.5000 0.0000
6.0000 4.5000 1.5000
6.0000 4.5000 3.0000
6.0000 4.5000 4.5000
6.0000 4.5000 6.0000
6.0000 4.5000 7.5000
6.0000 6.0000 -10.5000
6.0000 6.0000 -9.0000
6.0000 6.0000 -7.5000
6.0000 6.0000 -6.0000
6.0000 6.0000 -4.5000
6.0000 6.0000 -3.0000
6.0000 6.0000 -1.5000
6.0000 6.0000 0.0000
6.0000 6.0000 1.5000
6.0000 6.0000 3.0000
6.0000 6.0000 4.5000
6.0000 6.0000 6.0000
6.0000 6.0000 7.5000
6.0000 7.5000 -10.5000
6.0000 7.5000 -9.0000
6.0000 7.5000 -7.5000
6.0000 7.5000 -6.0000
6.0000 7.5000 -4.5000
6.0000 7.5000 -3.0000
6.0000 7.5000 -1.5000
6.0000 7.5000 0.0000
6.0000 7.5000 1.5000
6.0000 7.5000 3.0000
6.0000 7.5000 4.5000
6.0000 7.5000 6.0000
6.0000 7.5000 7.5000
6.0000 9.0000 -9.0000
6.0000 9.0000 -7.5000
6.0000 9.0000 -6.0000
6.0000 9.0000 -4.5000
6.0000 9.0000 -3.0000
6.0000 9.0000 -1.5000
6.0000 9.0000 0.0000
6.0000 9.0000 1.5000
6.0000 9.0000 3.0000
6.0000 9.0000 4.5000
6.0000 9.0000 6.0000
6.0000 10.5000 -7.5000
6.0000 10.5000 -6.0000
6.0000 10.5000 -4.5000
6.0000 10.5000 -3.0000
6.0000 10.5000 -1.5000
6.0000 10.5000 0.0000
6.0000 10.5000 1.5000
6.0000 10.5000 3.0000
6.0000 10.5000 4.5000
6.0000 12.0000 -6.0000
6.0000 12.0000 -4.5000
6.0000 12.0000 -3.0000
6.0000 12.0000 -1.5000
6.0000 12.0000 0.0000
6.0000 12.0000 1.5000
6.0000 12.0000 3.0000
7.5000 -9.0000 1.5000
7.5000 -9.0000 3.0000
7.5000 -9.0000 4.5000
7.5000 -9.0000 6.0000
7.5000 -9.0000 7.5000
7.5000 -7.5000 0.0000
7.5000 -7.5000 1.5000
7.5000 -7.5000 3.0000
7.5000 -7.5000 4.5000
7.5000 -7.5000 6.0000
7.5000 -7.5000 7.5000
7.5000 -7.5000 9.0000
7.5000 -6.0000 -6.0000
7.5000 -6.0000 -4.5000
7.5000 -6.0000 -3.0000
7.5000 -6.0000 -1.5000
7.5000 -6.0000 0.0000
7.5000 -6.0000 1.5000
7.5000 -6.0000 3.0000
7.5000 -6.0000 4.5000
7.5000 -6.0000 6.0000
7.5000 -6.0000 7.5000
7.5000 -6.0000 9.0000
7.5000 -4.5000 -7.5000
7.5000 -4.5000 -6.0000
7.5000 -4.5000 -4.5000
7.5000 -4.5000 -3.0000
7.5000 -4.5000 -1.5000
7.5000 -4.5000 0.0000
7.5000 -4.5000 1.5000
7.5000 -4.5000 3.0000
7.5000 -4.5000 4.5000
7.5000 -4.5000 6.0000
7.5000 -4.5000 7.5000
7.5000 -4.5000 9.0000
7.5000 -3.0000 -9.0000
7.5000 -3.0000 -7.5000
7.5000 -3.0000 -6.0000
7.5000 -3.0000 -4.5000
7.5000 -3.0000 -3.0000
7.5000 -3.0000 -1.5000
7.5000 -3.0000 0.0000
7.5000 -3.0000 1.5000
7.5000 -3.0000 3.0000
7.5000 -3.0000 4.5000
7.5000 -3.0000 6.0000
7.5000 -3.0000 7.5000
7.5000 -3.0000 9.0000
7.5000 -1.5000 -10.5000
7.5000 -1.5000 -9.0000
7.5000 -1.5000 -7.5000
7.5000 -1.5000 -6.0000
7.5000 -1.5000 -4.5000
7.5000 -1.5000 -3.0000
7.5000 -1.5000 -1.5000
7.5000 -1.5000 0.0000
7.5000 -1.5000 1.5000
7.5000 -1.5000 3.0000
7.5000 -1.5000 4.5000
7.5000 -1.5000 6.0000
7.5000 -1.5000 7.5000
7.5000 -1.5000 9.0000
7.5000 0.0000 -10.5000
7.5000 0.0000 -9.0000
7.5000 0.0000 -7.5000
7.5000 0.0000 -6.0000
7.5000 0.0000 -4.5000
7.5000 0.0000 -3.0000
7.5000 0.0000 -1.5000
7.5000 0.0000 0.0000
7.5000 0.0000 1.5000
7.5000 0.0000 3.0000
7.5000 0.0000 4.5000
7.5000 0.0000 6.0000
7.5000 0.0000 7.5000
7.5000 1.5000 -10.5000
7.5000 1.5000 -9.0000
7.5000 1.5000 -7.5000
7.5000 1.5000 -6.0000
7.5000 1.5000 -4.5000
7.5000 1.5000 -3.0000
7.5000 1.5000 -1.5000
7.5000 1.5000 0.0000
7.5000 1.5000 1.5000
7.5000 1.5000 3.0000
7.5000 1.5000 4.5000
7.5000 1.5000 6.0000
7.5000 1.5000 7.5000
7.5000 3.0000 -10.5000
7.5000 3.0000 -9.0000
7.5000 3.0000 -7.5000
7.5000 3.0000 -6.0000
7.5000 3.0000 -4.5000
7.5000 3.0000 -3.0000
7.5000 3.0000 -1.5000
7.5000 3.0000 0.0000
7.5000 3.0000 1.5000
7.5000 3.0000 3.0000
7.5000 3.0000 4.5000
7.5000 3.0000 6.0000
7.5000 3.0000 7.5000
7.5000 4.5000 -10.5000
7.5000 4.5000 -9.0000
7.5000 4.5000 -7.5000
7.5000 4.5000 -6.0000
7.5000 4.5000 -4.5000
7.5000 4.5000 -3.0000
7.5000 4.5000 -1.5000
7.5000 4.5000 0.0000
7.5000 4.5000 1.5000
7.5000 4.5000 3.0000
7.5000 4.5000 4.5000
7.5000 4.5000 6.0000
7.5000 4.5000 7.5000
7.5000 6.0000 -10.5000
7.5000 6.0000 -9.0000
7.5000 6.0000 -7.5000
7.5000 6.0000 -6.0000
7.5000 6.0000 -4.5000
7.5000 6.0000 -3.0000
7.5000 6.0000 -1.5000
7.5000 6.0000 0.0000
7.5000 6.0000 1.5000
7.5000 6.0000 3.0000
7.5000 6.0000 4.5000
7.5000 6.0000 6.0000
7.5000 6.0000 7.5000
7.5000 7.5000 -10.5000
7.5000 7.5000 -9.0000
7.5000 7.5000 -7.5000
7.5000 7.5000 -6.0000
7.5000 7.5000 -4.5000
7.5000 7.5000 -3.0000
7.5000 7.5000 -1.5000
7.5000 7.5000 0.0000
7.5000 7.5000 1.5000
7.5000 7.5000 3.0000
7.5000 7.5000 4.5000
7.5000 7.5000 6.0000
7.5000 7.5000 7.5000
7.5000 9.0000 -9.0000
7.5000 9.0000 -7.5000
7.5000 9.0000 -6.0000
7.5000 9.0000 -4.5000
7.5000 9.0000 -3.0000
7.5000 9.0000 -1.5000
7.5000 9.0000 0.0000
7.5000 9.0000 1.5000
7.5000 9.0000 3.0000
7.5000 9.0000 4.5000
7.5000 9.0000 6.0000
7.5000 10.5000 -7.5000
7.5000 10.5000 -6.0000
7.5000 10.5000 -4.5000
7.5000 10.5000 -3.0000
7.5000 10.5000 -1.5000
7.5000 10.5000 0.0000
7.5000 10.5000 1.5000
7.5000 10.5000 3.0000
7.5000 10.5000 4.5000
7.5000 12.0000 -6.0000
7.5000 12.0000 -4.5000
7.5000 12.0000 -3.0000
7.5000 12.0000 -1.5000
7.5000 12.0000 0.0000
7.5000 12.0000 1.5000
7.5000 12.0000 3.0000
9.0000 -9.0000 3.0000
9.0000 -9.0000 4.5000
9.0000 -9.0000 6.0000
9.0000 -7.5000 1.5000
9.0000 -7.5000 3.0000
9.0000 -7.5000 4.5000
9.0000 -7.5000 6.0000
9.0000 -7.5000 7.5000
9.0000 -6.0000 -4.5000
9.0000 -6.0000 -3.0000
9.0000 -6.0000 -1.5000
9.0000 -6.0000 0.0000
9.0000 -6.0000 1.5000
9.0000 -6.0000 3.0000
9.0000 -6.0000 4.5000
9.0000 -6.0000 6.0000
9.0000 -6.0000 7.5000
9.0000 -6.0000 9.0000
9.0000 -4.5000 -6.0000
9.0000 -4.5000 -4.5000
9.0000 -4.5000 -3.0000
9.0000 -4.5000 -1.5000
9.0000 -4.5000 0.0000
9.0000 -4.5000 1.5000
9.0000 -4.5000 3.0000
9.0000 -4.5000 4.5000
9.0000 -4.5000 6.0000
9.0000 -4.5000 7.5000
9.0000 -4.5000 9.0000
9.0000 -3.0000 -7.5000
9.0000 -3.0000 -6.0000
9.0000 -3.0000 -4.5000
9.0000 -3.0000 -3.0000
9.0000 -3.0000 -1.5000
9.0000 -3.0000 0.0000
9.0000 -3.0000 1.5000
9.0000 -3.0000 3.0000
9.0000 -3.0000 4.5000
9.0000 -3.0000 6.0000
9.0000 -3.0000 7.5000
9.0000 -3.0000 9.0000
9.0000 -1.5000 -9.0000
9.0000 -1.5000 -7.5000
9.0000 -1.5000 -6.0000
9.0000 -1.5000 -4.5000
9.0000 -1.5000 -3.0000
9.0000 -1.5000 -1.5000
9.0000 -1.5000 0.0000
9.0000 -1.5000 1.5000
9.0000 -1.5000 3.0000
9.0000 -1.5000 4.5000
9.0000 -1.5000 6.0000
9.0000 -1.5000 7.5000
9.0000 0.0000 -10.5000
9.0000 0.0000 -9.0000
9.0000 0.0000 -7.5000
9.0000 0.0000 -6.0000
9.0000 0.0000 -4.5000
9.0000 0.0000 -3.0000
9.0000 0.0000 -1.5000
9.0000 0.0000 0.0000
9.0000 0.0000 1.5000
9.0000 0.0000 3.0000
9.0000 0.0000 4.5000
9.0000 0.0000 6.0000
9.0000 0.0000 7.5000
9.0000 1.5000 -10.5000
9.0000 1.5000 -9.0000
9.0000 1.5000 -7.5000
9.0000 1.5000 -6.0000
9.0000 1.5000 -4.5000
9.0000 1.5000 -3.0000
9.0000 1.5000 -1.5000
9.0000 1.5000 0.0000
9.0000 1.5000 1.5000
9.0000 1.5000 3.0000
9.0000 1.5000 4.5000
9.0000 1.5000 6.0000
9.0000 1.5000 7.5000
9.0000 3.0000 -10.5000
9.0000 3.0000 -9.0000
9.0000 3.0000 -7.5000
9.0000 3.0000 -6.0000
9.0000 3.0000 -4.5000
9.0000 3.0000 -3.0000
9.0000 3.0000 -1.5000
9.0000 3.0000 0.0000
9.0000 3.0000 1.5000
9.0000 3.0000 3.0000
9.0000 3.0000 4.5000
9.0000 3.0000 6.0000
9.0000 3.0000 7.5000
9.0000 4.5000 -10.5000
9.0000 4.5000 -9.0000
9.0000 4.5000 -7.5000
9.0000 4.5000 -6.0000
9.0000 4.5000 -4.5000
9.0000 4.5000 -3.0000
9.0000 4.5000 -1.5000
9.0000 4.5000 0.0000
9.0000 4.5000 1.5000
9.0000 4.5000 3.0000
9.0000 4.5000 4.5000
9.0000 4.5000 6.0000
9.0000 4.5000 7.5000
9.0000 6.0000 -10.5000
9.0000 6.0000 -9.0000
9.0000 6.0000 -7.5000
9.0000 6.0000 -6.0000
9.0000 6.0000 -4.5000
9.0000 6.0000 -3.0000
9.0000 6.0000 -1.5000
9.0000 6.0000 0.0000
9.0000 6.0000 1.5000
9.0000 6.0000 3.0000
9.0000 6.0000 4.5000
9.0000 6.0000 6.0000
9.0000 6.0000 7.5000
9.0000 7.5000 -9.0000
9.0000 7.5000 -7.5000
9.0000 7.5000 -6.0000
9.0000 7.5000 -4.5000
9.0000 7.5000 -3.0000
9.0000 7.5000 -1.5000
9.0000 7.5000 0.0000
9.0000 7.5000 1.5000
9.0000 7.5000 3.0000
9.0000 7.5000 4.5000
9.0000 7.5000 6.0000
9.0000 9.0000 -9.0000
9.0000 9.0000 -7.5000
9.0000 9.0000 -6.0000
9.0000 9.0000 -4.5000
9.0000 9.0000 -3.0000
9.0000 9.0000 -1.5000
9.0000 9.0000 0.0000
9.0000 9.0000 1.5000
9.0000 9.0000 3.0000
9.0000 9.0000 4.5000
9.0000 10.5000 -7.5000
9.0000 10.5000 -6.0000
9.0000 10.5000 -4.5000
9.0000 10.5000 -3.0000
9.0000 10.5000 -1.5000
9.0000 10.5000 0.0000
9.0000 10.5000 1.5000
9.0000 10.5000 3.0000
9.0000 12.0000 -6.0000
9.0000 12.0000 -4.5000
9.0000 12.0000 -3.0000
9.0000 12.0000 -1.5000
9.0000 12.0000 0.0000
9.0000 12.0000 1.5000
10.5000 -7.5000 3.0000
10.5000 -7.5000 4.5000
10.5000 -7.5000 6.0000
10.5000 -6.0000 1.5000
10.5000 -6.0000 3.0000
10.5000 -6.0000 4.5000
10.5000 -6.0000 6.0000
10.5000 -6.0000 7.5000
10.5000 -4.5000 -4.5000
10.5000 -4.5000 -3.0000
10.5000 -4.5000 -1.5000
10.5000 -4.5000 0.0000
10.5000 -4.5000 1.5000
10.5000 -4.5000 3.0000
10.5000 -4.5000 4.5000
10.5000 -4.5000 6.0000
10.5000 -4.5000 7.5000
10.5000 -3.0000 -7.5000
10.5000 -3.0000 -6.0000
10.5000 -3.0000 -4.5000
10.5000 -3.0000 -3.0000
10.5000 -3.0000 -1.5000
10.5000 -3.0000 0.0000
10.5000 -3.0000 1.5000
10.5000 -3.0000 3.0000
10.5000 -3.0000 4.5000
10.5000 -3.0000 6.0000
10.5000 -3.0000 7.5000
10.5000 -1.5000 -7.5000
10.5000 -1.5000 -6.0000
10.5000 -1.5000 -4.5000
10.5000 -1.5000 -3.0000
10.5000 -1.5000 -1.5000
10.5000 -1.5000 0.0000
10.5000 -1.5000 1.5000
10.5000 -1.5000 3.0000
10.5000 -1.5000 4.5000
10.5000 -1.5000 6.0000
10.5000 0.0000 -9.0000
10.5000 0.0000 -7.5000
10.5000 0.0000 -6.0000
10.5000 0.0000 -4.5000
10.5000 0.0000 -3.0000
10.5000 0.0000 -1.5000
10.5000 0.0000 0.0000
10.5000 0.0000 1.5000
10.5000 0.0000 3.0000
10.5000 0.0000 4.5000
10.5000 0.0000 6.0000
10.5000 1.5000 -9.0000
10.5000 1.5000 -7.5000
10.5000 1.5000 -6.0000
10.5000 1.5000 -4.5000
10.5000 1.5000 -3.0000
10.5000 1.5000 -1.5000
10.5000 1.5000 0.0000
10.5000 1.5000 1.5000
10.5000 1.5000 3.0000
10.5000 1.5000 4.5000
10.5000 1.5000 6.0000
10.5000 3.0000 -9.0000
10.5000 3.0000 -7.5000
10.5000 3.0000 -6.0000
10.5000 3.0000 -4.5000
10.5000 3.0000 -3.0000
10.5000 3.0000 -1.5000
10.5000 3.0000 0.0000
10.5000 3.0000 1.5000
10.5000 3.0000 3.0000
10.5000 3.0000 4.5000
10.5000 3.0000 6.0000
10.5000 4.5000 -9.0000
10.5000 4.5000 -7.5000
10.5000 4.5000 -6.0000
10.5000 4.5000 -4.5000
10.5000 4.5000 -3.0000
10.5000 4.5000 -1.5000
10.5000 4.5000 0.0000
10.5000 4.5000 1.5000
10.5000 4.5000 3.0000
10.5000 4.5000 4.5000
10.5000 4.5000 6.0000
10.5000 6.0000 -9.0000
10.5000 6.0000 -7.5000
10.5000 6.0000 -6.0000
10.5000 6.0000 -4.5000
10.5000 6.0000 -3.0000
10.5000 6.0000 -1.5000
10.5000 6.0000 0.0000
10.5000 6.0000 1.5000
10.5000 6.0000 3.0000
10.5000 6.0000 4.5000
10.5000 6.0000 6.0000
10.5000 7.5000 -9.0000
10.5000 7.5000 -7.5000
10.5000 7.5000 -6.0000
10.5000 7.5000 -4.5000
10.5000 7.5000 -3.0000
10.5000 7.5000 -1.5000
10.5000 7.5000 0.0000
10.5000 7.5000 1.5000
10.5000 7.5000 3.0000
10.5000 7.5000 4.5000
10.5000 9.0000 -9.0000
10.5000 9.0000 -7.5000
10.5000 9.0000 -6.0000
10.5000 9.0000 -4.5000
10.5000 9.0000 -3.0000
10.5000 9.0000 -1.5000
10.5000 9.0000 0.0000
10.5000 9.0000 1.5000
10.5000 9.0000 3.0000
10.5000 9.0000 4.5000
10.5000 10.5000 -7.5000
10.5000 10.5000 -6.0000
10.5000 10.5000 -4.5000
10.5000 10.5000 -3.0000
10.5000 10.5000 -1.5000
10.5000 10.5000 0.0000
10.5000 10.5000 1.5000
10.5000 12.0000 -6.0000
10.5000 12.0000 -4.5000
10.5000 12.0000 -3.0000
10.5000 12.0000 -1.5000
10.5000 12.0000 0.0000
12.0000 -4.5000 4.5000
12.0000 -3.0000 -4.5000
12.0000 -3.0000 -3.0000
12.0000 -3.0000 -1.5000
12.0000 -3.0000 0.0000
12.0000 -3.0000 1.5000
12.0000 -1.5000 -6.0000
12.0000 -1.5000 -4.5000
12.0000 -1.5000 -3.0000
12.0000 -1.5000 -1.5000
12.0000 -1.5000 0.0000
12.0000 -1.5000 1.5000
12.0000 -1.5000 3.0000
12.0000 0.0000 -7.5000
12.0000 0.0000 -6.0000
12.0000 0.0000 -4.5000
12.0000 0.0000 -3.0000
12.0000 0.0000 -1.5000
12.0000 0.0000 0.0000
12.0000 0.0000 1.5000
12.0000 0.0000 3.0000
12.0000 0.0000 4.5000
12.0000 1.5000 -9.0000
12.0000 1.5000 -7.5000
12.0000 1.5000 -6.0000
12.0000 1.5000 -4.5000
12.0000 1.5000 -3.0000
12.0000 1.5000 -1.5000
12.0000 1.5000 0.0000
12.0000 1.5000 1.5000
12.0000 1.5000 3.0000
12.0000 1.5000 4.5000
12.0000 3.0000 -9.0000
12.0000 3.0000 -7.5000
12.0000 3.0000 -6.0000
12.0000 3.0000 -4.5000
12.0000 3.0000 -3.0000
12.0000 3.0000 -1.5000
12.0000 3.0000 0.0000
12.0000 3.0000 1.5000
12.0000 3.0000 3.0000
12.0000 3.0000 4.5000
12.0000 4.5000 -9.0000
12.0000 4.5000 -7.5000
12.0000 4.5000 -6.0000
12.0000 4.5000 -4.5000
12.0000 4.5000 -3.0000
12.0000 4.5000 -1.5000
12.0000 4.5000 0.0000
12.0000 4.5000 1.5000
12.0000 4.5000 3.0000
12.0000 4.5000 4.5000
12.0000 6.0000 -10.5000
12.0000 6.0000 -9.0000
12.0000 6.0000 -7.5000
12.0000 6.0000 -6.0000
12.0000 6.0000 -4.5000
12.0000 6.0000 -3.0000
12.0000 6.0000 -1.5000
12.0000 6.0000 0.0000
12.0000 6.0000 1.5000
12.0000 6.0000 3.0000
12.0000 6.0000 4.5000
12.0000 7.5000 -9.0000
12.0000 7.5000 -7.5000
12.0000 7.5000 -6.0000
12.0000 7.5000 -4.5000
12.0000 7.5000 -3.0000
12.0000 7.5000 -1.5000
12.0000 7.5000 0.0000
12.0000 7.5000 1.5000
12.0000 7.5000 3.0000
12.0000 9.0000 -9.0000
12.0000 9.0000 -7.5000
12.0000 9.0000 -6.0000
12.0000 9.0000 -4.5000
12.0000 9.0000 -3.0000
12.0000 9.0000 -1.5000
12.0000 9.0000 0.0000
12.0000 9.0000 1.5000
12.0000 9.0000 3.0000
12.0000 10.5000 -9.0000
12.0000 10.5000 -7.5000
12.0000 10.5000 -6.0000
12.0000 10.5000 -4.5000
12.0000 10.5000 -3.0000
12.0000 10.5000 -1.5000
12.0000 10.5000 0.0000
12.0000 10.5000 1.5000
12.0000 10.5000 3.0000
12.0000 12.0000 -7.5000
12.0000 12.0000 -6.0000
12.0000 12.0000 -4.5000
12.0000 12.0000 -3.0000
12.0000 12.0000 -1.5000
12.0000 12.0000 0.0000
12.0000 12.0000 1.5000
12.0000 13.5000 -3.0000
13.5000 -1.5000 -4.5000
13.5000 -1.5000 -3.0000
13.5000 -1.5000 -1.5000
13.5000 -1.5000 0.0000
13.5000 -1.5000 1.5000
13.5000 0.0000 -6.0000
13.5000 0.0000 -4.5000
13.5000 0.0000 -3.0000
13.5000 0.0000 -1.5000
13.5000 0.0000 0.0000
13.5000 0.0000 1.5000
13.5000 0.0000 3.0000
13.5000 1.5000 -7.5000
13.5000 1.5000 -6.0000
13.5000 1.5000 -4.5000
13.5000 1.5000 -3.0000
13.5000 1.5000 -1.5000
13.5000 1.5000 0.0000
13.5000 1.5000 1.5000
13.5000 1.5000 3.0000
13.5000 3.0000 -9.0000
13.5000 3.0000 -7.5000
13.5000 3.0000 -6.0000
13.5000 3.0000 -4.5000
13.5000 3.0000 -3.0000
13.5000 3.0000 -1.5000
13.5000 3.0000 0.0000
13.5000 3.0000 1.5000
13.5000 3.0000 3.0000
13.5000 4.5000 -9.0000
13.5000 4.5000 -7.5000
13.5000 4.5000 -6.0000
13.5000 4.5000 -4.5000
13.5000 4.5000 -3.0000
13.5000 4.5000 -1.5000
13.5000 4.5000 0.0000
13.5000 4.5000 1.5000
13.5000 4.5000 3.0000
13.5000 6.0000 -9.0000
13.5000 6.0000 -7.5000
13.5000 6.0000 -6.0000
13.5000 6.0000 -4.5000
13.5000 6.0000 -3.0000
13.5000 6.0000 -1.5000
13.5000 6.0000 0.0000
13.5000 6.0000 1.5000
13.5000 6.0000 3.0000
13.5000 7.5000 -9.0000
13.5000 7.5000 -7.5000
13.5000 7.5000 -6.0000
13.5000 7.5000 -4.5000
13.5000 7.5000 -3.0000
13.5000 7.5000 -1.5000
13.5000 7.5000 0.0000
13.5000 7.5000 1.5000
13.5000 7.5000 3.0000
13.5000 9.0000 -9.0000
13.5000 9.0000 -7.5000
13.5000 9.0000 -6.0000
13.5000 9.0000 -4.5000
13.5000 9.0000 -3.0000
13.5000 9.0000 -1.5000
13.5000 9.0000 0.0000
13.5000 9.0000 1.5000
13.5000 9.0000 3.0000
13.5000 10.5000 -7.5000
13.5000 10.5000 -6.0000
13.5000 10.5000 -4.5000
13.5000 10.5000 -3.0000
13.5000 10.5000 -1.5000
13.5000 10.5000 0.0000
13.5000 10.5000 1.5000
13.5000 12.0000 -6.0000
13.5000 12.0000 -4.5000
13.5000 12.0000 -3.0000
13.5000 12.0000 -1.5000
13.5000 12.0000 0.0000
15.0000 0.0000 -6.0000
15.0000 0.0000 -4.5000
15.0000 0.0000 -3.0000
15.0000 0.0000 -1.5000
15.0000 0.0000 0.0000
15.0000 1.5000 -7.5000
15.0000 1.5000 -6.0000
15.0000 1.5000 -4.5000
15.0000 1.5000 -3.0000
15.0000 1.5000 -1.5000
15.0000 1.5000 0.0000
15.0000 1.5000 1.5000
15.0000 3.0000 -9.0000
15.0000 3.0000 -7.5000
15.0000 3.0000 -6.0000
15.0000 3.0000 -4.5000
15.0000 3.0000 -3.0000
15.0000 3.0000 -1.5000
15.0000 3.0000 0.0000
15.0000 3.0000 1.5000
15.0000 3.0000 3.0000
15.0000 4.5000 -9.0000
15.0000 4.5000 -7.5000
15.0000 4.5000 -6.0000
15.0000 4.5000 -4.5000
15.0000 4.5000 -3.0000
15.0000 4.5000 -1.5000
15.0000 4.5000 0.0000
15.0000 4.5000 1.5000
15.0000 4.5000 3.0000
15.0000 6.0000 -9.0000
15.0000 6.0000 -7.5000
15.0000 6.0000 -6.0000
15.0000 6.0000 -4.5000
15.0000 6.0000 -3.0000
15.0000 6.0000 -1.5000
15.0000 6.0000 0.0000
15.0000 6.0000 1.5000
15.0000 6.0000 3.0000
15.0000 7.5000 -9.0000
15.0000 7.5000 -7.5000
15.0000 7.5000 -6.0000
15.0000 7.5000 -4.5000
15.0000 7.5000 -3.0000
15.0000 7.5000 -1.5000
15.0000 7.5000 0.0000
15.0000 7.5000 1.5000
15.0000 7.5000 3.0000
15.0000 9.0000 -9.0000
15.0000 9.0000 -7.5000
15.0000 9.0000 -6.0000
15.0000 9.0000 -4.5000
15.0000 9.0000 -3.0000
15.0000 9.0000 -1.5000
15.0000 9.0000 0.0000
15.0000 9.0000 1.5000
15.0000 9.0000 3.0000
15.0000 10.5000 -7.5000
15.0000 10.5000 -6.0000
15.0000 10.5000 -4.5000
15.0000 10.5000 -3.0000
15.0000 10.5000 -1.5000
15.0000 10.5000 0.0000
15.0000 10.5000 1.5000
15.0000 12.0000 -6.0000
15.0000 12.0000 -4.5000
15.0000 12.0000 -3.0000
15.0000 12.0000 -1.5000
15.0000 12.0000 0.0000
16.5000 0.0000 -3.0000
16.5000 1.5000 -6.0000
16.5000 1.5000 -4.5000
16.5000 1.5000 -3.0000
16.5000 1.5000 -1.5000
16.5000 1.5000 0.0000
16.5000 3.0000 -7.5000
16.5000 3.0000 -6.0000
16.5000 3.0000 -4.5000
16.5000 3.0000 -3.0000
16.5000 3.0000 -1.5000
16.5000 3.0000 0.0000
16.5000 3.0000 1.5000
16.5000 4.5000 -7.5000
16.5000 4.5000 -6.0000
16.5000 4.5000 -4.5000
16.5000 4.5000 -3.0000
16.5000 4.5000 -1.5000
16.5000 4.5000 0.0000
16.5000 4.5000 1.5000
16.5000 6.0000 -9.0000
16.5000 6.0000 -7.5000
16.5000 6.0000 -6.0000
16.5000 6.0000 -4.5000
16.5000 6.0000 -3.0000
16.5000 6.0000 -1.5000
16.5000 6.0000 0.0000
16.5000 6.0000 1.5000
16.5000 6.0000 3.0000
16.5000 7.5000 -7.5000
16.5000 7.5000 -6.0000
16.5000 7.5000 -4.5000
16.5000 7.5000 -3.0000
16.5000 7.5000 -1.5000
16.5000 7.5000 0.0000
16.5000 7.5000 1.5000
16.5000 9.0000 -7.5000
16.5000 9.0000 -6.0000
16.5000 9.0000 -4.5000
16.5000 9.0000 -3.0000
16.5000 9.0000 -1.5000
16.5000 9.0000 0.0000
16.5000 9.0000 1.5000
16.5000 10.5000 -6.0000
16.5000 10.5000 -4.5000
16.5000 10.5000 -3.0000
16.5000 10.5000 -1.5000
16.5000 10.5000 0.0000
16.5000 12.0000 -3.0000
18.0000 1.5000 -3.0000
18.0000 3.0000 -6.0000
18.0000 3.0000 -4.5000
18.0000 3.0000 -3.0000
18.0000 3.0000 -1.5000
18.0000 3.0000 0.0000
18.0000 4.5000 -6.0000
18.0000 4.5000 -4.5000
18.0000 4.5000 -3.0000
18.0000 4.5000 -1.5000
18.0000 4.5000 0.0000
18.0000 6.0000 -7.5000
18.0000 6.0000 -6.0000
18.0000 6.0000 -4.5000
18.0000 6.0000 -3.0000
18.0000 6.0000 -1.5000
18.0000 6.0000 0.0000
18.0000 6.0000 1.5000
18.0000 7.5000 -6.0000
18.0000 7.5000 -4.5000
18.0000 7.5000 -3.0000
18.0000 7.5000 -1.5000
18.0000 7.5000 0.0000
18.0000 9.0000 -6.0000
18.0000 9.0000 -4.5000
18.0000 9.0000 -3.0000
18.0000 9.0000 -1.5000
18.0000 9.0000 0.0000
18.0000 10.5000 -3.0000
19.5000 6.0000 -3.0000
