12 16 16
0.244882
0.263562
0.252145
0.253699
0.244733
0.262401
0.292238
0.281816
0.297404
0.284978
0.291229
0.290373
0.256679
0.310438
0.306794
0.309976
0.219506
0.221789
0.242208
0.253970
0.272776
0.269082
0.283753
0.263822
0.286174
0.291216
0.273444
0.324351
0.304466
0.320607
0.287593
0.288543
0.249786
0.257872
0.275975
0.271635
0.261053
0.254195
0.266255
0.304418
0.267174
0.291562
0.298530
0.263538
0.297636
0.326125
0.263046
0.300235
0.257877
0.246988
0.276614
0.268754
0.244040
0.293224
0.293387
0.302250
0.315479
0.297245
0.295719
0.270683
0.312309
0.291098
0.297613
0.284704
0.243981
0.256044
0.295777
0.232697
0.247513
0.284787
0.312200
0.298237
0.252001
0.242969
0.303815
0.285275
0.280938
0.326214
0.332036
0.316478
0.271582
0.278687
0.305213
0.289047
0.290373
0.294288
0.255300
0.315635
0.312435
0.307259
0.260522
0.290660
0.323513
0.273776
0.309653
0.337057
0.243776
0.305535
0.287706
0.276997
0.289831
0.299663
0.292408
0.316247
0.283436
0.291705
0.324167
0.307203
0.292391
0.332262
0.345977
0.311103
0.245733
0.273972
0.277020
0.277373
0.314762
0.269461
0.318545
0.271300
0.284259
0.315964
0.329240
0.327180
0.320238
0.319514
0.323050
0.334839
0.273143
0.285549
0.294788
0.286683
0.305280
0.304651
0.336879
0.306499
0.294781
0.299216
0.309738
0.331809
0.309935
0.327717
0.360079
0.275373
0.257522
0.288211
0.294633
0.294771
0.284710
0.309770
0.305643
0.292892
0.355268
0.317103
0.302249
0.314678
0.315488
0.322079
0.272105
0.320262
0.303505
0.263295
0.288666
0.312403
0.313790
0.329821
0.269305
0.299599
0.303181
0.325799
0.338502
0.266343
0.345107
0.297716
0.343663
0.303491
0.290184
0.313893
0.290347
0.300489
0.315942
0.306161
0.304897
0.340665
0.334303
0.310790
0.374907
0.300397
0.344959
0.324686
0.335981
0.350767
0.294444
0.306106
0.266120
0.269810
0.315632
0.287403
0.289467
0.283931
0.341994
0.334931
0.352795
0.307912
0.330020
0.310527
0.351987
0.371788
0.275529
0.327873
0.319761
0.299777
0.267227
0.338133
0.311408
0.304610
0.327992
0.331533
0.356629
0.309597
0.356058
0.366414
0.369045
0.339721
0.281786
0.320371
0.305637
0.309150
0.338484
0.308065
0.270732
0.312256
0.286255
0.343042
0.336341
0.321109
0.336475
0.356652
0.344912
0.373197
0.298774
0.324140
0.336496
0.342198
0.299897
0.334265
0.282480
0.301666
0.287411
0.351380
0.308695
0.336411
0.336156
0.342761
0.334836
0.354673
0.285825
0.254219
0.267286
0.280010
0.259374
0.241473
0.258892
0.294805
0.243742
0.268043
0.303482
0.302521
0.290152
0.309438
0.299986
0.276422
0.222054
0.243888
0.278455
0.252022
0.248619
0.254581
0.242698
0.274321
0.256408
0.290616
0.239465
0.296556
0.280501
0.257824
0.314494
0.297823
0.212066
0.242499
0.269154
0.257495
0.285600
0.288284
0.289991
0.286533
0.310007
0.299863
0.299024
0.251654
0.314598
0.326189
0.297395
0.297277
0.298806
0.228171
0.276044
0.318474
0.254781
0.290458
0.317728
0.280929
0.297891
0.308052
0.275218
0.294885
0.305856
0.319841
0.305976
0.306093
0.243012
0.259487
0.287833
0.275368
0.259606
0.263168
0.336667
0.309465
0.302748
0.241475
0.309096
0.309614
0.337015
0.315222
0.308650
0.323782
0.227782
0.290665
0.279831
0.262625
0.306511
0.319520
0.258619
0.276673
0.299159
0.300336
0.292030
0.283849
0.349076
0.330748
0.289449
0.289767
0.304063
0.293116
0.313086
0.296203
0.265892
0.291880
0.246799
0.278371
0.295488
0.310455
0.288782
0.304182
0.319171
0.320867
0.329427
0.324180
0.266855
0.292450
0.280987
0.266811
0.274148
0.289993
0.291141
0.299807
0.299990
0.306851
0.303981
0.284831
0.321760
0.337740
0.328693
0.319548
0.285596
0.260686
0.245410
0.287858
0.271390
0.308131
0.274985
0.247430
0.282543
0.338229
0.302364
0.285945
0.301400
0.330418
0.333271
0.330201
0.309677
0.297463
0.286247
0.301933
0.326425
0.316093
0.320475
0.281677
0.303698
0.324597
0.307404
0.338044
0.331927
0.341498
0.322419
0.380928
0.308134
0.282358
0.291812
0.345237
0.289802
0.317483
0.322942
0.306798
0.286657
0.317084
0.323854
0.342594
0.338991
0.327154
0.347072
0.344130
0.290788
0.291104
0.288466
0.310390
0.278916
0.290760
0.306766
0.280721
0.304616
0.276490
0.306342
0.334702
0.337995
0.328910
0.328691
0.308330
0.326556
0.303653
0.318536
0.282353
0.299628
0.270276
0.325610
0.332036
0.278719
0.318958
0.335940
0.291426
0.293491
0.312032
0.324082
0.311943
0.293966
0.301659
0.312680
0.317373
0.336720
0.333286
0.287096
0.306558
0.298797
0.301801
0.325041
0.330110
0.343140
0.304928
0.315247
0.342871
0.292678
0.293775
0.302069
0.291472
0.324025
0.320419
0.314912
0.306559
0.319850
0.272235
0.310374
0.334080
0.306585
0.343990
0.346282
0.319116
0.294989
0.297057
0.315864
0.322238
0.312607
0.299641
0.317115
0.322025
0.341356
0.335887
0.318882
0.309579
0.332538
0.328525
0.324429
0.347681
0.240179
0.255442
0.267133
0.251740
0.309819
0.260237
0.292034
0.275767
0.298990
0.232482
0.268304
0.291607
0.302049
0.340064
0.303117
0.325597
0.268662
0.275614
0.270201
0.260212
0.276849
0.248437
0.296961
0.256323
0.284984
0.325749
0.282198
0.290390
0.316594
0.297192
0.283847
0.308497
0.268309
0.274201
0.247883
0.301717
0.303335
0.273698
0.282039
0.271430
0.311616
0.272568
0.303482
0.283739
0.282787
0.314373
0.330010
0.306464
0.246451
0.279563
0.265676
0.276213
0.303791
0.299299
0.269603
0.329005
0.286733
0.305719
0.280386
0.295773
0.265000
0.339067
0.333982
0.285694
0.233229
0.234245
0.293515
0.264142
0.275456
0.273745
0.280910
0.264903
0.290482
0.264573
0.295237
0.306175
0.312686
0.302032
0.291926
0.316525
0.256974
0.301317
0.288688
0.274363
0.270577
0.269280
0.267922
0.282941
0.299229
0.307053
0.311377
0.345307
0.292570
0.310259
0.369226
0.279325
0.259570
0.276725
0.279755
0.288157
0.278559
0.293989
0.291056
0.308760
0.265254
0.296066
0.309728
0.286030
0.289107
0.325888
0.303667
0.332698
0.288249
0.282797
0.290161
0.281241
0.258485
0.289399
0.302418
0.286154
0.311776
0.342441
0.302872
0.322876
0.350585
0.305575
0.322930
0.320324
0.307471
0.286328
0.301288
0.272865
0.289677
0.293136
0.261148
0.328816
0.327760
0.285451
0.331326
0.310710
0.325635
0.327329
0.293354
0.322426
0.309852
0.271836
0.266210
0.262808
0.268911
0.303377
0.333852
0.311922
0.311577
0.354749
0.302945
0.303185
0.330569
0.334304
0.306372
0.306600
0.289154
0.291615
0.263863
0.289288
0.285813
0.309201
0.300998
0.304946
0.302930
0.334404
0.344482
0.312660
0.340256
0.311514
0.331440
0.348331
0.316951
0.282349
0.291852
0.300595
0.270038
0.303651
0.293149
0.317430
0.290734
0.277129
0.320766
0.328546
0.315688
0.347777
0.327870
0.324553
0.299555
0.261970
0.283118
0.299585
0.320311
0.303412
0.316170
0.300223
0.322701
0.353269
0.309606
0.373991
0.317123
0.333676
0.340133
0.360486
0.268593
0.254656
0.312120
0.319242
0.319140
0.362610
0.317432
0.321744
0.338585
0.330710
0.359941
0.305235
0.325825
0.267773
0.356248
0.335885
0.315146
0.343083
0.303215
0.301576
0.300008
0.296576
0.304059
0.332785
0.324070
0.327992
0.326535
0.351621
0.346546
0.337164
0.356628
0.343631
0.276942
0.332440
0.315973
0.290855
0.334910
0.323566
0.288713
0.355532
0.333336
0.347829
0.337290
0.333676
0.309037
0.362765
0.347269
0.344270
0.257018
0.254895
0.270180
0.252580
0.262604
0.223888
0.261534
0.286848
0.303401
0.272720
0.280906
0.318336
0.283484
0.308013
0.330233
0.300796
0.277872
0.242457
0.264153
0.261786
0.268965
0.292594
0.321131
0.263357
0.268498
0.293281
0.265564
0.299940
0.304771
0.291117
0.310624
0.272347
0.271864
0.229103
0.249404
0.255543
0.261977
0.290509
0.278300
0.272051
0.294203
0.318292
0.290124
0.300649
0.321461
0.305357
0.277656
0.356472
0.304167
0.223636
0.265884
0.278346
0.292648
0.290047
0.274556
0.262257
0.288726
0.310669
0.271541
0.276123
0.299507
0.264584
0.301461
0.301269
0.272349
0.252631
0.252358
0.265450
0.275668
0.266707
0.283576
0.301671
0.315642
0.333870
0.282936
0.291605
0.253676
0.344653
0.295506
0.312666
0.277118
0.242829
0.282612
0.276139
0.243479
0.289173
0.310557
0.266411
0.364238
0.376335
0.364257
0.325930
0.332745
0.305527
0.330805
0.308468
0.284559
0.257054
0.274500
0.314620
0.292246
0.283502
0.269043
0.332291
0.429455
0.480909
0.440770
0.371910
0.311104
0.340374
0.308851
0.309006
0.291095
0.277939
0.274429
0.271811
0.281529
0.302471
0.306847
0.347958
0.470647
0.506914
0.448784
0.400941
0.314164
0.309958
0.335916
0.349747
0.262895
0.288765
0.265812
0.332952
0.280125
0.317233
0.285659
0.370987
0.476627
0.417968
0.430226
0.378104
0.316749
0.306631
0.366376
0.328257
0.247112
0.300416
0.252234
0.313017
0.281778
0.299563
0.325219
0.319458
0.333606
0.351566
0.391746
0.345242
0.303685
0.340524
0.336600
0.342954
0.238155
0.280625
0.308008
0.308002
0.314295
0.250855
0.306715
0.316511
0.362978
0.300697
0.312020
0.320717
0.341055
0.317800
0.352945
0.317575
0.292004
0.279452
0.296497
0.282850
0.268054
0.325195
0.312735
0.298827
0.317352
0.336470
0.300450
0.321126
0.337450
0.340523
0.326627
0.294527
0.314859
0.299899
0.296928
0.294429
0.308601
0.298155
0.289506
0.298538
0.304730
0.307753
0.300159
0.339393
0.303804
0.346528
0.316374
0.347049
0.320814
0.300732
0.285384
0.304299
0.309629
0.275324
0.301180
0.319927
0.310616
0.324927
0.341346
0.345331
0.351447
0.348438
0.334241
0.342965
0.291243
0.293735
0.299740
0.272173
0.303336
0.312852
0.297187
0.319520
0.333644
0.323379
0.371533
0.281204
0.332540
0.303492
0.362933
0.399749
0.249960
0.305892
0.317048
0.303952
0.324366
0.271807
0.337041
0.330773
0.327123
0.318248
0.346101
0.326959
0.344462
0.333132
0.301730
0.349374
0.254044
0.268421
0.239145
0.259338
0.275676
0.269575
0.294849
0.313166
0.258494
0.241582
0.300466
0.317256
0.308446
0.309612
0.284294
0.285729
0.271101
0.238436
0.223733
0.243383
0.316512
0.308468
0.259604
0.262088
0.284628
0.268346
0.312868
0.288434
0.271607
0.322845
0.288337
0.307759
0.256413
0.253712
0.269832
0.252817
0.233110
0.229174
0.251335
0.264831
0.282874
0.287773
0.301121
0.295731
0.280798
0.285822
0.260957
0.303284
0.269697
0.273926
0.264238
0.266516
0.292059
0.276974
0.294756
0.294983
0.290930
0.316204
0.281879
0.289489
0.283840
0.287390
0.337786
0.345186
0.263791
0.278031
0.293506
0.289483
0.300774
0.254741
0.270546
0.309487
0.373467
0.370895
0.334258
0.306677
0.290122
0.289500
0.340024
0.300821
0.267075
0.313248
0.297028
0.283390
0.267762
0.291539
0.332867
0.402582
0.518564
0.541456
0.510325
0.399436
0.328972
0.336009
0.284711
0.315416
0.274805
0.261912
0.270506
0.295738
0.323366
0.299256
0.351283
0.462304
0.679689
0.705429
0.647129
0.484299
0.363624
0.291411
0.318087
0.329326
0.273958
0.282260
0.262963
0.311929
0.273602
0.253709
0.365068
0.524219
0.683695
0.765695
0.716381
0.529191
0.386067
0.345277
0.333655
0.320294
0.279221
0.277602
0.282378
0.301314
0.288150
0.245245
0.350997
0.482210
0.660831
0.698351
0.657440
0.556879
0.350489
0.297507
0.295103
0.278769
0.242431
0.290624
0.273905
0.252637
0.263680
0.309012
0.298262
0.396118
0.513276
0.579955
0.552154
0.437437
0.336639
0.327017
0.362710
0.358572
0.277123
0.295821
0.295739
0.294381
0.286666
0.273470
0.292653
0.289551
0.389236
0.399549
0.347308
0.361684
0.341168
0.288495
0.366828
0.349532
0.327950
0.265378
0.303948
0.305128
0.304037
0.306758
0.327734
0.280112
0.288491
0.288858
0.308847
0.311224
0.334014
0.335330
0.333960
0.323134
0.281162
0.312383
0.311939
0.302019
0.296882
0.337727
0.298117
0.326306
0.339739
0.314690
0.339842
0.304353
0.350252
0.337326
0.304933
0.353391
0.275488
0.322303
0.286420
0.300039
0.312326
0.303352
0.318525
0.305600
0.333437
0.323443
0.330888
0.274948
0.356562
0.337303
0.304348
0.345243
0.306011
0.321415
0.281679
0.337608
0.306813
0.361228
0.313742
0.333595
0.316001
0.304349
0.351933
0.351460
0.367438
0.357139
0.331870
0.313418
0.286988
0.289833
0.290363
0.321648
0.319889
0.311271
0.323452
0.320421
0.330922
0.345041
0.352522
0.322948
0.309864
0.371882
0.348957
0.372114
0.217138
0.246733
0.257208
0.231170
0.253015
0.281156
0.291571
0.305215
0.259395
0.251973
0.293743
0.305476
0.293861
0.267304
0.312309
0.315851
0.264401
0.246925
0.266081
0.279147
0.255491
0.233126
0.279905
0.286284
0.280270
0.301116
0.274934
0.288354
0.287229
0.308095
0.331914
0.298309
0.297766
0.290579
0.279147
0.278407
0.305416
0.269723
0.274428
0.258749
0.292790
0.313563
0.300648
0.301795
0.292653
0.303392
0.274832
0.327643
0.251801
0.241241
0.251638
0.253509
0.290439
0.297830
0.252845
0.301859
0.310867
0.292180
0.270042
0.281758
0.287324
0.310183
0.299513
0.269435
0.268005
0.235982
0.288109
0.249196
0.262808
0.262915
0.274421
0.367387
0.435956
0.467489
0.431968
0.323805
0.294859
0.295631
0.290450
0.323515
0.251845
0.255804
0.252446
0.235516
0.291905
0.309950
0.344922
0.470467
0.583703
0.704016
0.668798
0.509278
0.379970
0.339564
0.335871
0.307839
0.291049
0.288847
0.245926
0.271894
0.254857
0.290920
0.430482
0.616446
0.797058
0.946342
0.852378
0.680562
0.412442
0.340983
0.358145
0.360142
0.269132
0.282050
0.276920
0.303302
0.307422
0.305507
0.428272
0.715379
0.910979
1.022328
0.932305
0.746364
0.498207
0.321414
0.326980
0.358615
0.265921
0.288669
0.307148
0.311804
0.300372
0.273368
0.400363
0.649421
0.852587
0.977997
0.834280
0.680562
0.460991
0.293008
0.306967
0.329992
0.270129
0.280244
0.296069
0.273811
0.302661
0.283941
0.343868
0.514070
0.639670
0.719634
0.689793
0.517208
0.371839
0.338039
0.319355
0.351656
0.257676
0.299038
0.279758
0.277359
0.332060
0.282998
0.340407
0.374593
0.467976
0.455919
0.469561
0.403896
0.322944
0.324086
0.379120
0.336882
0.278215
0.277401
0.302251
0.303276
0.303551
0.337763
0.300110
0.319463
0.348957
0.310354
0.347213
0.359974
0.299572
0.308049
0.312565
0.299741
0.299054
0.256210
0.306644
0.329063
0.271030
0.300337
0.271640
0.328917
0.301919
0.314684
0.324421
0.337569
0.323065
0.333635
0.325734
0.342293
0.269882
0.297939
0.261356
0.293529
0.344973
0.311591
0.288134
0.321809
0.300553
0.290308
0.311937
0.344737
0.341011
0.334727
0.321468
0.321762
0.323661
0.304891
0.284299
0.264449
0.282601
0.362836
0.293688
0.318464
0.327535
0.323515
0.324435
0.305869
0.315645
0.373774
0.328206
0.363576
0.266123
0.297850
0.311889
0.330730
0.290879
0.328576
0.327720
0.308580
0.336210
0.312040
0.317412
0.336292
0.285721
0.341141
0.326665
0.320744
0.241499
0.268593
0.248578
0.285317
0.240141
0.240420
0.301023
0.281309
0.295567
0.263464
0.299421
0.291860
0.302972
0.293840
0.320793
0.287018
0.234058
0.227115
0.283212
0.248566
0.245802
0.251206
0.264432
0.251241
0.274191
0.270789
0.275641
0.270810
0.294069
0.287449
0.302297
0.308320
0.263471
0.216214
0.252620
0.250748
0.285485
0.241779
0.262377
0.274123
0.276610
0.306492
0.281146
0.312627
0.267355
0.263757
0.327718
0.315380
0.269754
0.265797
0.276353
0.245683
0.292304
0.266024
0.299713
0.285164
0.260959
0.288381
0.329654
0.294006
0.292091
0.308186
0.298165
0.299109
0.265381
0.269552
0.300334
0.274245
0.314262
0.316055
0.324105
0.383380
0.454732
0.496078
0.455936
0.360862
0.308443
0.293850
0.342797
0.324021
0.257736
0.231688
0.272267
0.268342
0.258283
0.260681
0.317149
0.544207
0.695910
0.817747
0.703271
0.543196
0.411035
0.312756
0.316680
0.309235
0.257895
0.303321
0.296676
0.314323
0.276337
0.301036
0.434505
0.716567
0.889180
1.017708
0.945628
0.738781
0.453325
0.348894
0.302395
0.304858
0.246872
0.299778
0.312969
0.271445
0.271477
0.307343
0.543480
0.786213
0.995567
1.067449
0.999632
0.803204
0.550686
0.335461
0.306172
0.313135
0.238953
0.298165
0.261617
0.307930
0.255848
0.281699
0.464556
0.688619
0.939334
1.013250
0.906881
0.729664
0.495626
0.295507
0.359858
0.336609
0.295205
0.246132
0.272272
0.283014
0.314875
0.267551
0.357808
0.505566
0.705736
0.786379
0.683499
0.547669
0.405692
0.355117
0.339948
0.323925
0.259775
0.267939
0.276716
0.296274
0.295675
0.333342
0.315516
0.360714
0.503008
0.532315
0.480809
0.381063
0.292357
0.306223
0.348234
0.317277
0.260272
0.293911
0.298210
0.308794
0.313111
0.331514
0.289880
0.329649
0.307354
0.354669
0.337348
0.328274
0.346023
0.329652
0.355579
0.354174
0.292710
0.281998
0.281597
0.289450
0.299286
0.306169
0.369617
0.326102
0.332050
0.302788
0.309125
0.320285
0.333843
0.312615
0.368905
0.328735
0.314899
0.249949
0.299860
0.308889
0.310494
0.322034
0.318931
0.319914
0.282150
0.309063
0.279815
0.342570
0.339482
0.332760
0.323572
0.331700
0.333576
0.334624
0.302168
0.332427
0.278241
0.274631
0.307007
0.302501
0.312150
0.330429
0.390498
0.320117
0.337659
0.345526
0.342647
0.365285
0.335509
0.278462
0.309901
0.304700
0.320459
0.286033
0.284841
0.277001
0.337173
0.333840
0.334806
0.289334
0.332528
0.328229
0.318392
0.331689
0.263954
0.264216
0.256213
0.270288
0.251264
0.268090
0.270806
0.284421
0.275267
0.277137
0.280639
0.273768
0.334672
0.303617
0.305245
0.345832
0.281393
0.225536
0.273907
0.280093
0.304365
0.296314
0.288746
0.253122
0.262586
0.288710
0.296765
0.269570
0.285642
0.288661
0.301211
0.310060
0.250929
0.235263
0.288187
0.298588
0.267881
0.293828
0.285550
0.293194
0.292963
0.271401
0.301478
0.313545
0.278742
0.339326
0.345129
0.343128
0.299785
0.278182
0.259900
0.258001
0.257073
0.278985
0.279343
0.296739
0.252708
0.350009
0.345300
0.296119
0.313523
0.312846
0.312136
0.305823
0.260878
0.250176
0.273563
0.272852
0.283071
0.262897
0.286063
0.342384
0.431000
0.434189
0.433972
0.374426
0.317216
0.299294
0.300174
0.308608
0.281251
0.301058
0.270172
0.263812
0.287516
0.287420
0.323267
0.475252
0.635774
0.713990
0.620609
0.482970
0.371408
0.285505
0.315511
0.323711
0.267780
0.252971
0.275471
0.273356
0.290055
0.276329
0.440746
0.604301
0.834649
0.920530
0.864073
0.638970
0.449833
0.308437
0.331431
0.354746
0.265313
0.285526
0.261452
0.302798
0.310882
0.304473
0.432757
0.708605
0.943357
1.031543
0.943306
0.677281
0.461858
0.358872
0.295479
0.345960
0.314315
0.295238
0.305738
0.280013
0.265492
0.297717
0.421605
0.643521
0.858776
0.924150
0.855344
0.666288
0.445476
0.363307
0.332182
0.328359
0.275847
0.270829
0.313552
0.293000
0.271757
0.285419
0.352029
0.494424
0.672826
0.690657
0.667644
0.519537
0.351206
0.324282
0.324778
0.340028
0.274331
0.292731
0.256692
0.271660
0.312366
0.320833
0.305015
0.349446
0.460569
0.433618
0.429591
0.388204
0.338324
0.306021
0.292253
0.362373
0.289726
0.272075
0.294425
0.314702
0.248165
0.325540
0.321468
0.268379
0.335190
0.294832
0.349227
0.331304
0.371715
0.317786
0.333428
0.357612
0.277201
0.279234
0.289230
0.298543
0.281690
0.316350
0.320866
0.314763
0.350667
0.313447
0.349465
0.315734
0.345116
0.294637
0.340627
0.336493
0.283433
0.284455
0.293052
0.288937
0.262809
0.298075
0.302342
0.306181
0.298845
0.320620
0.342356
0.324996
0.323479
0.363816
0.359539
0.361770
0.319776
0.293457
0.300746
0.328934
0.298919
0.310942
0.324223
0.327455
0.317806
0.346336
0.326439
0.347841
0.358078
0.353185
0.358002
0.323471
0.273779
0.290959
0.316171
0.340016
0.288885
0.322799
0.302917
0.308687
0.321139
0.343834
0.337591
0.360258
0.320288
0.361119
0.365267
0.351391
0.259544
0.242068
0.234868
0.251895
0.250482
0.324469
0.260299
0.306334
0.280708
0.286243
0.298201
0.271085
0.308330
0.300861
0.266351
0.312026
0.264384
0.265720
0.291699
0.255047
0.276904
0.284967
0.255328
0.300662
0.250989
0.257333
0.297115
0.268222
0.291007
0.263767
0.301383
0.280663
0.263506
0.229348
0.272306
0.261338
0.271282
0.271983
0.279278
0.253573
0.232036
0.287349
0.271284
0.284243
0.305198
0.260294
0.288070
0.294465
0.238855
0.269870
0.263862
0.253586
0.253644
0.292813
0.266811
0.295035
0.295654
0.252199
0.271662
0.296728
0.306840
0.318927
0.322713
0.330685
0.255855
0.262458
0.285514
0.264825
0.297800
0.248216
0.296404
0.296969
0.305422
0.388413
0.357649
0.314186
0.281801
0.297359
0.340236
0.296788
0.197231
0.252868
0.249340
0.274026
0.272135
0.265087
0.283599
0.411077
0.464484
0.578627
0.489119
0.381601
0.336179
0.321284
0.292477
0.331641
0.233205
0.254860
0.299192
0.274886
0.257292
0.296946
0.363096
0.492887
0.605003
0.696965
0.656167
0.522041
0.401822
0.308279
0.307018
0.319235
0.297458
0.257835
0.306106
0.228354
0.302617
0.276564
0.378000
0.553263
0.680239
0.771065
0.715370
0.564572
0.370217
0.296910
0.281524
0.374123
0.272819
0.275552
0.253440
0.305266
0.279307
0.322046
0.368465
0.500419
0.662344
0.688319
0.647958
0.501812
0.346040
0.320341
0.320434
0.355375
0.212945
0.269891
0.268297
0.280718
0.301772
0.304742
0.314333
0.393973
0.516557
0.560022
0.476477
0.411544
0.306273
0.299701
0.329599
0.331206
0.285611
0.269155
0.285975
0.275080
0.304305
0.313774
0.338438
0.345755
0.348653
0.379663
0.352657
0.339887
0.362943
0.340837
0.286013
0.308184
0.260815
0.300303
0.293359
0.302665
0.335631
0.286791
0.289714
0.349315
0.320179
0.301164
0.279425
0.292848
0.277778
0.331367
0.334216
0.356526
0.287215
0.279461
0.281844
0.338024
0.268020
0.310141
0.310513
0.325668
0.308575
0.329985
0.339646
0.323719
0.320848
0.329608
0.317368
0.335845
0.287294
0.300872
0.326723
0.329488
0.297760
0.322059
0.319232
0.331898
0.320429
0.328648
0.317290
0.314309
0.350775
0.362643
0.353245
0.352049
0.301991
0.290998
0.267671
0.319936
0.313986
0.302249
0.297372
0.345557
0.287248
0.361903
0.342792
0.380748
0.322311
0.339564
0.333202
0.349770
0.295801
0.288364
0.328164
0.294302
0.303178
0.327758
0.309248
0.314641
0.333786
0.322643
0.308402
0.334621
0.335604
0.377429
0.324727
0.369387
0.234281
0.246214
0.250132
0.265410
0.280602
0.301664
0.257271
0.299932
0.296574
0.296251
0.268147
0.304680
0.287852
0.300400
0.291285
0.313282
0.275634
0.279287
0.255895
0.283241
0.295708
0.251293
0.302778
0.249960
0.290855
0.295213
0.316323
0.295575
0.283720
0.280730
0.274977
0.318652
0.251928
0.245647
0.273973
0.251368
0.261263
0.264166
0.309753
0.309255
0.280174
0.255242
0.295531
0.294770
0.303645
0.311310
0.296924
0.325168
0.276738
0.267545
0.258541
0.260387
0.287186
0.254676
0.276808
0.268333
0.258798
0.302074
0.292819
0.297383
0.317487
0.273454
0.305325
0.315773
0.279979
0.244968
0.284317
0.277723
0.303783
0.302775
0.294326
0.329636
0.291914
0.291284
0.291791
0.281191
0.302758
0.269099
0.308311
0.321850
0.286492
0.263054
0.301109
0.263641
0.277308
0.245780
0.271443
0.287938
0.377270
0.382510
0.333194
0.327523
0.316071
0.305439
0.313781
0.310705
0.259406
0.238713
0.274899
0.305086
0.311301
0.281225
0.277353
0.343962
0.443111
0.468982
0.420850
0.368498
0.307915
0.323396
0.308709
0.291287
0.274466
0.291501
0.258397
0.281239
0.303787
0.282699
0.287082
0.411737
0.478294
0.523363
0.450358
0.417296
0.287501
0.306570
0.334408
0.349237
0.258565
0.267076
0.287157
0.249137
0.302435
0.304224
0.289905
0.365214
0.447338
0.474798
0.449063
0.397497
0.309330
0.323142
0.313189
0.346741
0.272092
0.292536
0.289321
0.291286
0.326616
0.295019
0.327462
0.333103
0.386986
0.382291
0.386058
0.345069
0.308116
0.328544
0.324178
0.329310
0.308501
0.272739
0.257486
0.259679
0.287923
0.287542
0.303609
0.317590
0.345935
0.325743
0.327553
0.305819
0.334537
0.352889
0.355872
0.295634
0.303847
0.320547
0.309272
0.267843
0.294081
0.314654
0.314676
0.294361
0.296176
0.335280
0.294292
0.350960
0.327054
0.335792
0.307646
0.325191
0.303269
0.265012
0.336532
0.272979
0.279816
0.307497
0.319268
0.327439
0.309527
0.316009
0.318791
0.315607
0.280418
0.351824
0.341495
0.343050
0.281248
0.301495
0.299747
0.301857
0.327911
0.276904
0.318174
0.296175
0.313892
0.352136
0.305840
0.328081
0.321969
0.354910
0.321182
0.311004
0.306540
0.293199
0.297199
0.327421
0.292946
0.306160
0.319502
0.327941
0.313409
0.346545
0.373050
0.325484
0.372577
0.299483
0.370354
0.340057
0.302637
0.296810
0.294443
0.285462
0.305753
0.341563
0.341898
0.316643
0.316526
0.316519
0.310293
0.371310
0.352742
0.345585
0.337230
0.330369
0.275284
0.268330
0.238373
0.278995
0.242072
0.278993
0.251549
0.265374
0.286172
0.288301
0.302756
0.270597
0.320314
0.319149
0.296471
0.308932
0.238392
0.253741
0.234641
0.265044
0.270495
0.295799
0.291531
0.292311
0.273052
0.279018
0.280122
0.294268
0.256267
0.311470
0.269913
0.293440
0.257094
0.250141
0.295262
0.264790
0.300177
0.295870
0.267126
0.287697
0.308262
0.280272
0.291696
0.282618
0.297794
0.293206
0.304920
0.325905
0.286743
0.265890
0.270544
0.286439
0.267763
0.256343
0.301317
0.265386
0.304531
0.271478
0.328478
0.276622
0.316301
0.332123
0.288215
0.338520
0.247528
0.232792
0.283859
0.286801
0.272774
0.231518
0.282281
0.280795
0.282717
0.287772
0.262299
0.289111
0.337893
0.336360
0.303058
0.299663
0.274276
0.290388
0.287217
0.254220
0.283112
0.286028
0.314284
0.312969
0.303391
0.320093
0.292411
0.332864
0.298490
0.317600
0.330963
0.299126
0.256518
0.239581
0.279830
0.278945
0.277060
0.296234
0.249367
0.292880
0.304781
0.308660
0.325018
0.340310
0.301442
0.295290
0.305062
0.321782
0.284586
0.260134
0.299186
0.263664
0.302548
0.298203
0.302235
0.338168
0.308706
0.324279
0.329580
0.326647
0.287633
0.321945
0.305762
0.335435
0.302962
0.280990
0.281288
0.290187
0.233262
0.308126
0.307443
0.303159
0.302170
0.306402
0.312998
0.336629
0.314701
0.345872
0.273951
0.317841
0.285263
0.283075
0.254793
0.277234
0.317330
0.271868
0.280979
0.282270
0.296071
0.322417
0.324742
0.277686
0.348027
0.311959
0.315367
0.362019
0.281766
0.262867
0.277732
0.279381
0.277283
0.293602
0.320180
0.313392
0.283490
0.366850
0.297660
0.322223
0.323938
0.341287
0.323695
0.342099
0.327100
0.291839
0.272548
0.302972
0.284585
0.296229
0.310280
0.316469
0.307872
0.332954
0.316299
0.298286
0.343522
0.323009
0.356622
0.324096
0.300998
0.299382
0.244886
0.271330
0.281841
0.333675
0.273749
0.330875
0.337636
0.329507
0.336281
0.317148
0.329795
0.337650
0.344747
0.353578
0.289366
0.283202
0.289201
0.311223
0.274775
0.285929
0.305425
0.306051
0.314807
0.272211
0.320120
0.325179
0.348236
0.298657
0.334124
0.352445
0.306066
0.322969
0.323602
0.286511
0.322224
0.306899
0.301237
0.349476
0.311238
0.310251
0.322162
0.316954
0.356020
0.347306
0.370258
0.354574
0.288171
0.323473
0.294073
0.301108
0.310111
0.317422
0.342987
0.311673
0.333437
0.329468
0.309119
0.315597
0.335773
0.351119
0.352835
0.359224
0.250936
0.244704
0.264881
0.240692
0.237464
0.260256
0.242458
0.263419
0.262268
0.269320
0.282468
0.271246
0.281852
0.260373
0.299464
0.283025
0.261127
0.202164
0.244543
0.268018
0.219602
0.263053
0.275155
0.278653
0.251145
0.287762
0.289537
0.271240
0.307696
0.295720
0.300359
0.294659
0.267236
0.261876
0.285277
0.275381
0.258085
0.269023
0.294396
0.272948
0.290724
0.296748
0.286530
0.248353
0.299215
0.304134
0.305952
0.291990
0.283367
0.260728
0.254614
0.256133
0.280266
0.255571
0.260648
0.322013
0.312007
0.310381
0.319735
0.308178
0.267404
0.326440
0.330634
0.319487
0.225472
0.290718
0.296429
0.263809
0.279137
0.295037
0.281684
0.307934
0.291573
0.306722
0.298319
0.271353
0.284054
0.368016
0.315408
0.338731
0.288726
0.303227
0.284077
0.265119
0.280360
0.246126
0.283019
0.307576
0.251401
0.300484
0.315982
0.329084
0.288699
0.297356
0.276941
0.296890
0.280361
0.313496
0.254427
0.306758
0.291625
0.277062
0.332596
0.244380
0.295356
0.304250
0.344702
0.341578
0.353977
0.315941
0.335720
0.346504
0.283279
0.283661
0.276434
0.275400
0.262779
0.327883
0.284659
0.256243
0.305132
0.302674
0.310089
0.345283
0.311270
0.311506
0.305488
0.322897
0.268136
0.283982
0.344083
0.294316
0.273337
0.330871
0.313474
0.315876
0.317243
0.322607
0.323126
0.340771
0.336255
0.346239
0.313568
0.326622
0.265811
0.301968
0.302844
0.280932
0.304710
0.347772
0.324075
0.281607
0.304870
0.322362
0.312639
0.324193
0.342973
0.329726
0.305292
0.343921
0.281436
0.288885
0.278972
0.266400
0.272391
0.293117
0.282507
0.253786
0.332363
0.290708
0.302550
0.330354
0.276382
0.352806
0.315028
0.346190
0.277285
0.295956
0.295386
0.296645
0.264415
0.274703
0.305861
0.337468
0.302708
0.327033
0.323165
0.332755
0.345992
0.300804
0.338683
0.333202
0.283916
0.276700
0.281352
0.279940
0.281944
0.355574
0.343120
0.313527
0.331129
0.300981
0.269124
0.291159
0.332752
0.361383
0.335846
0.320500
0.288624
0.277227
0.272823
0.298808
0.298878
0.294176
0.296072
0.298538
0.324605
0.350486
0.322567
0.373572
0.301801
0.342012
0.317459
0.340191
0.298658
0.310892
0.325353
0.295850
0.285787
0.309665
0.322392
0.306386
0.340748
0.359484
0.302276
0.340396
0.356482
0.302543
0.347344
0.342274
0.272253
0.328979
0.310900
0.300667
0.321981
0.329195
0.335000
0.334640
0.334634
0.307066
0.325124
0.339175
0.286049
0.384885
0.339268
0.329444
0
0
0
0
0
0
0
0
0
0
0
0
0
0
0
0
0
0
0
0
0
0
0
0
0
0
0
0
0
0
0
0
0
0
0
0
0
0
0
0
0
0
0
0
0
0
0
0
0
0
0
0
0
0
0
0
0
0
0
0
0
0
0
0
0
0
0
0
0
0
0
0
0
0
0
0
0
0
0
0
0
0
0
0
0
0
0
0
0
0
0
0
0
0
0
0
0
0
0
0
0
0
0
0
0
0
0
0
0
0
0
0
0
0
0
0
0
0
0
0
0
0
0
0
0
0
0
0
0
0
0
0
0
0
0
0
0
0
0
0
0
0
0
0
0
0
0
0
0
0
0
0
0
0
0
0
0
0
0
0
0
0
0
0
0
0
0
0
0
0
0
0
0
0
0
0
0
0
0
0
0
0
0
0
0
0
0
0
0
0
0
0
0
0
0
0
0
0
0
0
0
0
0
0
0
0
0
0
0
0
0
0
0
0
0
0
0
0
0
0
0
0
0
0
0
0
0
0
0
0
0
0
0
0
0
0
0
0
0
0
0
0
0
0
0
0
0
0
0
0
0
0
0
0
0
0
0
0
0
0
0
0
0
0
0
0
0
0
0
0
0
0
0
0
0
0
0
0
0
0
0
0
0
0
0
0
0
0
0
0
0
0
0
0
0
0
0
0
0
0
0
0
0
0
0
0
0
0
0
0
0
0
0
0
0
0
0
0
0
0
0
0
0
0
0
0
0
0
0
0
0
0
0
0
0
0
0
0
0
0
0
0
0
0
0
0
0
0
0
0
0
0
0
0
0
0
0
0
0
0
0
0
0
0
0
0
0
0
0
0
0
0
0
0
0
0
0
0
0
0
0
0
0
0
0
0
0
0
0
0
0
0
0
0
0
0
0
0
0
0
0
0
0
0
0
0
0
0
0
0
0
0
0
0
0
0
0
0
0
0
0
0
0
0
0
0
0
0
0
0
0
0
0
0
0
0
0
0
0
0
0
0
0
0
0
0
0
0
0
0
0
0
0
0
0
0
0
0
0
0
0
0
0
0
0
0
0
0
0
0
0
0
0
0
0
0
0
0
0
0
0
0
0
0
0
0
0
0
0
0
0
0
0
0
0
0
0
0
0
0
0
0
0
0
0
0
0
0
0
0
0
0
0
0
0
0
0
0
0
0
0
0
0
0
0
0
0
0
0
0
0
0
0
0
0
0
0
0
0
0
0
0
0
0
0
0
0
0
0
0
0
0
0
0
0
0
0
0
0
0
0
0
0
0
0
0
0
0
0
0
0
0
0
0
0
0
0
0
0
0
0
0
0
0
0
0
0
0
0
0
0
0
0
0
0
0
0
0
0
0
0
0
0
0
0
0
0
0
0
0
0
0
0
0
0
0
0
0
0
0
0
0
0
0
0
0
0
0
0
0
0
0
0
0
0
0
0
0
0
0
0
0
0
0
0
0
0
0
0
0
0
0
0
0
0
0
0
0
0
0
0
0
0
0
0
0
0
0
0
0
0
0
0
0
0
0
0
0
0
0
0
0
0
0
0
0
0
0
0
0
0
0
0
0
0
0
0
0
0
0
0
0
0
0
0
0
0
0
0
0
0
0
0
0
0
0
0
0
0
0
0
0
0
0
0
0
0
0
0
0
0
0
0
0
0
0
0
0
0
0
0
0
0
0
0
0
0
0
0
0
0
0
0
0
0
0
0
0
0
0
0
0
0
0
0
0
0
0
0
0
0
0
0
0
0
0
0
0
0
0
0
0
0
0
0
0
0
0
0
0
0
0
0
0
0
0
0
0
0
0
0
0
0
0
0
0
0
0
0
0
0
0
0
0
0
0
0
0
0
0
0
0
0
0
0
0
0
0
0
0
0
0
0
0
0
0
0
0
0
0
0
0
0
0
0
0
0
0
0
0
0
0
0
0
0
0
0
0
0
0
0
0
0
0
0
0
0
0
0
0
0
0
0
0
0
0
0
0
0
0
0
0
0
0
0
0
0
0
0
1
0
0
0
0
0
0
0
0
0
0
0
0
0
0
0
0
0
0
0
0
0
0
0
0
0
0
0
0
0
0
0
0
0
0
0
0
0
0
0
0
0
0
0
0
0
0
0
0
0
0
0
0
0
0
0
0
0
0
0
0
0
0
0
0
0
0
0
0
0
0
0
0
0
0
0
0
0
0
0
0
0
0
0
0
0
0
0
0
0
0
0
0
0
0
0
0
0
0
0
0
0
0
0
0
0
0
0
0
0
0
0
0
0
0
0
0
0
0
0
0
0
0
0
0
0
0
0
0
0
0
0
0
0
0
0
0
0
0
0
0
0
0
0
0
0
0
0
0
0
0
0
0
0
0
0
0
0
0
0
0
0
0
0
0
0
0
0
0
0
0
0
0
0
0
0
0
0
0
0
0
0
0
0
0
0
0
0
0
0
0
0
0
0
0
0
0
0
0
0
0
0
0
0
0
0
0
0
0
0
0
0
0
0
0
0
0
0
0
0
0
0
0
1
1
1
0
0
0
0
0
0
0
0
0
0
0
0
1
1
1
1
1
0
0
0
0
0
0
0
0
0
0
0
1
1
1
1
1
0
0
0
0
0
0
0
0
0
0
0
1
1
1
1
1
0
0
0
0
0
0
0
0
0
0
0
0
1
1
1
0
0
0
0
0
0
0
0
0
0
0
0
0
0
0
0
0
0
0
0
0
0
0
0
0
0
0
0
0
0
0
0
0
0
0
0
0
0
0
0
0
0
0
0
0
0
0
0
0
0
0
0
0
0
0
0
0
0
0
0
0
0
0
0
0
0
0
0
0
0
0
0
0
0
0
0
0
0
0
0
0
0
0
0
0
0
0
0
0
0
0
0
0
0
0
0
0
0
0
0
0
0
0
0
0
0
0
0
0
0
0
0
0
0
0
0
0
0
0
0
0
0
0
0
0
0
0
0
0
0
0
0
0
0
0
0
0
0
0
0
0
0
0
0
0
0
0
0
0
0
0
0
0
0
0
0
0
0
0
0
0
0
0
0
0
0
0
0
0
0
0
0
0
0
0
0
0
0
0
0
0
0
0
0
0
0
0
0
1
1
1
1
1
0
0
0
0
0
0
0
0
0
0
0
1
1
1
1
1
0
0
0
0
0
0
0
0
0
0
0
1
1
1
1
1
0
0
0
0
0
0
0
0
0
0
0
1
1
1
1
1
0
0
0
0
0
0
0
0
0
0
0
1
1
1
1
1
0
0
0
0
0
0
0
0
0
0
0
0
0
0
0
0
0
0
0
0
0
0
0
0
0
0
0
0
0
0
0
0
0
0
0
0
0
0
0
0
0
0
0
0
0
0
0
0
0
0
0
0
0
0
0
0
0
0
0
0
0
0
0
0
0
0
0
0
0
0
0
0
0
0
0
0
0
0
0
0
0
0
0
0
0
0
0
0
0
0
0
0
0
0
0
0
0
0
0
0
0
0
0
0
0
0
0
0
0
0
0
0
0
0
0
0
0
0
0
0
0
0
0
0
0
0
0
0
0
0
0
0
0
0
0
0
0
0
0
0
0
0
0
0
0
0
0
0
0
0
0
0
0
0
0
0
0
0
0
0
0
0
0
0
0
0
0
0
0
0
0
0
0
1
0
0
0
0
0
0
0
0
0
0
0
0
0
1
1
1
1
1
0
0
0
0
0
0
0
0
0
0
0
1
1
1
1
1
0
0
0
0
0
0
0
0
0
0
1
1
1
1
1
1
1
0
0
0
0
0
0
0
0
0
0
1
1
1
1
1
0
0
0
0
0
0
0
0
0
0
0
1
1
1
1
1
0
0
0
0
0
0
0
0
0
0
0
0
0
1
0
0
0
0
0
0
0
0
0
0
0
0
0
0
0
0
0
0
0
0
0
0
0
0
0
0
0
0
0
0
0
0
0
0
0
0
0
0
0
0
0
0
0
0
0
0
0
0
0
0
0
0
0
0
0
0
0
0
0
0
0
0
0
0
0
0
0
0
0
0
0
0
0
0
0
0
0
0
0
0
0
0
0
0
0
0
0
0
0
0
0
0
0
0
0
0
0
0
0
0
0
0
0
0
0
0
0
0
0
0
0
0
0
0
0
0
0
0
0
0
0
0
0
0
0
0
0
0
0
0
0
0
0
0
0
0
0
0
0
0
0
0
0
0
0
0
0
0
0
0
0
0
0
0
0
0
0
0
0
0
0
0
0
0
0
0
0
0
0
0
0
0
0
1
1
1
1
1
0
0
0
0
0
0
0
0
0
0
0
1
1
1
1
1
0
0
0
0
0
0
0
0
0
0
0
1
1
1
1
1
0
0
0
0
0
0
0
0
0
0
0
1
1
1
1
1
0
0
0
0
0
0
0
0
0
0
0
1
1
1
1
1
0
0
0
0
0
0
0
0
0
0
0
0
0
0
0
0
0
0
0
0
0
0
0
0
0
0
0
0
0
0
0
0
0
0
0
0
0
0
0
0
0
0
0
0
0
0
0
0
0
0
0
0
0
0
0
0
0
0
0
0
0
0
0
0
0
0
0
0
0
0
0
0
0
0
0
0
0
0
0
0
0
0
0
0
0
0
0
0
0
0
0
0
0
0
0
0
0
0
0
0
0
0
0
0
0
0
0
0
0
0
0
0
0
0
0
0
0
0
0
0
0
0
0
0
0
0
0
0
0
0
0
0
0
0
0
0
0
0
0
0
0
0
0
0
0
0
0
0
0
0
0
0
0
0
0
0
0
0
0
0
0
0
0
0
0
0
0
0
0
0
0
0
0
0
0
0
0
0
0
0
0
0
0
0
0
0
0
0
1
1
1
0
0
0
0
0
0
0
0
0
0
0
0
1
1
1
1
1
0
0
0
0
0
0
0
0
0
0
0
1
1
1
1
1
0
0
0
0
0
0
0
0
0
0
0
1
1
1
1
1
0
0
0
0
0
0
0
0
0
0
0
0
1
1
1
0
0
0
0
0
0
0
0
0
0
0
0
0
0
0
0
0
0
0
0
0
0
0
0
0
0
0
0
0
0
0
0
0
0
0
0
0
0
0
0
0
0
0
0
0
0
0
0
0
0
0
0
0
0
0
0
0
0
0
0
0
0
0
0
0
0
0
0
0
0
0
0
0
0
0
0
0
0
0
0
0
0
0
0
0
0
0
0
0
0
0
0
0
0
0
0
0
0
0
0
0
0
0
0
0
0
0
0
0
0
0
0
0
0
0
0
0
0
0
0
0
0
0
0
0
0
0
0
0
0
0
0
0
0
0
0
0
0
0
0
0
0
0
0
0
0
0
0
0
0
0
0
0
0
0
0
0
0
0
0
0
0
0
0
0
0
0
0
0
0
0
0
0
0
0
0
0
0
0
0
0
0
0
0
0
0
0
0
0
0
0
0
0
0
0
0
0
0
0
0
0
0
0
0
0
0
0
0
0
0
0
0
0
0
0
0
0
0
0
0
0
0
1
0
0
0
0
0
0
0
0
0
0
0
0
0
0
0
0
0
0
0
0
0
0
0
0
0
0
0
0
0
0
0
0
0
0
0
0
0
0
0
0
0
0
0
0
0
0
0
0
0
0
0
0
0
0
0
0
0
0
0
0
0
0
0
0
0
0
0
0
0
0
0
0
0
0
0
0
0
0
0
0
0
0
0
0
0
0
0
0
0
0
0
0
0
0
0
0
0
0
0
0
0
0
0
0
0
0
0
0
0
0
0
0
0
0
0
0
0
0
0
0
0
0
0
0
0
0
0
0
0
0
0
0
0
0
0
0
0
0
0
0
0
0
0
0
0
0
0
0
0
0
0
0
0
0
0
0
0
0
0
0
0
0
0
0
0
0
0
0
0
0
0
0
0
0
0
0
0
0
0
0
0
0
0
0
0
0
0
0
0
0
0
0
0
0
0
0
0
0
0
0
0
0
0
0
0
0
0
0
0
0
0
0
0
0
0
0
0
0
0
0
0
0
0
0
0
0
0
0
0
0
0
0
0
0
0
0
0
0
0
0
0
0
0
0
0
0
0
0
0
0
0
0
0
0
0
0
0
0
0
0
0
0
0
0
0
0
0
0
0
0
0
0
0
0
0
0
0
0
0
0
0
0
0
0
0
0
0
0
0
0
0
0
0
0
0
0
0
0
0
0
0
0
0
0
0
0
0
0
0
0
0
0
0
0
0
0
0
0
0
0
0
0
0
0
0
0
0
0
0
0
0
0
0
0
0
0
0
0
0
0
0
0
0
0
0
0
0
0
0
0
0
0
0
0
0
0
0
0
0
0
0
0
0
0
0
0
0
0
0
0
0
0
0
0
0
0
0
0
0
0
0
0
0
0
0
0
0
0
0
0
0
0
0
0
0
0
0
0
0
0
0
0
0
0
0
0
0
0
0
0
0
0
0
0
0
0
0
0
0
0
0
0
0
0
0
0
0
0
0
0
0
0
0
0
0
0
0
0
0
0
0
0
0
0
0
0
0
0
0
0
0
0
0
0
0
0
0
0
0
0
0
0
0
0
0
0
0
0
0
0
0
0
0
0
0
0
0
0
0
0
0
0
0
0
0
0
0
0
0
0
0
0
0
0
0
0
0
0
0
0
0
0
0
0
0
0
0
0
0
0
0
0
0
0
0
0
0
0
0
0
0
0
0
0
0
0
0
0
0
0
0
0
0
0
0
0
0
0
0
0
0
0
0
0
0
0
0
0
0
0
0
0
0
0
0
0
0
0
0
0
0
0
0
0
0
0
0
0
0
0
0
0
0
0
0
0
0
0
0
0
0
0
0
0
0
0
0
0
0
0
0
0
0
0
0
0
0
0
0
0
0
0
0
0
0
0
0
0
0
0
0
0
0
0
0
0
0
0
0
0
0
0
0
0
0
0
0
0
0
0
0
0
0
0
0
0
0
0
0
0
0
0
0
0
0
0
