# SYNTHETIC HPS coarse-grained LLPS system (NOT real protein data)
# header: n_beads n_chains box sigma epsilon r_cut k_bond r0 mass dt n_steps
36 6 7 1 1 2.5 50 1 1 0.002 120
# rows: x y z vx vy vz lambda
1.728575 1.737202 1.000091 -0.003093 -0.004184 -0.006325 0.9000
1.782945 1.772713 1.979780 -0.040769 0.044435 -0.044320 0.9000
1.751594 1.746566 3.035765 -0.014902 0.047732 0.004368 0.9000
1.737581 1.781953 3.989333 -0.039644 -0.029230 0.042419 0.9000
1.766788 1.753433 4.980294 0.022991 0.030362 0.023030 0.9000
1.781271 1.749231 5.981895 0.036155 0.037245 -0.030623 0.9000
1.748743 3.469591 0.972877 -0.023107 -0.046217 -0.032432 0.9000
1.721110 3.549129 2.036980 0.047043 0.004330 0.026323 0.9000
1.757967 3.457003 3.047530 0.047460 -0.038674 -0.044237 0.9000
1.783636 3.497717 3.995757 0.040001 0.049996 0.038566 0.9000
1.759443 3.486276 5.046725 -0.030465 0.034640 0.049090 0.9000
1.772227 3.544562 5.954885 -0.008789 0.028328 -0.019183 0.9000
1.734766 5.263548 1.027848 -0.022270 -0.007299 -0.038240 0.9000
1.744735 5.289551 2.019281 0.016543 0.043422 -0.017852 0.9000
1.758145 5.244283 2.982682 0.049140 0.017320 -0.005971 0.9000
1.732553 5.217684 4.040913 0.043590 -0.022550 0.023399 0.9000
1.799714 5.290192 4.995568 0.000690 0.042402 0.030956 0.9000
1.798162 5.240863 6.001622 -0.012908 -0.017914 -0.012824 0.9000
3.454448 1.786425 1.035819 -0.039930 -0.042949 0.009171 0.9000
3.490363 1.751243 1.979585 0.044222 0.030458 -0.006880 0.9000
3.462950 1.766936 2.978256 0.031864 -0.017216 -0.028596 0.9000
3.501228 1.757958 3.957608 0.010222 0.029191 0.032379 0.9000
3.532357 1.709104 4.968242 0.022763 -0.007494 0.049707 0.9000
3.512700 1.782769 6.007970 -0.027321 -0.039107 -0.035454 0.9000
3.475963 3.529273 0.968858 -0.011214 0.045447 -0.023684 0.9000
3.530335 3.488470 1.953113 0.034505 -0.024822 0.014274 0.9000
3.501719 3.546439 3.000487 0.019490 -0.032006 -0.025629 0.9000
3.509307 3.499975 3.985713 0.006085 -0.024362 -0.005305 0.9000
3.512214 3.450599 5.018978 -0.026142 0.030558 -0.002236 0.9000
3.496138 3.492302 5.984118 -0.039705 -0.003430 0.035787 0.9000
3.543109 5.220099 1.047633 0.029464 0.002278 0.036114 0.9000
3.505074 5.264776 2.008043 0.009542 0.015094 -0.043404 0.9000
3.516696 5.248221 2.966163 0.023074 -0.013911 -0.002608 0.9000
3.473180 5.259800 4.011400 -0.029117 -0.038280 0.038305 0.9000
3.538881 5.205249 4.995745 -0.023922 -0.041870 0.000089 0.9000
3.451580 5.227798 6.039352 -0.008845 0.002755 -0.002180 0.9000
