64 8
1.000000 1.000000 1.000000 1.0
1.000000 1.000000 3.000000 -1.0
1.000000 1.000000 5.000000 1.0
1.000000 1.000000 7.000000 -1.0
1.000000 3.000000 1.000000 -1.0
1.000000 3.000000 3.000000 1.0
1.000000 3.000000 5.000000 -1.0
1.000000 3.000000 7.000000 1.0
1.000000 5.000000 1.000000 1.0
1.000000 5.000000 3.000000 -1.0
1.000000 5.000000 5.000000 1.0
1.000000 5.000000 7.000000 -1.0
1.000000 7.000000 1.000000 -1.0
1.000000 7.000000 3.000000 1.0
1.000000 7.000000 5.000000 -1.0
1.000000 7.000000 7.000000 1.0
3.000000 1.000000 1.000000 -1.0
3.000000 1.000000 3.000000 1.0
3.000000 1.000000 5.000000 -1.0
3.000000 1.000000 7.000000 1.0
3.000000 3.000000 1.000000 1.0
3.000000 3.000000 3.000000 -1.0
3.000000 3.000000 5.000000 1.0
3.000000 3.000000 7.000000 -1.0
3.000000 5.000000 1.000000 -1.0
3.000000 5.000000 3.000000 1.0
3.000000 5.000000 5.000000 -1.0
3.000000 5.000000 7.000000 1.0
3.000000 7.000000 1.000000 1.0
3.000000 7.000000 3.000000 -1.0
3.000000 7.000000 5.000000 1.0
3.000000 7.000000 7.000000 -1.0
5.000000 1.000000 1.000000 1.0
5.000000 1.000000 3.000000 -1.0
5.000000 1.000000 5.000000 1.0
5.000000 1.000000 7.000000 -1.0
5.000000 3.000000 1.000000 -1.0
5.000000 3.000000 3.000000 1.0
5.000000 3.000000 5.000000 -1.0
5.000000 3.000000 7.000000 1.0
5.000000 5.000000 1.000000 1.0
5.000000 5.000000 3.000000 -1.0
5.000000 5.000000 5.000000 1.0
5.000000 5.000000 7.000000 -1.0
5.000000 7.000000 1.000000 -1.0
5.000000 7.000000 3.000000 1.0
5.000000 7.000000 5.000000 -1.0
5.000000 7.000000 7.000000 1.0
7.000000 1.000000 1.000000 -1.0
7.000000 1.000000 3.000000 1.0
7.000000 1.000000 5.000000 -1.0
7.000000 1.000000 7.000000 1.0
7.000000 3.000000 1.000000 1.0
7.000000 3.000000 3.000000 -1.0
7.000000 3.000000 5.000000 1.0
7.000000 3.000000 7.000000 -1.0
7.000000 5.000000 1.000000 -1.0
7.000000 5.000000 3.000000 1.0
7.000000 5.000000 5.000000 -1.0
7.000000 5.000000 7.000000 1.0
7.000000 7.000000 1.000000 1.0
7.000000 7.000000 3.000000 -1.0
7.000000 7.000000 5.000000 1.0
7.000000 7.000000 7.000000 -1.0
