60
1.077 0.000 2.800 T
-1.327 -1.216 2.400 F
0.195 2.228 2.000 F
1.544 -2.014 1.600 F
-2.708 0.479 1.200 F
2.440 1.552 0.800 F
-0.772 -2.871 0.400 F
-1.383 2.662 0.000 F
2.793 -1.020 -0.400 F
-2.673 -1.103 -0.800 F
1.165 2.490 -1.200 F
0.759 -2.421 -1.600 F
-1.935 1.121 -2.000 F
1.758 0.386 -2.400 F
-0.619 -0.881 -2.800 N
-1.985 -1.819 6.462 D
0.391 4.456 5.385 F
3.357 -4.379 4.308 F
-6.115 1.082 3.231 F
5.620 3.575 2.154 F
-1.796 -6.680 1.077 H
-3.226 6.212 0.000 F
6.497 -2.373 -1.077 F
-6.157 -2.541 -2.154 F
2.632 5.624 -3.231 F
1.651 -5.265 -4.308 F
-3.870 2.243 -5.385 F
2.630 0.578 -6.462 F
0.401 4.565 10.000 W
4.594 -5.992 8.000 P
-9.079 1.606 6.000 P
8.646 5.500 4.000 G
-2.808 -10.446 2.000 S
-5.070 9.762 0.000 S
10.160 -3.711 -2.000 K
-9.472 -3.910 -4.000 G
3.908 8.350 -6.000 P
2.260 -7.204 -8.000 P
-3.965 2.298 -10.000 N
4.181 -5.453 13.333 R
-11.009 1.947 10.000 T
11.338 7.212 6.667 R
-3.797 -14.124 3.333 D
-6.914 13.312 0.000 D
13.738 -5.017 -3.333 D
-12.421 -5.127 -6.667 R
4.739 10.126 -10.000 R
2.057 -6.557 -13.333 R
-9.637 1.705 16.286 E
13.156 8.369 10.857 R
-4.727 -17.584 5.429 R
-8.757 16.862 0.000 R
17.103 -6.246 -5.429 R
-14.413 -5.949 -10.857 R
4.148 8.864 -16.286 E
11.644 7.407 18.400 E
-5.472 -20.357 9.200 E
-10.601 20.411 0.000 E
19.801 -7.231 -9.200 E
-12.756 -5.265 -18.400 G
