512 5 7
3 10.389 10.282 9.375 0.781
4 2.279 9.647 5.709 0.846
1 1.129 3.641 1.088 0.924
5 7.613 7.145 4.754 0.781
5 7.387 1.890 0.180 0.811
4
0 2.282 2.903 0.361 0.786
3 7.092 2.344 2.804 0.718
0 7.949 5.488 3.338 0.999
0 8.494 3.783 2.756 0.716
4
4 9.195 4.805 10.159 0.755
0 10.168 0.007 2.517 0.964
3 4.506 8.507 5.037 0.826
1 9.342 3.237 1.046 0.733
7
0 1.615 8.484 0.131 0.786
3 2.132 6.712 5.369 0.676
5 9.234 5.031 4.605 0.758
1 0.006 10.372 11.698 0.837
0 2.529 4.731 10.253 0.857
0 0.505 1.756 5.299 0.604
4 3.947 3.556 0.881 0.636
8
5 2.916 7.215 4.460 0.781
4 5.805 6.895 10.398 0.673
1 3.730 2.741 7.325 0.890
1 8.873 11.285 2.359 0.980
3 7.242 5.057 1.246 0.615
2 2.861 8.455 3.084 0.929
4 5.892 6.241 11.151 0.991
1 2.741 6.712 10.229 0.846
6
1 11.008 2.448 0.199 0.708
3 2.989 0.559 3.384 0.812
1 1.106 1.661 5.404 0.732
5 8.295 7.013 1.684 0.614
0 5.698 4.290 3.742 0.613
4 7.634 5.787 8.766 0.728
4
0 5.437 4.413 0.534 0.974
5 8.444 9.519 10.980 0.741
5 5.679 0.932 10.288 0.978
0 10.362 6.874 7.500 0.753
8
0 7.306 0.962 7.673 0.997
3 8.738 4.661 8.820 0.832
3 5.551 6.495 6.224 0.806
2 7.215 5.771 2.763 0.879
3 9.359 7.922 5.836 0.959
2 3.612 8.138 2.431 0.668
2 7.920 5.303 10.701 0.731
5 3.007 7.610 9.645 0.902
7
3 10.239 10.139 9.234 0.781
4 2.489 9.502 5.526 0.846
1 1.055 3.839 0.858 0.924
5 7.396 7.385 4.915 0.781
5 7.193 1.876 0.393 0.811
3 7.509 5.927 3.784 0.936
4 5.430 0.896 0.378 0.949
4
5 8.504 6.847 3.708 0.917
0 7.692 4.862 2.279 0.908
2 2.849 1.690 0.563 0.852
3 1.308 6.425 7.679 0.747
4
5 2.377 9.886 3.073 0.886
3 6.418 0.434 2.717 0.911
4 8.368 6.245 7.373 0.902
3 10.185 8.397 2.687 0.764
9
3 1.559 5.442 7.507 0.964
3 6.600 7.832 6.032 0.928
2 5.564 7.816 2.459 0.889
5 11.091 1.482 2.908 0.756
0 11.728 6.443 9.489 0.728
5 10.269 4.182 0.993 0.776
4 5.057 3.303 11.037 0.687
0 5.147 0.421 6.397 0.875
1 5.647 11.998 10.807 0.807
9
5 5.282 10.559 6.947 0.876
1 5.273 6.705 9.974 0.825
1 6.273 10.123 6.720 0.725
3 11.457 10.441 7.313 0.722
1 11.621 6.291 6.876 0.680
4 1.371 0.059 4.524 0.815
0 6.192 4.807 9.613 0.825
3 1.119 2.001 11.170 0.784
3 3.231 5.678 1.524 0.773
7
4 3.807 2.297 7.415 0.970
1 8.425 11.727 0.427 0.662
0 8.244 3.865 4.264 0.848
0 5.996 6.987 10.223 0.849
5 2.373 6.364 5.241 0.750
3 9.902 7.390 6.458 0.946
4 7.662 6.355 10.215 0.845
5
1 10.978 7.535 4.171 0.672
4 3.780 11.073 2.618 0.999
0 1.607 2.872 8.719 0.704
0 5.218 11.294 6.519 0.882
1 4.833 8.223 0.213 0.680
9
2 10.936 11.621 1.385 0.802
2 6.033 8.228 2.268 0.628
0 0.292 9.144 7.360 0.962
3 1.759 2.214 2.447 0.936
2 11.123 1.143 0.743 0.981
3 0.931 1.161 4.691 0.771
2 5.161 7.211 0.159 0.880
1 2.175 5.447 8.872 0.762
1 7.258 1.138 9.508 0.729
4
5 10.508 10.905 11.275 0.828
1 6.051 11.792 9.658 0.703
0 8.933 9.336 9.776 0.762
2 10.558 8.338 9.207 0.906
7
1 8.672 0.847 4.101 0.788
0 10.657 11.887 10.832 0.620
2 11.336 7.993 4.054 0.864
4 2.184 0.922 6.176 0.799
1 8.415 9.141 11.761 0.609
4 1.297 2.844 5.324 0.802
1 7.776 0.129 3.103 0.710
6
4 6.486 4.988 6.248 0.939
0 7.656 9.714 0.914 0.839
0 4.637 11.263 4.631 0.988
3 6.503 7.159 5.155 0.798
2 6.321 7.174 4.387 0.714
5 3.237 11.154 7.963 0.899
4
0 9.270 7.030 7.596 0.764
5 4.679 10.771 8.980 0.620
5 11.333 0.882 10.867 0.772
3 3.011 9.066 0.545 0.639
9
3 1.732 11.519 2.942 0.883
0 7.491 5.468 2.444 0.621
4 1.857 4.360 1.677 0.767
4 3.146 6.987 5.034 0.911
4 9.782 1.644 3.482 0.652
3 1.366 10.712 9.412 0.850
2 3.297 7.318 8.701 0.880
1 7.597 9.040 2.278 0.700
5 10.989 10.545 0.474 0.624
6
2 5.102 7.480 1.230 0.817
0 9.069 10.955 1.930 0.694
2 5.808 4.249 4.059 0.798
1 10.063 0.892 1.437 0.924
4 10.056 9.227 5.332 0.899
3 9.719 4.427 7.844 0.996
6
2 6.583 8.953 11.050 0.771
2 6.967 5.544 3.890 0.817
3 6.771 5.818 8.224 0.720
0 0.913 2.559 7.945 0.633
2 5.937 9.170 3.935 0.953
1 4.294 8.712 4.397 0.647
9
3 6.831 11.023 11.279 0.965
3 6.363 11.908 5.499 0.688
5 10.737 2.980 4.340 0.746
2 8.124 7.018 9.554 0.896
2 9.565 6.487 10.037 0.825
1 1.077 5.452 10.257 0.925
1 6.188 6.530 6.810 0.987
5 10.100 5.073 6.984 0.722
4 1.009 0.980 8.845 0.960
4
0 7.610 1.727 8.949 0.860
1 8.546 5.868 10.893 0.735
3 4.733 4.054 11.619 0.869
3 5.856 9.657 0.870 0.847
4
3 9.085 11.828 4.190 0.602
3 10.006 10.664 11.493 0.856
4 4.345 0.122 1.319 0.969
1 2.949 1.947 7.622 0.874
6
1 4.672 6.349 3.288 0.954
3 3.701 1.378 7.776 0.910
1 10.946 9.038 0.206 0.792
0 3.751 2.371 4.312 0.835
4 8.607 7.137 2.688 0.674
2 4.830 10.928 11.248 0.851
8
3 10.241 5.817 4.831 0.982
5 6.568 11.484 5.791 0.688
0 2.609 1.612 9.579 0.990
4 9.290 9.452 0.695 0.970
0 10.489 10.863 5.400 0.699
3 7.273 1.887 1.883 0.729
2 10.897 9.720 1.573 0.897
4 3.198 6.415 1.808 0.908
4
1 9.857 10.154 9.865 0.633
2 7.378 6.335 10.676 0.877
0 11.466 7.040 10.288 0.721
1 5.004 11.001 1.091 0.931
5
0 6.520 6.308 1.891 0.933
2 3.793 4.866 6.677 0.999
5 8.582 4.317 8.245 0.642
3 8.110 8.960 9.413 0.649
3 0.148 4.526 8.520 0.695
8
0 5.497 0.126 11.899 0.920
1 10.818 1.826 7.533 0.975
5 3.578 4.049 4.706 0.867
2 2.264 4.519 1.315 0.724
2 6.754 8.686 3.980 0.931
0 1.222 7.461 1.577 0.852
1 2.158 4.827 10.043 0.837
0 1.205 0.388 11.849 0.774
4
2 11.047 5.124 6.139 0.859
1 9.853 4.631 3.977 0.765
0 8.723 7.357 3.812 0.916
1 7.923 7.303 0.222 0.732
6
2 7.809 1.275 4.531 0.804
2 9.902 7.337 1.900 0.907
2 6.579 4.231 6.005 0.657
5 2.378 11.202 11.980 0.883
1 6.808 0.320 7.913 0.911
1 2.935 6.918 8.365 0.732
6
2 5.556 1.488 11.683 0.654
4 6.521 6.729 6.724 0.706
5 11.906 9.810 7.218 0.649
0 3.463 10.764 2.890 0.829
1 2.227 6.574 0.915 0.613
1 9.393 11.159 11.986 0.655
9
5 10.877 7.383 7.684 0.905
1 2.394 5.616 1.716 0.755
4 4.869 4.035 1.578 0.698
2 0.642 9.408 8.660 0.915
3 11.512 7.201 5.639 0.765
4 10.957 6.777 4.884 0.713
3 10.059 10.261 4.908 0.774
4 1.376 11.267 3.964 0.808
3 10.851 3.848 0.656 0.890
7
5 4.518 3.863 9.475 0.953
0 2.932 10.133 2.908 0.949
0 5.709 1.264 10.919 0.818
5 4.746 2.830 0.821 0.965
5 4.425 6.554 6.768 0.666
5 8.959 6.802 10.841 0.639
1 1.486 6.451 11.412 0.600
5
5 3.591 3.897 0.752 0.958
4 4.767 4.278 7.026 0.618
0 5.458 3.765 3.892 0.657
3 10.545 2.432 10.308 0.877
0 2.346 10.055 4.250 0.789
5
5 10.557 11.945 2.424 0.853
1 11.394 11.715 7.801 0.722
2 11.536 3.287 5.044 0.952
2 8.351 11.254 5.342 0.632
1 10.338 1.448 8.294 0.708
9
1 6.017 3.546 3.280 0.921
4 10.613 7.079 2.748 0.720
1 8.004 3.322 7.679 0.636
0 5.284 6.340 6.370 0.618
4 7.039 6.447 5.081 0.827
1 3.422 9.068 2.951 0.712
4 0.346 9.484 1.809 0.959
4 5.540 9.007 4.617 0.972
3 0.723 0.768 9.321 0.964
6
5 5.802 0.383 3.497 0.931
5 8.211 6.246 11.418 0.670
1 1.345 5.227 8.021 0.819
2 9.439 9.494 2.831 0.796
1 10.232 7.240 3.136 0.681
5 0.630 5.381 10.568 0.730
8
0 7.303 9.674 6.045 0.889
0 0.870 10.888 6.827 0.817
5 2.856 1.755 3.732 0.617
2 9.836 8.862 9.368 0.906
3 1.062 9.847 2.059 0.702
1 5.962 7.908 7.151 0.782
2 4.928 4.373 2.596 0.988
0 1.541 9.065 7.209 0.654
9
3 6.260 11.828 0.040 0.764
4 1.699 4.715 3.577 0.770
0 11.660 8.158 8.604 0.990
4 2.758 3.039 6.623 0.697
3 1.032 2.727 3.706 0.979
4 2.620 1.925 7.023 0.998
5 4.118 8.336 10.373 0.836
1 5.551 4.715 10.117 0.752
0 2.585 4.169 2.203 0.820
5
3 2.444 2.573 5.613 0.723
3 5.883 7.520 2.179 0.795
4 4.596 0.873 8.296 0.745
2 7.452 6.227 8.899 0.805
4 11.083 8.582 3.223 0.744
5
5 11.240 4.317 9.188 0.889
0 0.245 3.865 4.613 0.633
3 3.903 9.249 6.232 0.622
3 7.295 5.861 2.253 0.806
1 0.381 3.747 5.089 0.818
5
4 8.479 3.125 8.706 0.866
1 10.561 10.015 6.420 0.780
1 4.638 10.392 2.713 0.717
2 7.336 1.684 10.179 0.899
3 6.791 9.705 11.707 0.719
9
0 11.029 2.594 8.271 0.867
2 2.815 7.590 1.079 0.771
3 5.915 5.879 11.168 0.714
5 3.358 1.903 4.829 0.790
1 4.209 8.548 6.245 0.897
3 9.650 5.740 3.084 0.941
2 8.402 0.277 4.696 0.746
0 10.949 3.264 4.526 0.939
2 5.627 3.906 3.041 0.609
6
2 10.701 6.789 3.143 0.867
1 7.708 4.613 4.097 0.959
0 6.914 11.309 9.258 0.851
4 6.514 7.354 0.764 0.627
3 10.557 4.583 10.915 0.615
1 8.201 3.274 5.940 0.789
4
1 7.265 3.237 3.098 0.688
4 0.011 6.526 4.727 0.696
3 10.188 9.183 0.949 0.929
5 11.626 4.002 4.160 0.955
6
5 2.496 4.755 1.877 0.677
1 1.914 7.459 5.888 0.826
2 4.978 4.402 8.016 0.799
5 2.992 3.900 2.133 0.805
1 10.530 11.870 9.814 0.954
2 1.353 5.419 9.265 0.792
5
4 10.395 10.438 0.641 0.702
4 8.874 8.326 3.035 0.854
2 8.589 3.922 4.006 0.904
4 9.942 6.810 5.047 0.883
4 8.883 3.227 1.930 0.680
8
5 3.503 7.824 11.686 0.789
5 11.292 11.645 1.605 0.875
3 3.024 7.989 4.640 0.872
1 0.584 8.559 1.421 0.617
2 4.278 6.462 9.620 0.762
0 9.993 10.267 2.055 0.627
3 9.606 10.064 3.405 0.757
4 4.898 1.704 6.917 0.870
5
4 3.392 10.400 5.307 0.934
4 11.203 3.016 5.859 0.648
2 10.613 3.242 6.826 0.710
3 3.288 2.731 5.786 0.746
2 6.707 1.819 0.086 0.904
9
0 0.048 4.036 1.677 0.916
3 5.811 4.975 9.684 0.758
0 2.579 7.400 9.926 0.701
1 11.267 10.375 11.932 0.777
5 0.564 10.287 11.336 0.816
5 0.896 4.307 9.043 0.724
4 5.590 10.638 0.764 0.746
4 3.179 2.941 11.094 0.798
2 9.637 9.932 9.212 0.994
4
3 4.827 8.463 3.006 0.964
0 0.114 1.689 3.883 0.890
4 7.884 9.729 4.376 0.855
2 3.746 0.800 7.840 0.838
6
2 2.563 2.161 0.563 0.652
2 8.163 2.128 1.270 0.657
2 2.188 0.264 4.797 0.621
0 3.858 6.446 11.428 0.682
1 3.851 9.050 1.300 0.995
3 5.680 11.264 5.992 0.912
5
2 0.839 4.681 11.051 0.953
2 6.301 0.121 8.762 0.865
5 0.664 7.397 4.135 0.776
5 7.543 6.058 6.813 0.646
5 8.278 5.439 7.985 0.768
7
4 2.760 7.208 6.873 0.806
0 6.339 5.420 3.410 0.618
0 11.179 1.823 5.624 0.997
5 7.474 2.260 5.627 0.821
0 10.410 1.520 11.881 0.796
1 2.243 11.087 9.479 0.657
0 9.572 6.139 11.924 0.626
4
5 4.109 6.212 4.185 0.683
0 10.387 2.352 3.355 0.857
0 1.287 5.286 9.085 0.951
0 9.600 10.261 9.250 0.820
4
1 9.740 2.142 4.005 0.972
1 10.007 1.409 2.180 0.755
5 7.405 10.822 0.863 0.995
1 6.387 3.797 11.484 0.988
8
5 11.933 4.539 9.799 0.880
5 11.351 7.899 2.503 0.684
1 2.058 6.966 0.496 0.711
2 11.292 7.320 4.290 0.678
0 8.300 8.835 4.324 0.724
3 2.402 0.857 3.190 0.750
4 4.908 5.482 6.078 0.977
2 6.166 5.014 5.911 0.647
4
2 11.424 0.938 7.780 0.690
3 4.652 8.919 7.215 0.779
0 4.405 4.000 7.012 0.863
2 3.515 8.339 8.065 0.698
7
2 1.586 10.744 3.020 0.768
2 1.225 10.561 9.228 0.642
5 1.193 10.758 1.061 0.745
2 0.363 7.083 8.368 0.996
0 8.016 1.868 0.870 0.668
4 3.792 8.050 7.267 0.988
0 11.911 4.742 9.944 0.860
9
0 11.972 0.799 5.547 0.761
5 11.185 6.214 7.012 0.799
1 6.187 1.151 9.536 0.601
5 8.351 9.436 10.873 0.865
5 5.685 10.608 5.198 0.662
2 10.316 11.334 10.750 0.610
2 4.955 6.733 11.693 0.910
0 3.619 6.088 1.495 0.827
1 7.952 6.116 3.702 0.741
5
1 7.089 5.596 11.877 0.836
1 6.697 5.513 10.209 0.642
4 1.858 11.644 6.300 0.763
4 11.561 8.554 1.427 0.929
1 1.845 9.821 8.813 0.885
5
2 6.373 0.342 1.323 0.720
4 7.717 10.172 0.553 0.766
0 2.576 6.441 7.886 0.768
3 2.444 11.919 6.721 0.655
4 11.125 1.166 7.508 0.707
8
2 2.641 1.013 9.500 0.754
5 5.166 5.410 0.595 0.934
0 1.959 4.586 3.872 0.927
5 1.190 4.463 3.773 0.794
1 6.238 6.322 8.798 0.749
4 11.596 0.085 7.120 0.984
2 11.560 8.326 10.081 0.684
4 0.673 2.204 1.415 0.903
6
0 10.269 2.560 7.074 0.923
3 7.767 4.480 1.077 0.829
0 1.026 11.809 9.978 0.731
2 1.792 1.871 3.426 0.713
3 0.575 7.496 6.625 0.971
5 8.612 7.404 8.194 0.685
8
0 9.886 5.750 4.025 0.850
0 2.070 1.002 8.224 0.656
3 8.126 9.614 5.340 0.959
5 0.857 1.390 10.008 0.866
4 8.544 8.436 4.766 0.876
5 6.722 11.067 2.534 0.766
4 1.680 11.369 1.861 0.710
3 0.377 5.183 4.530 0.870
7
3 5.241 9.584 6.138 0.793
4 8.908 1.998 7.030 0.681
2 9.879 7.817 4.524 0.921
5 4.663 6.891 10.108 0.743
4 1.774 8.446 4.756 0.636
3 2.803 3.135 8.765 0.830
2 11.060 9.632 3.058 0.697
5
3 10.897 0.783 2.157 0.766
4 5.469 5.842 2.776 0.901
0 8.153 6.007 1.803 0.997
2 6.817 6.618 3.996 0.661
2 9.669 1.172 9.409 0.687
5
4 8.851 4.130 1.957 0.676
1 10.793 11.087 8.271 0.746
5 9.683 7.299 9.968 0.993
0 2.990 0.244 6.447 0.701
2 3.438 6.730 3.151 0.630
4
2 9.523 11.321 1.826 0.756
4 10.257 7.313 6.525 0.894
4 9.005 8.433 7.071 0.855
2 0.652 11.240 4.352 0.915
5
3 5.434 4.446 8.751 0.977
4 3.249 8.720 10.626 0.630
4 1.323 11.286 7.886 0.629
0 1.224 6.785 1.437 0.996
2 4.243 1.690 11.390 0.866
5
0 4.960 1.716 10.824 0.990
4 6.508 5.241 8.153 0.634
5 4.251 5.988 2.370 0.882
3 1.674 2.315 8.322 0.612
4 1.069 10.793 3.073 0.688
6
1 11.712 11.399 11.104 0.943
0 7.307 9.545 11.959 0.829
4 3.795 2.034 9.231 0.663
0 1.310 3.575 3.610 0.995
3 0.384 9.957 8.262 0.808
4 9.200 8.050 0.997 0.748
5
3 10.001 4.892 4.027 0.739
0 10.782 2.902 0.574 0.748
5 4.025 8.099 5.459 0.694
3 2.108 1.800 3.041 0.792
2 2.218 8.137 7.323 0.838
8
2 6.881 0.268 3.730 0.626
4 3.955 8.717 8.090 0.916
4 1.111 8.217 6.044 0.777
0 4.972 11.878 4.449 0.743
0 11.885 4.646 1.627 0.916
1 4.058 9.485 4.554 0.715
4 11.327 0.818 11.692 0.965
0 5.988 4.565 0.781 0.966
5
0 2.467 10.538 11.526 0.973
2 1.663 1.635 9.643 0.728
0 2.312 1.628 8.139 0.953
5 10.628 8.020 4.408 0.891
2 1.757 10.449 11.802 0.890
9
0 1.478 3.855 6.990 0.710
4 6.484 6.812 9.147 0.811
0 0.978 2.675 0.920 0.724
5 6.046 1.924 3.965 0.827
2 5.804 10.718 7.172 0.740
3 5.581 2.289 11.329 0.991
0 5.267 7.013 6.520 0.713
0 2.076 8.837 2.539 0.608
1 5.089 11.538 7.346 0.625
4
1 4.104 1.996 11.663 0.735
4 6.743 8.253 3.009 0.897
1 4.279 10.607 6.972 0.767
4 7.043 3.077 11.393 0.797
9
4 10.236 10.584 1.951 0.804
2 9.183 11.206 3.762 0.822
3 1.891 11.370 3.409 0.639
5 0.038 5.754 1.345 0.898
4 7.807 8.227 7.953 0.760
3 6.890 7.583 5.547 0.636
3 7.670 0.741 1.716 0.611
4 5.313 1.015 9.599 0.694
3 9.575 3.056 10.834 0.802
7
2 6.662 11.351 5.879 0.793
2 3.792 7.989 6.035 0.971
5 2.582 10.010 9.642 0.991
1 8.221 9.569 8.540 0.924
1 1.412 5.708 8.572 0.618
0 11.474 7.895 5.651 0.858
5 10.933 11.190 7.731 0.626
9
1 1.313 11.786 10.456 0.724
1 7.324 9.298 3.137 0.883
5 1.503 8.721 0.703 0.947
3 9.424 10.483 6.830 0.977
5 11.093 2.700 8.533 0.616
1 5.999 11.751 2.770 0.847
0 8.333 6.190 3.792 0.709
1 0.323 3.202 9.260 0.641
2 11.125 10.938 3.486 0.981
8
2 11.551 9.290 3.999 0.712
4 11.900 0.790 1.160 0.882
0 5.676 8.935 2.997 0.680
4 4.371 5.209 4.780 0.736
2 3.547 10.318 10.280 0.813
1 4.881 2.825 5.687 0.984
0 5.152 5.712 4.991 0.852
5 11.096 6.000 11.368 0.835
7
0 6.333 2.272 9.193 0.623
1 2.204 11.627 9.446 0.834
2 3.218 9.568 0.498 0.623
0 5.190 1.279 5.698 0.982
0 6.605 0.025 5.578 0.846
1 11.943 5.979 9.416 0.698
5 2.879 10.360 4.906 0.635
8
1 2.943 6.844 4.832 0.753
5 4.692 5.623 1.267 0.981
5 5.840 7.053 3.787 0.993
0 4.028 0.264 10.023 0.888
4 4.925 4.786 10.645 0.703
0 8.497 5.381 4.390 0.775
3 5.222 2.535 0.280 0.949
4 9.273 5.462 5.683 0.952
7
5 4.512 10.776 11.717 0.914
3 10.633 0.899 2.722 0.692
4 11.397 7.869 8.025 0.774
5 3.581 7.209 1.021 0.835
5 4.100 8.540 0.201 0.766
3 3.114 7.362 2.651 0.759
1 8.969 5.204 5.978 0.621
5
5 4.695 7.084 8.546 0.905
5 4.377 5.738 3.075 0.872
3 6.532 11.845 1.638 0.912
2 9.717 6.108 0.258 0.903
2 6.340 5.942 2.005 0.850
7
5 5.848 10.874 11.606 0.870
0 7.270 5.524 6.358 0.996
4 0.271 3.483 5.191 0.621
0 3.605 8.303 8.283 0.931
3 8.464 1.758 6.940 0.805
4 4.494 7.887 1.783 0.724
4 2.997 2.135 1.413 0.634
4
5 2.296 0.251 0.691 0.833
5 9.827 10.314 2.536 0.881
5 3.859 9.738 10.853 0.938
5 3.765 5.302 9.748 0.828
8
4 11.844 2.681 2.673 0.848
1 7.769 11.061 9.456 0.955
1 9.932 10.984 8.124 0.669
2 7.255 4.178 9.238 0.727
1 5.749 0.709 5.915 0.868
5 8.946 9.200 8.164 0.976
0 1.143 0.531 4.237 0.994
4 6.399 4.639 9.516 0.767
9
4 2.117 3.272 8.004 0.878
2 0.645 9.354 2.653 0.608
1 4.320 2.987 3.506 0.704
0 4.371 4.998 2.069 0.669
1 10.152 5.629 6.141 0.725
4 9.595 5.331 8.616 0.698
3 4.347 3.187 5.328 0.830
1 3.420 3.554 4.700 0.859
0 7.444 3.426 2.295 0.947
8
5 5.554 4.456 11.330 0.636
4 6.634 10.565 11.896 0.967
1 0.893 2.963 11.652 0.817
4 6.673 0.467 3.473 0.743
0 6.382 1.352 10.397 0.919
5 7.674 1.328 6.749 0.976
3 7.098 6.560 0.671 0.884
0 5.568 10.804 8.090 0.687
7
5 6.523 4.041 6.933 0.853
0 0.147 8.658 11.095 0.842
1 9.143 4.006 11.494 0.824
0 11.718 2.208 2.259 0.919
1 9.100 0.687 0.411 0.919
1 9.492 7.612 8.883 0.955
5 11.497 3.856 3.112 0.931
5
2 7.621 7.382 11.224 0.617
4 3.649 10.547 7.878 0.755
5 2.223 5.941 11.620 0.696
2 3.245 2.400 0.995 0.701
5 2.846 3.479 10.135 0.880
9
5 7.814 8.299 11.221 0.728
0 0.707 5.904 4.609 0.812
0 1.403 4.317 7.309 0.823
3 1.780 7.110 10.976 0.672
4 0.136 7.898 7.731 0.851
3 2.276 8.695 0.937 0.946
0 1.560 4.602 2.705 0.774
3 8.950 9.132 8.669 0.621
0 1.773 1.948 0.450 0.611
9
3 1.740 8.559 1.665 0.737
0 7.111 2.760 2.159 0.780
3 2.407 7.684 2.017 0.667
4 9.500 4.917 4.538 0.899
0 4.656 5.692 0.477 0.846
1 9.678 11.224 5.074 0.915
3 3.476 3.432 7.976 0.664
5 10.577 11.095 1.292 0.861
2 3.414 3.514 9.003 0.914
9
5 11.097 2.228 4.720 0.941
2 1.352 11.757 8.886 0.946
2 7.087 8.120 6.923 0.952
2 11.988 10.071 7.870 0.984
1 3.116 5.960 1.079 0.911
5 0.746 7.545 3.356 0.729
4 4.672 3.215 8.015 0.945
0 3.151 4.387 8.325 0.676
2 2.384 6.681 4.073 0.600
4
5 0.023 3.939 3.303 0.997
5 0.324 5.175 11.032 0.921
1 8.671 10.280 11.223 0.768
2 6.743 2.897 8.683 0.913
8
5 7.425 10.978 7.865 0.983
1 7.399 1.945 0.424 0.766
1 6.545 2.337 8.080 0.743
5 0.699 1.180 0.429 0.784
2 8.205 6.574 10.274 0.749
0 0.688 7.777 5.712 0.640
4 1.939 0.767 6.379 0.651
4 8.407 10.324 11.022 0.749
9
5 4.456 5.114 7.662 0.696
0 8.126 11.699 3.444 0.910
5 5.090 2.536 5.297 0.941
3 7.218 6.114 6.125 0.624
1 4.313 4.384 1.163 0.984
5 3.481 5.468 6.069 0.922
3 11.530 8.226 11.153 0.873
2 0.968 1.413 8.419 0.813
5 11.438 5.329 6.826 0.639
5
1 5.334 3.541 4.414 0.955
1 8.742 0.039 2.026 0.657
1 1.632 10.685 8.990 0.626
5 1.857 3.994 2.198 0.992
2 11.226 4.022 1.727 0.912
4
4 0.446 7.824 5.641 0.960
1 9.942 10.935 2.142 0.798
2 11.002 2.502 7.719 0.629
1 11.385 7.417 3.844 0.890
4
4 2.863 10.130 6.179 0.819
2 2.986 6.623 3.809 0.667
5 3.151 2.910 8.093 0.947
5 2.687 0.751 6.113 0.692
5
3 5.956 7.734 4.375 0.748
1 2.704 7.279 2.974 0.636
4 7.175 7.359 9.239 0.843
3 4.881 7.780 4.492 0.764
2 1.480 3.003 5.587 0.824
6
5 8.115 10.123 4.633 0.857
2 4.614 6.826 11.633 0.669
2 7.100 7.635 8.397 0.992
4 10.704 1.008 3.055 0.904
1 1.133 0.809 8.394 0.977
2 11.192 9.672 3.666 0.792
5
5 6.836 9.346 5.958 0.605
3 0.929 9.506 7.236 0.606
3 5.608 5.854 3.823 0.806
3 4.243 11.667 4.317 0.969
5 6.892 1.512 9.694 0.636
8
5 1.167 1.111 4.927 0.663
2 6.935 10.766 11.478 0.903
5 0.430 1.594 3.752 0.648
4 6.361 4.962 6.186 0.885
5 7.296 9.857 9.180 0.778
1 8.946 10.339 11.548 0.911
0 5.268 5.584 6.773 0.712
4 3.980 10.147 9.642 0.600
8
3 1.117 10.608 0.832 0.707
5 7.090 8.004 4.957 0.808
1 5.136 0.500 0.714 0.786
4 1.651 2.371 6.395 0.833
0 11.534 2.564 7.814 0.851
3 9.911 11.723 2.137 0.902
3 11.247 2.503 1.446 0.666
1 10.933 1.090 0.062 0.937
6
0 2.894 7.780 8.640 0.910
3 11.522 0.327 9.326 0.918
4 8.223 8.536 3.917 0.827
1 1.849 6.310 6.751 0.971
4 0.954 5.109 11.307 0.935
0 0.981 2.686 1.369 0.914
4
4 8.239 7.422 4.037 0.674
2 0.182 9.184 2.770 0.890
0 2.399 4.541 5.641 0.636
2 0.528 5.869 1.069 0.640
6
0 11.040 7.212 11.510 0.975
1 10.227 3.949 11.158 0.689
3 3.632 5.306 10.070 0.872
1 1.050 4.987 9.717 0.613
2 3.428 3.509 5.025 0.977
4 10.274 4.987 4.942 0.761
8
2 5.252 5.999 9.299 0.723
2 6.555 4.799 6.780 0.716
0 5.473 0.545 6.979 0.919
0 3.240 0.621 3.559 0.719
0 2.852 9.647 7.140 0.894
0 4.323 5.325 6.308 0.610
0 4.822 10.011 7.843 0.639
3 9.015 6.038 9.508 0.934
9
1 8.087 5.539 6.401 0.832
4 6.190 11.864 11.058 0.933
4 6.444 6.704 10.660 0.840
1 4.504 11.381 1.975 0.825
1 10.760 9.120 1.350 0.854
3 0.084 2.696 8.801 0.952
2 11.527 4.912 5.540 0.972
4 11.218 6.334 0.402 0.792
2 2.049 6.957 4.578 0.785
7
1 3.281 8.067 1.318 0.733
3 6.180 6.297 1.598 0.725
0 11.178 10.889 9.947 0.691
1 2.376 10.958 5.787 0.881
5 11.901 3.748 0.233 0.636
1 11.884 11.419 11.328 0.863
0 2.908 9.438 10.772 0.705
4
3 11.602 11.657 8.599 0.789
5 4.214 10.904 9.158 0.982
4 7.947 3.892 7.672 0.659
1 2.086 8.929 1.389 0.615
9
3 10.183 9.854 6.800 0.630
5 11.217 8.929 0.707 0.757
4 8.767 5.855 10.724 0.996
3 10.255 2.392 3.806 0.774
0 7.674 0.814 10.801 0.889
3 5.547 2.461 5.414 0.872
4 8.590 1.876 11.845 0.968
1 1.646 11.620 9.842 0.836
1 8.120 0.248 10.411 0.844
9
2 7.364 4.251 4.071 0.629
5 11.869 10.194 6.595 0.621
3 7.275 9.697 11.516 0.925
3 5.515 0.175 7.372 0.855
4 4.391 0.748 7.740 0.729
3 11.824 7.121 10.233 0.909
1 5.548 10.766 4.761 0.604
2 11.010 0.727 6.838 0.727
0 8.289 1.167 3.666 0.758
4
0 7.176 5.076 9.625 0.736
5 2.348 6.370 2.715 0.606
2 4.999 8.258 4.067 0.942
4 3.192 6.418 0.785 0.740
6
5 11.947 1.600 3.727 0.751
2 1.565 8.975 10.079 0.996
4 1.894 6.806 7.492 0.842
1 4.599 3.750 11.574 0.624
3 4.617 0.840 8.030 0.704
1 2.046 5.447 5.129 0.939
8
1 10.668 11.057 3.038 0.930
0 7.204 9.724 5.787 0.805
5 1.522 8.606 6.326 0.600
1 0.729 10.640 9.822 0.799
3 5.944 5.385 3.225 0.860
0 11.105 8.137 1.398 0.888
5 4.974 8.634 10.092 0.650
4 6.310 3.308 3.446 0.956
6
0 9.255 4.402 2.284 0.601
0 9.019 11.782 7.068 0.625
1 10.876 8.470 4.009 0.756
2 3.260 1.014 0.217 0.939
1 5.925 5.039 4.416 0.980
2 3.677 2.262 5.165 0.785
6
4 7.434 6.176 2.926 0.650
2 8.246 9.997 8.726 0.698
1 6.039 5.957 1.283 0.686
3 0.616 4.426 10.920 0.627
2 8.191 0.030 11.007 0.947
2 0.556 11.377 2.866 0.941
5
0 4.311 3.581 1.502 0.640
5 3.150 9.870 2.929 0.757
2 0.043 6.649 6.439 0.886
1 8.334 2.683 2.389 0.793
2 2.681 11.860 6.112 0.738
4
4 1.448 11.222 10.190 0.952
3 11.781 2.835 0.753 0.780
4 2.503 0.051 1.517 0.633
4 9.983 4.995 11.483 0.606
6
1 0.289 3.068 10.871 1.000
4 1.646 3.648 1.727 0.796
0 7.590 1.915 10.665 0.865
1 10.019 9.949 9.671 0.686
2 2.418 5.342 5.504 0.776
1 3.475 5.174 10.397 0.988
5
2 3.631 6.620 11.854 0.955
4 6.070 1.750 6.830 0.626
3 11.910 9.071 5.759 0.683
0 10.242 5.489 5.293 0.622
0 6.838 4.895 1.742 0.783
4
1 1.439 0.951 5.099 0.655
0 7.320 10.403 6.642 0.664
2 10.996 7.381 11.332 0.828
4 0.577 2.397 5.178 0.938
5
4 0.798 1.904 2.610 0.738
4 2.479 2.458 0.190 0.611
3 1.845 0.184 6.915 0.699
4 2.402 11.734 6.344 0.891
4 3.475 9.115 3.098 0.948
9
1 10.702 4.148 11.450 0.833
2 9.562 0.448 8.808 0.908
4 7.325 2.903 1.201 0.911
1 10.749 5.611 2.270 0.954
0 9.944 10.015 11.764 0.841
1 7.470 6.986 3.886 0.752
4 3.407 11.877 4.710 0.666
1 7.980 2.914 1.408 0.654
4 3.542 10.687 9.845 0.614
5
4 9.438 7.154 3.515 0.830
2 10.639 11.361 3.518 0.830
4 11.121 5.654 11.479 0.845
5 2.735 3.344 2.437 0.677
0 2.149 8.597 7.022 0.874
8
3 5.654 1.690 6.080 0.810
4 2.584 8.800 7.025 0.990
4 3.231 9.050 2.502 0.723
3 5.914 10.697 6.590 0.742
1 11.785 5.946 11.946 0.849
3 5.265 1.434 3.804 0.901
4 2.758 9.196 11.913 0.795
5 8.063 4.339 10.163 0.707
9
4 8.444 5.135 11.639 0.792
1 4.700 7.442 3.577 0.611
1 2.127 8.547 2.041 0.807
2 1.065 10.307 0.072 0.991
3 0.930 9.424 11.662 0.942
2 5.293 10.437 1.369 0.816
3 9.811 0.043 6.774 0.770
1 11.456 7.187 3.255 0.819
4 0.557 7.775 5.851 0.715
5
3 2.781 5.250 5.063 0.841
2 5.594 7.657 7.624 0.973
1 2.846 11.723 6.557 0.734
2 5.213 11.845 5.961 0.997
4 10.323 3.173 10.441 0.775
7
3 6.931 6.275 6.575 0.824
1 8.914 1.108 11.854 0.606
0 10.484 10.894 11.632 0.916
3 1.264 5.534 11.546 0.731
5 0.642 3.782 5.892 0.987
5 8.750 2.882 1.281 0.614
4 2.880 4.468 5.756 0.644
7
3 2.691 1.900 9.034 0.794
1 7.051 1.099 2.896 0.675
4 4.772 1.221 0.131 0.973
2 9.010 11.948 4.001 0.999
3 2.354 7.523 3.015 0.897
0 10.263 1.316 0.523 0.612
2 9.539 7.067 3.934 0.785
8
4 2.786 8.608 2.383 0.900
3 9.428 2.979 9.361 0.641
1 0.989 2.675 7.490 0.701
0 11.321 5.199 9.787 0.978
3 3.103 0.119 11.794 0.706
3 7.903 11.061 8.254 0.727
4 10.048 10.145 2.627 0.742
3 3.600 9.949 5.499 0.833
7
0 2.974 7.169 5.169 0.874
3 6.243 4.425 8.570 0.797
4 3.036 3.575 11.377 0.792
5 4.262 6.878 10.845 0.758
1 8.997 1.639 6.688 0.721
5 0.152 8.808 7.954 0.618
3 0.810 2.797 9.345 0.907
5
3 6.099 9.605 7.244 0.810
1 2.684 9.236 3.449 0.915
3 5.523 7.633 6.768 0.858
3 5.537 9.956 4.393 0.680
0 9.934 9.266 8.280 0.821
5
4 1.229 7.932 2.978 0.845
4 5.238 4.239 10.807 0.669
5 0.081 1.659 5.609 0.803
0 5.150 7.588 9.071 0.907
5 7.009 4.885 8.132 0.806
6
2 2.499 3.220 2.791 0.921
3 4.370 0.127 3.339 0.790
1 0.902 11.960 0.924 0.872
0 7.855 1.858 11.323 0.739
5 8.084 9.885 10.004 0.671
4 10.842 9.069 2.702 0.733
9
2 7.965 11.166 5.425 0.907
4 7.221 7.885 7.057 0.792
3 8.670 6.820 10.482 0.672
2 8.989 0.767 10.410 0.747
3 0.559 11.332 5.608 0.682
4 7.538 10.255 6.616 0.702
3 2.905 0.516 6.619 0.767
5 3.037 1.422 0.325 0.810
5 8.433 9.850 1.681 0.750
6
2 8.169 11.886 8.928 0.884
1 11.424 8.196 2.141 0.893
1 3.616 4.422 2.953 0.721
1 1.927 4.802 1.121 0.918
2 3.165 2.119 11.079 0.683
0 8.466 10.091 10.963 0.972
7
1 7.115 0.829 4.373 0.731
4 4.314 11.629 5.860 0.918
0 5.820 10.103 7.588 0.659
5 3.832 8.247 1.865 0.831
5 5.389 3.261 3.721 0.983
2 3.882 0.731 8.899 0.863
0 9.887 7.596 9.362 0.929
9
5 10.145 7.467 7.528 0.751
1 2.187 3.443 1.371 0.610
4 9.060 11.022 8.080 0.969
3 0.953 1.681 5.887 0.719
4 6.075 6.280 4.490 0.611
0 4.674 9.924 1.271 0.773
4 10.474 8.537 5.466 0.939
2 12.000 6.533 8.794 0.841
3 1.250 11.262 5.484 0.999
8
0 0.092 6.842 9.554 0.756
2 3.434 9.378 6.248 0.716
3 5.609 4.389 8.419 0.754
2 6.531 11.292 6.473 0.873
0 6.936 9.547 7.531 0.639
2 5.393 8.107 9.888 0.796
1 6.313 0.661 2.909 0.886
1 11.703 11.632 9.234 0.732
8
4 11.620 4.651 4.748 0.902
0 8.275 2.029 10.797 0.880
1 10.333 6.083 8.300 0.632
5 0.544 9.711 9.418 0.715
0 4.942 2.148 2.368 0.918
4 11.479 10.126 8.522 0.756
1 5.682 1.305 10.361 0.669
1 1.990 3.202 2.236 0.667
4
5 0.717 2.539 8.764 0.867
3 1.719 1.432 6.514 0.986
5 8.884 3.698 0.837 0.893
5 8.228 0.677 2.202 0.719
4
5 7.462 7.640 0.900 0.746
5 6.777 7.553 4.581 0.649
5 7.557 2.759 0.981 0.935
3 8.414 2.482 9.009 0.604
5
2 11.742 10.097 8.870 0.750
1 9.147 3.216 0.915 0.942
2 10.904 6.793 1.020 0.896
5 6.782 10.170 5.363 0.787
0 5.542 5.353 7.647 0.915
8
3 11.291 3.259 10.757 0.951
2 9.260 3.569 5.552 0.971
5 6.698 8.689 9.114 0.667
5 8.523 11.483 10.229 0.988
5 3.468 0.991 11.366 0.971
5 9.046 10.036 9.435 0.625
2 11.482 0.288 5.728 0.944
5 0.174 5.414 0.606 0.611
8
4 7.253 6.507 0.844 0.824
4 1.040 1.542 6.673 0.828
2 4.402 7.025 8.088 0.710
4 5.217 4.495 11.774 0.976
4 8.835 9.593 6.370 0.965
2 9.510 4.305 3.198 0.851
1 11.658 11.022 8.080 0.980
4 9.678 6.379 4.087 0.728
4
1 1.331 10.462 3.577 0.603
2 4.563 9.296 5.437 0.987
0 3.577 0.686 3.417 0.980
2 1.145 7.410 7.547 0.894
7
1 11.306 10.992 6.368 0.637
0 6.084 9.390 7.611 0.827
1 7.165 7.031 4.710 0.760
5 11.450 0.586 9.110 0.648
0 5.684 5.054 2.838 0.830
1 4.791 4.200 1.686 0.878
2 0.148 5.752 8.924 0.634
9
2 0.698 7.058 5.289 0.755
1 0.175 6.170 0.837 0.655
4 8.409 7.025 5.930 0.910
3 8.432 0.628 10.097 0.780
1 4.796 11.532 0.441 0.858
3 2.653 4.927 0.871 0.782
4 2.242 2.139 6.562 0.856
1 6.888 0.019 2.304 0.839
4 8.334 10.422 9.674 0.942
5
2 8.172 6.735 6.075 0.707
1 4.798 5.825 3.050 0.714
3 1.036 10.519 11.508 0.659
4 7.487 0.069 4.600 0.744
2 9.232 10.047 5.763 0.602
8
3 3.827 8.798 5.614 0.680
3 4.240 9.034 9.334 0.741
5 1.546 9.684 9.764 0.771
2 8.617 3.021 5.971 0.923
4 6.290 1.435 4.461 0.788
0 8.287 11.025 7.135 0.864
4 5.477 4.398 6.332 0.695
0 6.013 3.740 8.569 0.854
4
2 2.507 7.430 4.755 0.872
3 4.157 11.174 4.686 0.731
4 7.393 7.361 7.352 0.802
4 3.141 8.300 11.099 0.704
9
3 9.663 11.975 0.856 0.685
1 4.527 7.105 9.338 0.838
1 8.669 7.043 10.720 0.969
0 0.797 0.684 1.559 0.610
3 3.526 3.676 10.865 0.917
4 1.125 7.517 8.875 0.983
5 9.158 3.605 11.436 0.714
5 6.847 3.872 1.783 0.635
5 5.535 2.546 10.398 0.613
6
2 0.988 7.929 1.053 0.899
4 9.292 8.835 4.116 0.797
4 0.736 0.986 7.682 0.981
1 6.541 11.939 0.436 0.696
2 7.917 0.622 2.392 0.834
5 8.251 10.532 0.738 0.673
6
4 2.043 0.889 7.744 0.981
5 7.247 11.959 6.175 0.880
1 10.165 7.183 7.367 0.966
5 1.647 5.251 1.024 0.824
1 0.180 10.148 7.757 0.768
4 1.516 3.222 6.242 0.623
9
5 11.895 11.929 4.842 0.631
4 1.120 3.382 5.403 0.818
5 10.224 4.799 9.114 0.801
1 8.852 4.407 2.542 0.677
3 5.788 7.692 7.393 0.688
1 6.979 3.066 4.912 0.890
0 8.653 2.524 1.301 0.611
0 2.377 6.917 0.486 0.695
2 8.153 9.110 1.856 0.968
4
1 0.427 0.087 6.804 0.752
1 10.015 10.319 0.208 0.611
2 2.200 3.920 3.858 0.845
0 10.485 2.525 3.824 0.670
6
0 3.608 3.792 9.006 0.638
1 8.571 8.837 4.262 0.991
4 7.627 2.725 0.584 0.818
3 3.340 2.145 7.552 0.810
0 11.815 7.351 0.457 0.683
5 8.886 7.944 0.277 0.975
6
2 9.259 6.474 5.859 0.811
5 10.021 4.733 10.230 0.670
2 8.742 8.775 9.443 0.854
5 11.624 9.812 5.751 0.625
2 9.181 10.425 10.719 0.763
4 7.467 6.026 9.905 0.735
7
3 11.896 3.069 9.001 0.632
2 6.539 2.078 9.779 0.953
1 5.799 8.019 10.903 0.799
3 8.643 6.802 4.647 0.725
2 9.392 11.345 0.819 0.828
5 3.738 1.852 1.041 0.719
2 8.556 3.992 5.259 0.925
4
0 8.673 8.487 5.555 0.981
5 1.108 5.972 1.671 0.621
5 5.981 9.050 11.897 0.964
2 8.803 8.846 1.091 0.763
7
0 10.964 1.714 1.143 0.956
0 6.443 4.040 11.379 0.854
3 10.967 5.318 0.952 0.734
3 2.143 2.967 3.151 0.833
5 2.776 9.528 3.783 0.733
3 8.552 6.067 10.440 0.712
0 8.573 4.122 8.753 0.742
8
4 1.228 3.810 6.728 0.845
3 7.771 4.664 11.745 0.963
1 6.636 11.824 11.810 0.640
4 8.288 5.617 3.523 0.846
5 10.180 3.222 4.572 0.990
4 7.690 7.560 4.110 0.636
2 0.757 7.199 11.274 0.744
2 10.933 0.008 2.471 0.640
6
1 10.964 5.613 9.591 0.673
2 1.768 10.473 2.850 0.746
5 0.222 8.407 0.405 0.809
2 6.692 8.576 9.824 0.650
4 7.480 4.677 3.298 0.716
1 10.236 3.946 5.911 0.955
7
4 8.026 8.899 2.477 0.804
0 9.574 9.662 9.956 0.783
0 4.146 5.703 2.619 0.631
0 0.088 2.708 7.691 0.904
4 2.421 10.547 0.186 0.660
5 4.728 9.367 6.237 0.996
0 8.803 11.240 10.796 0.988
8
5 8.424 5.075 6.876 0.972
4 0.450 2.690 7.816 0.894
2 5.790 11.210 9.075 0.690
5 11.439 10.669 5.300 0.634
0 10.176 0.149 3.839 0.722
1 7.550 1.505 10.315 0.617
5 1.367 3.441 4.815 0.917
5 5.040 0.917 6.466 0.791
8
5 8.151 10.242 9.982 0.663
0 11.304 8.962 2.947 0.674
2 1.972 1.859 7.894 0.849
1 5.742 11.647 5.940 0.858
0 1.450 8.410 6.597 0.966
3 7.734 9.605 11.105 0.643
4 10.934 0.414 10.664 0.608
5 8.138 0.749 4.788 0.862
4
4 10.069 5.924 9.621 0.614
1 0.803 0.347 1.924 0.738
3 4.533 4.639 10.157 0.944
1 8.397 6.910 4.898 0.772
9
0 1.145 7.496 8.047 0.704
3 8.288 4.827 6.235 0.931
5 4.664 5.260 0.180 0.680
3 7.251 5.729 5.456 0.959
1 8.940 6.023 11.430 0.801
5 10.106 10.262 10.082 0.944
1 5.139 8.163 9.292 0.683
2 0.333 6.757 11.550 0.704
2 11.577 9.391 10.308 0.801
5
3 4.466 1.006 4.800 0.780
3 4.811 4.038 1.086 0.735
5 8.157 6.191 4.916 0.797
3 6.049 3.009 0.001 0.682
4 3.001 6.991 5.556 0.904
9
5 7.923 4.211 1.633 0.837
3 2.362 4.555 7.008 0.706
4 6.555 11.672 0.267 0.786
2 6.588 1.572 11.052 0.785
3 0.232 6.610 7.538 0.856
5 11.058 2.708 0.899 0.815
0 10.257 9.796 7.328 0.804
2 10.940 0.908 3.937 0.725
1 11.777 9.599 6.522 0.836
7
2 10.884 9.994 2.141 0.961
5 5.956 6.681 3.026 0.765
4 6.412 4.813 3.656 0.703
3 4.647 8.580 8.006 0.638
4 8.712 5.009 1.205 0.821
2 1.771 5.447 9.145 0.749
0 7.758 9.139 4.690 0.771
9
0 2.480 9.038 11.052 0.952
0 7.768 6.274 8.382 0.871
3 4.159 2.152 7.296 0.815
4 11.474 2.133 5.676 0.976
3 8.471 9.929 5.642 0.856
0 5.844 0.879 0.617 0.633
4 3.472 5.895 5.623 0.988
1 4.210 9.667 6.626 0.664
3 1.580 11.006 5.307 0.831
5
5 11.229 1.270 8.370 0.626
4 2.952 2.775 9.999 0.854
0 10.134 5.853 4.667 0.688
2 3.114 4.353 6.329 0.753
2 0.158 10.543 0.598 0.740
4
4 11.079 1.729 1.494 0.642
5 11.316 1.414 3.645 0.767
3 2.085 7.937 7.026 0.988
0 7.311 1.566 5.174 0.653
8
4 8.763 10.250 11.273 0.645
3 0.347 3.230 7.035 0.781
2 10.433 0.806 4.664 0.879
0 5.943 10.302 9.119 0.765
5 8.327 8.705 4.322 0.779
0 10.705 2.822 9.323 0.615
3 11.279 11.364 11.000 0.770
0 5.206 9.108 7.894 0.711
5
3 2.852 3.918 5.098 0.802
4 11.787 3.135 3.541 0.807
0 11.123 6.767 5.703 0.783
1 4.594 11.888 3.746 0.607
0 0.699 4.438 11.439 0.628
8
2 1.956 2.743 6.854 0.813
5 3.705 10.820 7.583 0.876
4 8.148 5.686 3.359 0.940
5 3.963 3.698 3.059 0.909
5 2.206 7.252 0.136 0.932
1 0.227 7.219 10.572 0.820
4 8.688 3.032 9.203 0.796
5 8.953 5.589 10.602 0.908
8
4 3.620 3.606 11.748 0.856
0 1.879 11.535 0.048 0.774
0 10.855 5.792 9.941 0.704
4 10.433 4.035 6.674 0.620
5 6.414 4.361 5.490 0.708
3 10.750 9.143 3.157 0.870
5 4.614 7.113 3.575 0.942
5 6.596 3.500 8.685 0.722
8
0 2.803 9.739 2.211 0.694
5 9.318 6.154 1.445 0.810
2 7.785 10.154 3.074 0.828
4 2.713 0.845 7.280 0.971
4 4.899 4.871 11.628 0.832
4 7.346 9.570 5.108 0.906
0 3.141 4.535 0.104 0.888
5 7.876 9.269 8.622 0.903
5
0 4.832 11.262 11.473 0.826
5 8.781 7.837 0.359 0.812
1 9.668 3.897 5.833 0.981
0 8.918 6.832 0.747 0.639
4 11.256 3.168 7.808 0.905
8
0 8.594 8.195 9.776 0.919
2 4.908 1.830 7.803 0.740
1 4.383 9.947 9.906 0.671
4 0.460 7.487 1.994 0.646
4 7.340 0.724 11.408 0.992
5 9.312 3.762 2.014 0.803
3 2.620 1.821 10.139 0.842
5 6.932 9.001 6.640 0.903
9
4 5.169 9.409 3.501 0.753
0 10.598 7.223 4.938 0.926
3 0.665 7.703 9.732 0.781
5 9.962 4.298 2.949 0.844
2 8.980 8.112 10.419 0.804
5 11.922 3.037 9.231 0.737
4 9.408 11.645 8.812 0.943
1 5.092 10.901 5.421 0.925
4 6.027 4.981 2.700 0.922
5
3 1.101 10.196 8.651 0.884
3 4.891 10.632 9.394 0.652
3 4.897 8.886 8.348 0.801
2 5.812 1.443 6.275 0.901
1 10.912 1.222 8.840 0.729
8
2 10.003 6.900 6.951 0.863
5 1.869 5.048 10.676 0.998
5 11.057 1.383 1.823 0.777
1 1.739 10.124 0.237 0.809
3 11.033 7.651 11.766 0.801
0 5.670 6.622 5.607 0.832
0 0.283 5.386 10.122 0.751
0 2.143 11.262 10.431 0.762
6
2 0.216 9.433 10.576 0.934
5 8.159 1.403 11.306 0.667
5 9.064 7.454 9.668 0.860
0 10.655 2.169 8.011 0.775
0 10.808 8.851 0.258 0.925
2 11.226 1.988 2.535 0.749
6
5 2.474 9.031 0.066 0.815
1 10.349 8.371 9.352 0.647
5 8.835 5.156 11.878 0.701
1 1.907 7.695 3.404 0.803
5 8.674 3.993 11.380 0.896
4 8.304 1.402 6.759 0.756
8
2 9.726 11.634 6.095 0.742
1 9.042 2.283 6.444 0.955
5 11.825 0.973 3.991 0.719
3 1.039 4.501 4.398 0.765
0 1.798 0.494 8.138 0.750
3 5.392 4.357 5.824 0.671
5 2.721 2.942 6.596 0.901
1 6.446 6.265 8.290 0.747
4
3 10.962 0.237 1.959 0.659
5 0.563 6.225 2.129 0.720
1 11.991 4.415 2.564 0.702
1 0.722 0.456 1.022 0.651
5
2 3.554 1.803 10.207 0.744
3 0.866 1.857 7.439 0.836
5 5.818 11.139 6.802 0.721
5 3.079 9.141 10.460 0.679
4 10.685 11.722 11.537 0.924
9
1 2.329 2.372 10.114 0.774
0 10.513 3.740 2.643 0.853
5 2.275 9.920 3.200 0.918
3 4.070 4.280 5.775 0.810
1 8.054 1.994 2.937 0.911
1 8.299 11.220 4.755 0.918
2 2.385 7.893 5.816 0.845
4 3.152 1.272 7.437 0.662
1 0.462 3.569 10.714 0.914
8
2 10.714 4.635 7.261 0.992
1 8.986 4.793 3.061 0.973
0 4.450 4.858 4.906 0.679
2 4.273 7.578 2.625 0.933
0 10.334 9.469 0.481 0.825
4 10.699 1.279 0.842 0.952
3 7.665 0.277 0.767 0.932
2 3.236 11.139 9.762 0.643
4
4 3.894 2.508 2.522 0.800
0 4.867 0.551 3.837 0.806
5 11.009 6.726 5.954 0.904
4 8.465 8.120 4.379 0.994
9
3 1.575 7.325 7.394 0.991
2 9.730 9.293 5.619 0.813
0 7.742 8.628 3.254 0.909
3 7.993 0.419 4.797 0.652
2 2.187 6.304 7.641 0.942
2 9.951 4.261 4.580 0.995
5 5.868 8.218 1.266 0.670
3 2.540 10.436 0.922 0.809
0 11.556 11.448 7.532 0.635
8
2 10.337 10.159 11.584 0.682
1 3.297 2.769 11.909 0.821
5 11.610 3.230 3.081 0.621
1 1.343 5.238 0.298 0.684
1 1.334 2.465 4.098 0.987
1 11.869 2.993 11.014 0.802
0 5.144 2.771 8.793 0.638
2 3.127 1.716 5.020 0.776
7
5 5.689 5.144 9.242 0.692
4 3.579 3.247 10.177 0.988
4 2.961 7.746 6.878 0.602
1 3.453 10.020 5.709 0.671
4 2.547 2.165 8.333 0.995
5 8.426 3.508 5.246 0.857
0 11.511 1.386 8.021 0.870
4
5 3.762 4.492 9.509 0.817
5 7.785 11.822 8.456 0.729
3 7.787 7.740 11.717 0.932
5 9.067 8.448 5.591 0.644
9
0 10.337 3.980 2.559 0.695
0 11.833 0.777 3.077 0.631
1 8.839 1.737 1.335 0.610
0 3.783 9.408 2.635 0.921
5 5.475 10.692 0.212 0.806
1 4.257 1.810 4.101 0.756
4 2.458 0.754 8.318 0.743
5 2.439 5.901 5.084 0.962
5 7.083 11.407 2.298 0.913
4
5 2.124 8.361 0.997 0.936
2 2.633 8.481 7.788 0.991
3 10.758 2.812 7.283 0.616
1 4.349 4.887 10.026 0.903
5
5 4.022 0.084 3.045 0.715
3 8.638 4.686 4.567 0.671
5 2.166 5.600 2.800 0.608
1 4.383 10.050 9.512 0.765
1 2.526 2.493 11.745 0.923
4
0 11.108 7.202 5.869 0.979
1 1.618 11.624 5.509 0.788
1 8.751 6.634 5.758 0.617
5 3.095 3.231 1.327 0.628
4
3 1.710 1.372 5.195 0.882
3 9.412 0.521 3.460 0.794
3 1.422 6.479 3.601 0.950
2 2.092 9.708 2.380 0.959
7
1 10.591 6.493 7.703 0.772
5 7.123 2.372 7.330 0.798
2 5.898 5.147 9.614 0.780
5 2.904 11.071 5.751 0.892
3 2.930 1.579 0.127 0.958
4 6.182 0.300 4.650 0.646
3 4.433 1.344 7.280 0.969
7
2 3.539 10.170 1.429 0.752
0 9.689 10.583 1.279 0.636
2 10.039 8.368 6.537 0.777
3 1.500 9.182 7.192 0.664
3 2.061 8.313 8.173 0.632
3 3.807 7.972 7.982 0.848
4 5.706 10.874 4.461 0.910
7
5 4.107 9.611 6.073 0.954
4 7.446 9.850 2.363 0.675
1 3.817 3.261 10.856 0.722
2 9.968 0.532 0.354 0.999
3 9.101 3.459 5.036 0.819
3 0.668 0.762 6.027 0.854
0 11.733 8.262 4.314 0.672
8
2 10.375 6.410 6.470 0.688
1 4.210 4.389 7.236 0.833
3 3.259 2.739 8.889 0.975
1 3.828 2.424 10.000 0.962
1 6.618 2.951 2.801 0.922
3 0.411 1.536 9.563 0.912
2 11.643 1.345 8.885 0.610
0 9.338 6.648 3.921 0.600
6
2 9.439 6.017 6.598 0.899
4 6.505 10.070 3.925 0.740
3 11.731 2.363 3.871 0.833
5 5.276 4.445 9.199 0.792
4 0.596 10.683 6.685 0.967
3 3.663 0.276 5.730 0.676
6
2 1.628 4.646 4.671 0.625
2 6.771 3.028 11.832 0.752
0 4.318 11.992 3.680 0.995
3 0.872 11.291 6.250 0.715
4 0.508 11.370 5.157 0.999
0 9.196 8.312 1.952 0.882
4
2 3.403 0.023 7.980 0.955
5 10.286 4.861 10.435 0.698
1 0.419 8.205 3.153 0.780
4 10.984 1.050 8.809 0.888
9
3 7.649 7.171 5.694 0.776
4 0.232 2.304 5.494 0.680
2 6.182 8.509 10.034 0.926
5 7.792 8.424 0.571 0.942
1 6.085 0.926 5.680 0.902
3 1.525 4.686 9.666 0.796
3 1.570 6.933 1.487 0.659
2 11.460 1.377 3.603 0.700
3 11.635 6.967 9.559 1.000
9
2 2.968 11.782 10.709 0.601
5 4.850 0.729 4.559 0.865
3 4.167 4.804 7.723 0.793
0 8.395 1.563 7.261 0.778
0 6.177 1.873 6.722 0.695
4 7.740 9.873 9.263 0.668
2 0.623 6.243 10.354 0.762
2 7.991 11.717 6.250 0.776
2 6.245 10.481 1.488 0.737
4
0 2.378 6.347 2.840 0.754
0 6.573 3.265 3.266 0.687
5 0.163 6.449 11.671 0.701
3 4.108 10.896 2.325 0.719
6
0 0.861 3.398 7.698 0.659
1 5.985 0.352 0.114 0.714
3 7.989 8.042 6.700 0.819
5 7.078 8.530 11.183 0.824
5 2.370 11.578 6.652 0.917
0 0.689 0.468 6.044 0.788
9
3 7.156 9.772 10.098 0.909
3 1.642 10.485 11.905 0.694
0 6.737 6.619 2.566 0.713
2 0.248 8.183 8.315 0.935
2 9.790 8.056 3.700 0.643
5 6.412 8.093 10.139 0.855
4 0.356 9.542 10.451 0.667
3 9.883 6.712 4.241 0.893
0 1.887 10.502 9.872 0.680
5
0 10.777 1.114 2.034 0.922
1 8.716 5.765 0.811 0.997
2 4.953 8.351 11.948 0.851
2 4.949 5.110 2.853 0.652
1 6.755 11.373 11.940 0.976
6
3 5.003 7.331 11.273 0.789
5 6.391 3.267 7.468 0.847
4 11.331 1.082 0.625 0.620
5 7.004 10.908 9.406 0.711
2 1.140 2.477 8.804 0.692
0 4.659 9.611 3.602 0.787
9
1 0.095 1.871 6.987 0.813
0 8.280 10.171 5.097 0.981
0 5.841 9.265 11.821 0.919
2 9.014 6.009 7.471 0.965
3 8.423 11.772 1.312 0.619
1 11.123 9.609 1.321 0.801
3 9.369 9.069 1.685 0.794
1 11.712 4.058 7.212 0.754
3 8.941 4.052 9.272 0.805
9
3 8.289 6.798 5.079 0.795
0 11.624 0.345 9.260 0.645
3 9.813 3.229 4.576 0.869
2 2.124 5.607 4.643 0.974
4 11.295 7.642 6.492 0.922
5 9.073 4.808 6.482 0.729
0 7.980 8.926 7.441 0.869
3 3.723 10.938 0.257 0.660
3 0.729 5.550 5.742 0.800
5
3 11.900 0.555 5.600 0.740
0 0.491 6.758 6.599 0.786
2 8.861 0.396 7.232 0.682
2 10.304 1.774 2.976 0.774
2 9.534 5.452 3.216 0.976
6
0 9.897 2.918 2.258 0.890
3 9.747 2.270 0.916 0.748
2 11.015 5.599 6.966 0.629
3 9.049 2.955 10.080 0.664
3 9.809 9.976 10.332 0.653
5 3.066 0.188 1.361 0.915
7
0 6.149 7.917 3.063 0.675
3 3.984 7.352 3.251 0.620
2 11.178 3.896 2.280 0.621
4 6.945 8.524 6.387 0.904
2 7.334 6.788 9.097 0.670
3 4.844 10.636 0.363 0.675
4 5.679 3.745 10.578 0.982
8
4 6.441 7.368 0.657 0.959
5 6.086 11.697 5.599 0.904
4 7.114 2.061 6.947 0.861
2 8.198 3.475 2.344 0.705
4 11.233 11.346 10.384 0.931
1 1.530 11.872 4.071 0.776
4 4.067 7.135 2.738 0.685
2 1.263 10.479 10.301 0.915
9
1 0.179 6.791 11.999 0.936
0 2.527 5.312 1.090 0.867
5 8.901 10.421 10.290 0.975
4 10.892 3.276 0.198 0.634
0 2.310 10.316 5.227 0.633
4 3.933 1.577 0.046 0.721
3 11.905 7.681 7.599 0.854
0 10.645 5.099 8.680 0.958
4 6.473 3.372 6.904 0.659
4
3 2.780 7.610 3.478 0.744
2 4.675 11.937 10.761 0.913
4 10.175 1.026 9.948 0.696
1 9.826 9.374 3.993 0.703
6
5 8.924 2.760 9.085 0.987
2 0.484 9.376 9.470 0.918
4 8.942 7.589 4.083 0.961
3 9.206 2.191 4.509 0.853
0 10.640 3.151 5.062 0.810
3 8.263 5.981 1.973 0.693
7
1 10.698 6.172 11.001 0.991
0 9.978 9.119 9.255 0.710
2 1.822 10.582 6.762 0.837
4 8.797 11.781 1.605 0.665
0 4.027 11.631 7.757 0.798
0 0.224 6.469 6.349 0.700
1 4.703 2.654 2.694 0.775
4
2 3.021 8.637 1.220 0.939
3 7.465 4.496 9.031 0.934
5 0.012 2.141 11.248 0.798
3 0.118 3.635 0.327 0.883
8
5 6.324 10.954 7.942 0.772
1 9.419 10.225 3.367 0.993
1 11.340 2.433 1.122 0.631
3 5.609 9.354 3.018 0.774
5 9.833 1.561 9.953 0.747
1 3.214 6.147 11.281 0.693
2 10.667 5.868 4.214 0.647
4 3.505 0.394 9.451 0.601
8
1 4.308 9.556 4.297 0.944
4 0.254 10.322 6.508 0.762
1 9.285 1.487 3.238 0.867
5 2.901 10.676 6.433 0.812
1 0.585 6.458 3.884 0.615
0 0.778 4.178 9.297 0.874
1 4.636 7.793 8.828 0.971
1 7.764 11.472 0.709 0.827
8
4 11.609 7.217 3.141 0.655
4 3.830 1.524 4.600 0.632
5 2.458 8.035 6.045 0.963
2 9.296 9.558 4.384 0.686
1 9.017 9.141 7.683 0.716
0 8.289 1.792 7.793 0.929
3 5.183 0.818 1.891 0.897
1 7.638 4.027 3.633 0.746
5
2 1.569 6.014 9.268 0.697
4 2.954 3.312 1.722 0.755
5 0.198 5.038 11.787 0.736
1 9.269 6.487 2.406 0.994
1 0.516 8.033 6.032 0.765
8
0 0.714 3.497 2.257 0.920
4 2.359 1.736 9.656 0.996
1 2.327 1.589 0.124 0.647
2 6.029 8.675 3.663 0.949
1 6.585 1.894 0.692 0.676
2 1.587 4.262 7.659 0.741
3 11.780 9.921 5.148 0.635
4 3.325 6.940 11.471 0.722
8
5 5.310 8.840 3.007 0.883
1 11.646 4.761 6.806 0.911
2 3.142 10.107 3.886 0.664
1 4.070 6.998 5.365 0.789
4 4.341 4.161 4.790 0.935
1 6.220 2.475 11.164 0.682
3 2.301 6.169 6.939 0.888
5 0.554 3.672 9.166 0.735
5
3 10.257 5.400 1.975 0.731
2 8.986 4.431 11.810 0.849
2 11.984 6.788 4.329 0.942
3 6.412 9.547 0.939 0.612
2 4.326 8.698 10.527 0.712
5
2 11.927 9.834 1.406 0.608
3 2.512 2.313 11.121 0.960
2 7.688 1.746 0.907 0.639
0 0.199 4.358 6.582 0.844
2 8.716 9.894 6.366 0.909
7
1 0.622 9.774 0.855 0.658
3 9.338 4.158 10.998 0.655
4 4.332 1.782 3.821 0.961
5 7.776 5.829 8.519 0.894
5 6.937 8.456 1.472 0.989
1 8.955 2.138 6.598 0.606
3 7.778 2.948 7.226 0.725
8
4 9.440 10.296 11.786 0.864
4 4.678 9.224 3.282 0.802
4 11.687 9.955 2.263 0.850
1 9.234 7.397 6.455 0.611
5 5.350 3.616 10.110 0.915
2 2.446 2.042 5.742 0.668
2 2.105 2.476 10.385 0.900
1 4.059 1.679 2.136 0.761
4
2 7.610 5.078 9.043 0.799
1 1.637 8.191 11.683 0.882
0 9.257 11.188 0.230 0.867
4 9.154 9.243 10.006 0.770
7
5 4.221 7.832 5.803 0.882
3 11.297 8.235 11.500 0.897
1 6.131 5.220 4.117 0.959
4 7.275 1.239 8.061 0.653
2 8.085 9.113 2.737 0.876
5 8.230 11.155 7.112 0.819
3 5.017 2.744 3.246 0.782
5
5 11.726 10.895 7.258 0.682
4 9.993 11.616 6.543 0.716
2 3.878 10.672 5.234 0.631
5 8.418 5.886 11.593 0.749
5 2.294 6.344 2.990 0.733
7
4 7.087 5.185 9.977 0.971
0 0.635 10.984 6.194 0.714
5 7.901 2.485 11.172 0.918
1 11.454 6.493 1.069 0.848
0 1.684 0.100 7.411 0.846
4 0.328 3.727 1.439 0.966
1 1.608 4.926 0.012 0.832
8
4 3.302 3.229 8.895 0.777
1 9.214 0.085 11.378 0.776
3 7.968 8.928 5.351 0.966
5 10.899 11.820 4.403 0.789
0 2.478 7.582 4.656 0.784
2 1.578 8.423 1.930 0.925
4 1.548 7.377 7.477 0.819
0 11.295 9.154 7.185 0.976
8
4 3.916 6.579 4.892 0.925
4 3.287 2.200 1.245 0.823
3 6.613 3.142 7.073 0.679
5 1.320 7.897 11.114 0.633
1 10.438 1.945 5.998 0.721
1 1.713 0.054 1.284 0.946
2 1.688 4.743 6.904 0.830
1 11.286 0.776 5.041 0.885
7
5 8.785 2.629 3.603 0.950
3 10.737 7.061 7.167 0.753
4 5.691 7.718 6.370 0.702
0 0.897 5.044 11.090 0.829
3 10.173 1.955 1.269 0.717
4 5.397 3.679 1.661 0.905
0 8.477 10.289 9.943 0.609
9
4 2.951 8.173 9.448 0.922
1 9.358 6.827 1.940 0.845
4 11.050 0.989 9.131 0.830
5 9.285 5.945 6.747 0.683
1 7.358 0.421 4.576 0.634
5 2.334 5.187 3.405 0.903
1 3.411 10.311 8.892 0.720
2 1.397 1.679 0.619 0.868
5 7.441 4.937 7.063 0.932
9
5 6.215 1.602 5.782 0.901
3 7.462 7.211 11.152 0.990
5 5.721 10.832 0.072 0.612
4 8.155 5.828 2.900 0.680
5 9.129 4.042 10.061 0.700
1 1.397 2.074 4.190 0.710
0 5.807 2.706 7.443 0.890
3 10.278 3.788 4.300 0.639
5 7.326 0.674 10.831 0.756
4
5 4.358 5.910 8.138 0.658
1 9.581 11.081 4.118 0.652
3 3.123 4.197 3.175 0.861
5 9.696 5.529 7.782 0.949
7
2 9.467 6.842 9.426 0.939
1 4.727 1.770 5.336 0.755
0 2.277 6.878 2.214 0.921
2 5.057 7.449 11.599 0.763
0 4.371 8.340 1.554 0.625
0 7.723 7.235 2.308 0.660
3 1.570 10.390 5.954 0.853
7
1 2.871 4.668 9.662 0.979
2 10.154 0.849 6.649 0.871
2 2.602 4.055 0.035 0.625
3 9.942 3.643 4.182 0.975
0 5.418 5.789 4.826 0.607
3 11.596 7.283 11.011 0.839
1 6.728 5.043 10.448 0.873
4
1 7.790 7.729 9.253 0.658
4 7.817 7.616 6.573 0.801
0 4.901 6.175 1.332 0.811
0 5.741 7.138 7.265 0.930
6
5 8.941 5.469 5.551 0.902
0 1.351 10.420 2.390 0.633
2 4.211 1.670 7.065 0.774
1 9.138 3.206 2.195 0.636
5 8.617 7.178 0.032 0.734
2 7.316 1.411 4.294 0.740
5
3 10.799 2.923 6.651 0.913
5 9.419 7.566 9.161 0.772
5 6.825 11.949 7.712 0.719
3 5.970 10.831 4.639 0.702
1 0.615 7.241 7.353 0.890
4
1 9.364 5.048 2.818 0.799
2 3.883 11.911 11.184 0.832
1 3.363 2.657 6.805 0.829
2 9.753 5.540 5.927 0.915
8
1 1.449 4.580 1.388 0.868
1 7.630 0.655 4.862 0.607
5 1.861 7.856 4.181 0.776
2 1.737 11.120 2.596 0.860
4 5.468 5.141 4.824 0.662
2 6.242 9.164 5.752 0.694
2 2.934 6.693 10.654 0.711
2 0.805 9.798 2.346 0.906
8
4 11.529 6.477 0.534 0.851
5 7.282 6.135 11.370 0.838
0 4.332 2.319 2.492 0.928
0 7.422 11.801 10.537 0.806
3 6.307 2.265 1.624 0.665
4 1.586 6.659 0.880 0.978
2 5.832 2.887 9.076 0.623
1 1.523 8.406 6.161 0.928
7
4 5.267 4.165 7.647 0.763
3 6.589 1.213 10.623 0.953
2 10.946 11.785 3.196 0.682
0 2.752 11.098 4.527 0.628
5 2.350 8.408 2.295 0.981
0 0.816 9.199 3.595 0.806
5 2.853 10.995 6.226 0.818
6
5 11.002 6.163 8.688 0.685
2 6.145 3.140 10.769 0.684
3 6.566 3.031 10.536 0.941
5 9.552 4.227 10.035 0.934
3 6.217 0.700 7.083 0.670
0 10.454 2.745 10.415 0.721
8
3 11.528 10.394 9.714 0.939
4 7.429 6.799 3.551 0.966
3 6.111 5.557 7.621 0.963
5 1.752 11.275 3.333 0.655
5 3.590 6.318 8.395 0.721
3 8.629 10.490 1.966 0.645
3 8.625 2.220 11.240 0.761
1 1.025 3.282 4.350 0.706
5
2 3.382 8.688 1.471 0.802
5 1.376 10.040 0.836 0.716
1 0.702 0.873 10.489 0.617
4 1.768 1.274 7.371 0.666
3 11.430 8.497 0.878 0.767
4
3 8.888 3.624 1.308 0.931
2 0.202 9.760 1.229 0.715
3 2.841 6.014 9.306 0.690
1 5.857 8.668 11.990 0.921
6
2 3.021 6.288 4.135 0.779
4 8.645 9.812 9.114 0.799
3 2.712 4.881 11.573 0.726
1 3.535 8.495 10.464 0.996
4 10.462 0.163 1.453 0.983
0 1.515 10.333 6.272 0.785
5
1 11.079 8.240 10.374 0.756
3 10.415 8.049 8.679 0.882
0 4.299 10.105 9.157 0.867
4 10.633 3.101 2.426 0.655
3 6.159 10.194 8.293 0.807
4
5 8.579 11.424 7.531 0.716
4 1.049 9.630 7.270 0.882
0 3.228 3.229 6.158 0.742
5 9.181 10.263 2.469 0.600
9
3 11.026 7.526 11.328 0.639
4 2.347 6.037 8.708 0.892
3 9.547 6.890 3.260 0.985
2 6.915 8.309 6.816 0.613
1 7.922 2.287 10.864 0.705
4 6.799 3.558 11.603 0.878
3 5.352 3.241 2.600 0.962
3 10.368 6.866 7.723 0.612
2 9.420 7.568 3.019 0.863
5
3 4.484 8.435 10.388 0.800
5 1.328 11.199 10.559 0.611
0 7.431 1.851 0.373 0.720
3 8.797 4.064 11.826 0.729
5 11.984 9.794 1.618 0.775
6
1 11.501 8.833 10.263 0.762
5 1.512 9.388 2.577 0.620
4 4.322 9.654 3.605 0.975
0 10.859 9.692 8.963 0.602
2 11.877 3.368 0.171 0.662
0 2.507 8.773 1.451 0.786
7
2 7.537 8.441 10.828 0.966
2 9.765 2.821 0.605 0.749
0 7.439 6.946 2.485 0.889
1 7.062 4.342 6.484 0.846
2 3.549 1.765 5.333 0.620
2 10.940 6.942 9.249 0.758
5 9.420 11.819 10.583 0.732
5
2 8.373 8.871 4.888 0.928
5 7.631 7.055 0.903 0.751
4 2.806 10.079 3.162 0.940
0 9.963 1.141 2.339 0.819
1 0.167 2.472 5.991 0.782
6
1 5.298 0.820 0.026 0.806
4 2.196 1.024 10.618 0.931
0 5.825 11.360 3.974 0.938
1 10.070 11.241 4.788 0.884
2 9.843 7.168 10.073 0.903
1 10.879 10.480 2.227 0.736
7
5 0.046 3.400 10.461 0.990
3 5.072 1.222 0.155 0.957
5 3.702 7.875 9.799 0.782
3 3.851 0.074 3.338 0.826
4 0.769 2.923 9.979 0.899
3 11.757 4.397 10.638 0.688
2 10.191 8.143 11.927 0.781
7
2 2.074 0.802 6.261 0.619
2 0.741 2.033 9.554 0.974
0 8.930 7.507 9.837 0.687
0 10.535 2.123 1.020 0.957
1 0.413 0.548 2.616 0.930
5 2.523 6.137 1.476 0.851
1 1.026 3.702 3.647 0.936
5
2 4.278 11.568 2.155 0.629
0 4.946 0.503 8.288 0.743
1 0.592 6.456 2.608 0.615
0 1.763 8.178 2.355 0.983
0 6.818 8.390 4.180 0.760
6
2 5.913 11.591 2.034 0.796
1 5.714 11.894 9.975 0.724
0 6.402 10.501 8.868 0.871
3 9.161 4.461 9.636 0.975
5 9.418 3.994 8.861 0.687
4 3.065 9.702 10.768 0.786
9
0 1.246 10.342 10.945 0.922
1 6.037 2.950 6.534 0.992
2 0.850 10.446 1.348 0.697
5 9.250 0.383 10.611 0.722
4 9.586 9.346 1.712 0.931
0 1.124 5.307 0.808 0.780
2 1.933 6.121 10.963 0.754
4 0.673 5.823 4.994 0.890
5 0.089 10.350 3.969 0.613
8
1 6.421 11.528 9.640 0.787
4 0.370 3.213 11.673 0.968
1 7.421 1.964 8.747 0.840
5 5.470 7.447 10.536 0.609
3 1.869 3.907 4.913 0.657
2 0.462 3.734 0.655 0.607
5 4.695 9.711 0.000 0.883
5 11.422 9.223 9.622 0.765
9
4 0.915 1.996 8.658 0.616
4 8.755 3.409 5.325 0.783
0 9.530 10.983 6.837 0.874
0 5.102 2.520 3.210 0.619
3 1.632 5.072 7.458 0.813
0 1.067 5.007 4.347 0.772
5 0.942 6.486 5.541 0.755
1 0.859 3.805 0.965 0.944
2 10.465 2.921 2.535 0.675
9
3 10.085 10.424 6.190 0.855
2 4.236 4.441 10.582 0.611
3 7.182 3.250 3.422 0.990
0 9.268 5.000 1.904 0.980
5 0.814 7.606 7.196 0.906
2 2.242 8.178 1.966 0.863
1 6.658 5.470 6.081 0.999
4 6.142 6.125 7.333 0.904
2 11.706 8.390 9.525 0.760
7
5 10.294 10.500 6.379 0.812
3 2.221 0.924 4.741 0.665
2 6.755 10.258 1.295 0.805
1 6.494 7.796 0.974 0.927
2 1.671 1.667 4.163 0.778
4 5.401 10.526 0.606 0.694
3 5.301 3.198 7.756 0.685
4
0 2.237 6.297 5.059 0.937
1 11.498 9.175 8.042 0.705
1 6.970 8.793 8.946 0.661
5 11.797 2.481 3.536 0.856
4
4 2.070 4.009 7.961 0.929
4 9.981 6.977 1.678 0.861
0 0.984 6.030 11.171 0.752
1 8.342 2.786 4.528 0.685
7
3 0.373 6.251 2.577 0.848
3 9.187 4.168 10.764 0.606
2 1.478 9.530 11.346 0.799
4 0.680 1.243 8.993 0.859
1 5.200 7.164 5.146 0.951
2 2.951 8.957 7.680 0.994
1 1.188 11.537 6.013 0.788
5
3 7.846 6.027 7.438 0.622
0 7.697 0.881 11.915 0.937
0 6.860 4.066 3.701 0.986
4 11.620 0.829 3.877 0.987
2 0.826 5.468 3.945 0.714
6
0 9.891 0.948 8.040 0.610
4 6.799 2.364 9.780 0.694
2 8.385 4.526 7.098 0.770
5 1.551 4.121 5.974 0.752
3 6.380 10.766 3.854 0.759
5 8.627 3.990 6.160 0.709
4
5 5.233 6.358 8.751 0.759
2 11.739 0.550 6.403 0.806
2 4.096 0.619 9.557 0.811
0 5.215 0.492 4.702 0.879
5
5 9.539 5.476 2.435 0.769
0 2.453 4.646 11.624 0.642
0 9.182 4.865 4.124 0.672
2 5.521 7.728 9.804 0.655
2 5.783 5.556 11.858 0.812
9
3 3.804 4.040 11.854 0.929
4 10.502 7.354 0.869 0.834
5 7.934 1.972 8.218 0.805
0 4.658 3.475 5.689 0.754
1 11.355 2.272 2.329 0.812
1 6.040 8.263 9.652 0.666
4 9.020 5.099 7.685 0.926
0 10.302 10.882 11.478 0.893
4 10.897 1.322 2.562 0.898
7
2 10.960 4.332 2.996 0.855
5 11.399 11.513 3.342 0.984
1 1.614 10.152 5.517 0.889
2 0.842 11.162 9.018 0.986
3 8.842 3.587 11.266 0.842
5 5.084 7.091 1.239 0.729
2 7.957 0.720 3.458 0.679
5
4 3.041 0.305 6.681 0.768
5 6.881 2.549 11.996 0.938
1 5.316 10.366 5.113 0.784
2 1.987 6.154 8.574 0.694
4 0.199 9.831 0.011 0.653
4
2 2.640 4.952 0.226 0.694
2 3.764 3.787 0.536 0.751
0 7.516 0.140 9.039 0.970
0 5.484 10.113 1.012 0.995
8
0 7.773 4.983 10.239 0.737
0 2.451 10.146 2.336 0.696
2 10.052 5.103 1.050 0.946
1 3.101 6.069 1.726 0.777
3 6.962 6.138 10.233 0.961
4 2.561 8.467 10.065 0.939
0 0.137 9.953 5.279 0.951
0 11.827 5.136 6.890 0.745
6
2 3.867 11.195 5.866 0.885
4 0.704 9.199 1.429 0.688
3 0.579 8.706 1.806 0.947
3 3.006 9.895 5.633 0.673
1 0.195 6.420 10.473 0.866
3 0.162 2.441 3.373 0.875
7
0 6.900 3.612 5.496 0.943
1 6.074 1.997 6.195 0.690
2 4.145 3.416 4.597 0.874
3 10.797 7.380 9.863 0.859
0 3.706 9.221 0.470 0.619
5 6.838 0.933 4.276 0.638
5 0.018 6.285 0.811 0.719
6
1 3.853 9.433 1.419 0.873
2 11.508 8.675 7.465 0.801
1 6.223 9.230 3.983 0.971
2 0.251 11.967 0.098 0.720
3 3.000 2.820 1.524 0.780
2 7.535 10.510 8.270 0.630
6
0 1.250 9.839 10.969 0.936
3 3.686 7.636 9.341 0.933
4 4.065 6.535 7.573 0.629
4 4.926 1.254 10.956 0.749
5 10.638 9.378 8.272 0.730
4 4.546 8.635 10.618 0.760
5
4 1.360 9.449 6.647 0.871
5 0.910 8.544 5.618 0.861
1 1.277 2.469 0.420 0.716
1 4.275 5.822 8.482 0.679
2 1.144 3.698 1.278 0.663
8
3 7.671 1.709 6.152 0.656
2 5.143 3.036 1.093 0.999
2 4.943 7.967 2.593 0.839
1 4.523 5.342 11.083 0.667
3 5.320 6.165 3.166 0.988
2 5.652 6.559 5.968 0.639
4 9.899 6.626 1.488 0.999
2 4.299 0.419 1.408 0.804
8
2 1.046 11.336 4.023 0.996
0 7.874 7.976 5.391 0.907
4 9.654 1.129 2.472 0.828
2 5.605 1.821 3.668 0.629
3 10.178 2.611 0.528 0.750
0 9.802 3.871 3.693 0.671
1 4.214 1.657 2.940 0.650
5 1.715 10.834 1.065 0.972
5
1 6.264 5.455 9.244 0.951
2 11.512 11.566 0.064 0.654
4 2.468 3.212 6.330 0.945
2 11.705 5.917 5.054 0.896
5 4.264 10.327 6.894 0.942
4
4 10.904 6.302 8.019 0.635
1 10.243 8.982 3.993 0.733
4 0.100 7.217 6.583 0.657
5 6.061 6.266 2.187 0.890
8
0 10.774 2.783 4.006 0.872
1 0.855 5.412 4.026 0.913
0 6.241 0.651 0.687 0.616
2 10.734 11.073 7.033 0.604
5 8.912 7.171 10.369 0.873
2 6.812 3.044 1.030 0.901
2 4.264 1.768 8.063 0.791
5 0.145 10.042 7.938 0.948
9
5 8.481 9.721 9.492 0.688
1 3.123 5.482 11.573 0.856
4 10.922 6.120 9.775 0.917
0 11.737 3.122 11.154 0.970
1 2.673 11.117 5.512 0.776
0 7.367 10.450 3.622 0.908
5 1.534 6.110 5.191 0.892
3 2.085 5.154 10.027 0.722
3 11.837 10.684 7.151 0.995
4
0 4.450 5.694 1.946 0.875
3 2.047 2.262 7.925 0.637
3 4.613 0.166 10.435 0.882
0 6.975 2.955 8.855 0.669
7
1 4.158 6.351 1.067 0.762
2 6.598 9.434 6.024 0.737
4 4.954 3.002 6.744 0.704
1 3.675 1.559 9.854 0.652
4 3.939 8.085 11.818 0.697
3 3.982 6.425 5.441 0.816
5 5.980 9.957 1.923 0.936
9
4 11.165 4.997 5.473 0.653
2 3.156 4.473 11.158 0.715
2 8.915 10.182 9.679 0.666
2 11.113 1.458 3.698 0.781
0 9.983 2.372 8.512 0.675
3 6.431 3.286 2.606 0.927
5 5.931 10.644 1.334 0.719
5 0.594 6.884 4.692 0.789
3 3.314 3.133 6.519 0.736
8
2 9.002 7.595 0.069 0.769
2 5.572 1.012 10.760 0.679
0 11.337 11.563 11.729 0.904
0 6.289 6.947 1.872 0.722
2 5.022 6.708 4.715 0.839
1 10.447 6.648 1.253 0.648
3 6.976 3.325 0.040 0.925
5 6.326 9.783 11.631 0.765
5
0 3.861 1.415 10.482 0.921
1 3.734 8.849 0.320 0.786
5 10.582 5.205 5.318 0.945
1 8.672 2.704 2.354 0.870
3 0.892 10.406 11.711 0.724
7
2 0.627 9.571 10.079 0.668
0 3.330 6.642 5.363 0.787
2 10.913 11.524 10.578 0.633
0 0.420 5.752 11.269 0.923
0 4.680 6.124 2.643 0.774
2 11.957 0.186 0.195 0.735
2 6.451 8.574 7.297 0.751
4
0 5.614 1.256 11.663 0.959
0 5.369 10.671 10.471 0.812
5 7.313 5.650 10.135 0.636
4 5.581 9.361 0.577 0.708
4
4 3.676 9.509 0.500 0.890
0 2.226 9.684 1.337 0.642
5 8.421 7.073 10.601 0.850
1 0.987 5.373 2.012 0.665
7
2 9.329 9.486 4.801 0.739
2 1.413 0.825 3.735 0.862
4 2.678 6.566 0.064 0.959
3 9.234 10.861 2.319 0.852
3 9.134 10.969 10.732 0.802
5 2.354 4.997 1.748 0.658
4 1.819 8.981 5.246 0.686
5
4 7.073 0.579 11.826 0.762
1 10.644 4.705 5.994 0.613
3 0.848 0.933 9.488 0.644
2 1.340 9.852 2.967 0.842
3 8.493 1.040 5.010 0.632
7
5 9.808 8.381 4.507 0.926
3 4.079 10.993 4.286 0.687
5 9.565 2.643 6.324 0.663
1 1.295 11.947 10.858 0.745
0 5.434 7.285 10.885 0.609
0 8.086 11.991 7.749 0.600
5 0.844 0.030 0.054 0.683
7
3 0.323 10.687 5.793 0.910
0 2.548 5.450 5.024 0.990
3 1.689 1.081 8.101 0.961
4 7.115 11.497 3.561 0.672
3 9.463 2.155 0.390 0.905
4 3.676 5.491 2.534 0.840
2 6.718 10.294 2.873 0.916
9
4 7.235 2.380 9.949 0.989
0 11.683 8.417 11.963 0.768
4 9.037 5.469 3.978 0.920
3 11.227 4.450 4.351 0.641
5 9.477 7.401 6.783 0.636
0 1.032 5.965 9.801 0.641
1 0.721 0.828 1.368 0.607
1 10.233 7.611 4.171 0.632
2 10.352 4.920 10.072 0.695
7
1 2.722 4.524 5.900 0.993
0 4.866 3.402 8.785 0.854
0 11.058 0.878 10.723 0.636
2 2.043 11.318 3.461 0.658
5 5.742 3.277 6.319 0.992
0 2.931 6.406 2.381 0.812
2 9.785 5.690 11.978 0.618
4
1 2.141 9.632 9.797 0.736
2 4.795 7.148 9.332 0.904
4 7.987 11.684 10.754 0.970
0 11.915 10.530 8.695 0.606
7
1 11.815 6.120 7.751 0.843
4 7.755 1.717 8.309 0.988
2 4.576 7.458 11.436 0.717
1 1.811 5.142 7.064 0.954
0 2.788 2.414 6.423 0.661
0 3.565 5.042 11.539 0.962
5 3.387 10.796 0.235 0.646
8
0 7.204 2.654 6.127 0.688
5 10.375 2.092 10.152 0.751
2 8.614 5.628 0.485 0.894
0 0.718 1.720 11.391 0.707
1 11.591 11.199 5.967 0.620
0 10.113 10.155 6.145 0.842
1 4.341 11.261 6.434 0.630
1 1.380 7.717 9.772 0.858
4
1 1.536 2.504 9.242 0.679
5 6.954 11.278 10.751 0.716
4 3.409 3.896 5.262 0.938
0 9.489 5.230 1.387 0.701
8
5 0.575 5.421 3.706 0.786
0 2.165 11.472 4.722 0.887
5 11.079 11.769 10.783 0.893
3 4.372 11.556 1.483 0.635
1 2.348 1.891 6.582 0.655
4 5.402 0.744 1.514 0.612
4 4.656 2.944 4.543 0.989
4 5.580 2.670 9.514 0.795
8
1 11.065 0.884 4.130 0.739
2 7.860 4.272 2.390 0.839
5 10.285 10.444 2.330 0.623
4 7.485 5.231 1.180 0.694
3 9.560 9.158 9.514 0.607
5 1.259 9.615 11.230 0.942
1 10.757 0.208 6.718 0.720
5 8.633 3.490 8.085 0.915
4
4 7.296 1.681 8.687 0.785
2 11.031 9.795 5.682 0.655
2 8.361 7.345 0.667 0.630
1 11.481 0.031 11.691 0.724
6
2 11.128 5.716 5.636 0.971
5 0.330 7.948 1.109 0.828
3 6.466 1.693 1.925 0.872
0 5.374 3.709 0.787 0.766
5 4.274 8.490 2.631 0.800
4 11.543 8.560 2.378 0.703
9
3 3.418 6.146 8.387 0.867
1 4.904 11.186 7.585 0.830
4 5.083 11.314 8.921 0.874
0 6.189 4.622 1.973 0.666
3 4.566 3.172 1.767 0.655
0 4.503 0.842 7.006 0.936
3 7.549 2.702 10.934 0.835
0 2.117 0.711 1.550 0.612
4 7.499 4.291 6.425 0.645
4
0 8.140 2.600 9.663 0.643
1 0.711 8.064 6.828 0.600
2 11.758 11.753 8.760 0.682
2 8.355 10.052 0.233 0.755
5
4 2.780 11.474 7.012 0.938
3 3.306 4.770 9.364 0.750
1 3.227 4.570 11.819 0.631
0 2.099 9.792 7.000 0.780
0 6.877 5.728 4.184 0.881
5
0 5.572 11.379 9.422 0.613
4 10.865 4.052 7.157 0.794
3 4.060 5.199 0.865 0.989
4 4.259 3.435 2.683 0.679
4 2.943 6.845 6.804 0.710
8
1 11.726 11.483 6.818 0.708
1 6.775 3.279 8.172 0.757
4 4.056 1.299 5.550 0.676
2 2.256 6.645 8.198 0.608
2 10.676 4.454 7.724 0.861
5 5.060 2.293 8.501 0.878
0 6.315 7.269 10.860 0.766
0 3.484 4.968 10.612 0.636
7
3 8.645 7.043 0.314 0.751
5 5.261 3.930 2.991 0.899
0 5.907 5.764 1.365 0.660
5 9.616 9.230 2.079 0.656
4 6.983 1.581 7.365 0.897
4 9.147 5.238 8.996 0.921
2 11.360 3.572 3.859 0.997
6
3 4.970 10.624 2.750 0.648
3 0.135 10.963 6.921 0.621
4 3.202 4.235 10.894 0.635
2 9.707 0.084 4.405 0.738
1 11.921 7.638 10.351 0.645
1 2.863 8.936 8.529 0.798
9
2 4.388 4.718 7.463 0.829
1 6.878 6.762 8.948 0.795
5 6.185 5.820 4.512 0.947
3 3.798 7.957 10.486 0.856
1 3.094 11.477 5.528 0.902
0 8.030 3.309 1.156 0.832
3 4.168 1.870 10.592 0.611
3 5.403 10.966 11.337 0.838
2 3.549 4.110 11.736 0.726
9
0 9.297 8.360 8.860 0.912
3 2.403 0.288 2.188 0.808
1 7.602 6.515 5.794 0.667
1 10.316 10.729 11.052 0.966
4 3.229 0.102 1.091 0.601
2 6.623 7.341 8.866 0.894
5 4.863 8.129 7.228 0.610
3 3.666 2.675 6.111 0.857
0 10.122 3.417 0.894 0.693
7
5 0.636 2.096 4.751 0.775
2 3.442 9.146 3.147 0.640
5 0.027 9.650 4.935 0.682
0 9.612 3.565 8.449 0.800
4 0.366 6.220 1.200 0.611
1 6.042 8.996 1.836 0.997
2 1.437 1.261 6.979 0.882
9
3 3.047 10.473 1.713 0.827
2 1.923 4.669 5.796 0.613
3 11.264 6.078 11.993 0.799
3 0.760 6.874 7.095 0.766
4 9.560 4.319 4.065 0.919
0 0.517 4.365 3.782 0.742
3 9.263 4.976 8.891 0.670
4 2.072 2.911 0.580 0.852
4 2.889 2.097 11.402 0.642
6
3 6.761 0.602 11.208 0.877
0 5.432 7.998 0.102 0.930
3 4.007 7.248 3.249 0.953
5 9.160 11.542 2.187 0.978
5 6.651 9.201 6.830 0.774
3 3.625 9.907 5.341 0.603
4
1 5.795 6.100 2.766 0.885
4 1.898 3.138 2.384 0.768
3 8.500 5.941 9.179 0.838
2 1.477 6.012 6.440 0.800
6
5 4.569 3.912 7.036 0.996
3 3.077 3.690 9.858 0.684
1 6.663 7.627 4.648 0.929
0 4.295 10.171 6.212 0.693
1 6.823 5.971 11.339 0.778
2 8.632 0.529 4.443 0.855
4
1 1.113 9.868 1.954 0.921
3 11.676 9.580 6.417 0.728
2 5.930 0.834 11.439 0.981
3 7.884 1.668 11.362 0.807
8
1 0.140 4.412 10.533 0.903
3 11.373 6.770 6.607 0.773
5 6.727 4.173 2.403 0.853
1 5.412 6.237 6.851 0.921
2 7.273 3.825 11.485 0.645
5 6.351 3.066 2.985 0.657
4 6.516 8.950 10.828 0.839
3 11.401 10.273 2.846 0.861
7
1 1.633 7.503 11.476 0.882
0 7.336 9.318 1.439 0.629
1 8.188 11.331 9.120 0.742
1 10.343 8.173 4.859 0.977
5 0.641 7.088 6.245 0.836
4 0.556 10.161 2.651 0.830
5 5.736 9.282 2.592 0.747
7
0 11.954 11.350 8.582 0.724
3 11.367 6.268 8.187 0.934
3 4.736 7.706 3.917 0.885
3 3.816 4.141 10.369 0.615
2 8.298 5.885 4.164 0.664
0 4.284 8.340 3.605 0.772
0 6.999 9.468 0.035 0.994
8
5 6.667 1.307 11.904 0.729
1 6.494 3.376 9.863 0.765
2 9.224 4.030 3.290 0.966
5 8.367 7.180 1.478 0.979
5 6.167 8.519 3.513 0.965
0 2.208 4.822 6.261 0.870
1 8.613 7.830 8.467 0.716
5 8.855 3.745 4.888 0.755
7
2 10.640 11.189 4.595 0.888
4 4.703 2.554 9.454 0.853
3 4.045 0.404 7.220 0.973
1 0.622 10.215 5.123 0.848
2 11.340 8.052 7.031 0.826
4 4.862 4.756 6.168 0.804
4 5.696 9.403 10.590 0.679
4
1 0.179 6.897 1.729 0.761
5 11.612 10.329 7.761 0.613
0 7.669 9.666 7.414 0.608
3 6.005 6.415 9.082 0.982
7
4 3.494 10.179 6.101 0.818
3 2.372 1.232 0.447 0.899
3 7.032 10.257 0.299 0.946
4 0.023 3.304 3.145 0.755
0 8.803 11.237 0.832 0.834
0 7.164 7.834 0.448 0.637
3 10.275 2.843 11.474 0.819
5
4 10.318 5.032 7.862 0.762
2 1.055 1.427 7.552 0.750
4 9.843 8.142 1.806 0.916
1 10.959 10.886 3.667 0.648
3 11.586 4.783 8.857 0.859
9
5 5.195 7.584 1.688 0.632
2 9.045 1.367 5.508 0.917
2 4.382 6.836 11.979 0.646
3 11.206 10.620 5.466 0.994
1 2.975 9.129 11.644 0.894
0 10.457 8.958 3.198 0.632
1 6.314 7.023 4.405 0.855
2 11.317 4.320 3.442 0.904
5 1.423 6.555 5.858 0.932
9
1 1.296 8.927 2.102 0.990
3 3.052 7.132 5.920 0.704
1 5.683 1.123 10.895 0.690
4 8.190 9.993 7.231 0.782
4 10.007 0.653 2.377 0.861
3 0.437 5.544 6.017 0.859
2 0.632 3.214 10.246 0.737
5 2.728 2.385 11.127 0.942
1 9.000 6.681 7.014 0.715
5
4 8.288 2.591 11.356 0.776
2 1.468 7.293 5.165 0.824
5 5.968 10.189 10.235 0.655
1 11.124 1.747 9.003 0.623
1 2.954 2.614 3.743 0.615
9
1 1.754 4.877 8.948 0.622
2 6.630 1.346 7.301 0.938
2 5.018 11.629 7.896 0.753
2 11.437 7.957 2.982 0.824
5 7.775 9.223 4.556 0.959
5 10.522 4.398 5.090 0.893
2 6.710 3.735 11.825 0.636
1 3.544 2.762 7.737 0.616
0 1.489 0.571 6.504 0.874
9
3 1.225 8.427 11.149 0.731
0 2.254 4.030 4.485 0.917
4 10.491 2.761 5.861 0.878
2 6.425 9.140 6.011 0.963
0 10.791 9.455 8.343 0.848
0 0.356 3.094 7.986 0.688
2 4.857 5.322 8.015 0.809
1 0.955 5.447 11.722 0.701
0 3.339 9.476 0.711 0.728
8
0 7.784 7.460 1.743 0.913
5 3.907 9.021 10.765 0.622
5 4.717 8.922 3.975 0.988
3 10.782 7.091 8.185 0.667
0 9.213 6.773 4.301 0.843
5 11.323 2.215 4.936 0.902
5 7.098 7.330 3.899 0.801
5 10.677 3.927 1.972 0.613
8
3 2.730 9.401 4.492 0.884
3 0.847 6.239 3.483 0.645
0 5.711 2.801 10.121 0.987
5 6.536 7.874 10.433 0.870
1 8.571 11.069 7.261 0.743
4 5.923 8.142 7.425 0.971
4 11.243 1.086 11.675 0.936
3 0.092 8.937 3.532 0.962
4
5 6.142 6.539 5.672 0.992
1 8.182 10.611 1.056 0.982
1 10.018 2.019 10.270 0.962
3 9.751 6.717 4.187 0.826
5
5 4.140 8.198 3.702 0.780
0 6.594 4.200 9.265 0.808
4 9.327 11.132 6.585 0.874
0 2.907 2.745 1.056 0.907
5 1.749 9.439 7.645 0.824
6
2 3.839 11.834 1.168 0.998
2 3.379 10.104 8.901 0.844
3 4.145 8.067 1.822 0.640
0 1.791 10.984 0.433 0.755
3 3.756 3.738 0.869 0.744
3 11.358 2.865 5.708 0.668
8
3 9.810 4.320 3.302 0.850
2 11.227 9.075 8.778 0.685
4 7.257 7.098 2.635 0.858
2 11.499 4.947 1.647 0.969
2 7.855 2.078 8.727 0.686
2 2.320 10.482 11.033 0.743
2 2.739 10.639 10.220 0.936
1 9.609 9.601 5.665 0.984
7
2 9.159 9.286 2.221 0.667
5 7.928 3.441 9.076 0.798
5 0.205 9.940 1.507 0.720
5 9.347 6.551 0.662 0.735
3 5.182 11.635 11.666 0.682
2 8.636 2.714 10.461 0.740
0 8.596 10.012 11.981 0.731
8
5 8.887 8.023 11.606 0.867
2 4.913 8.712 4.283 0.949
0 3.398 1.940 11.237 0.604
3 7.922 7.100 8.230 0.887
3 7.153 1.667 9.428 0.706
5 9.537 6.187 2.517 0.718
2 1.590 7.499 9.720 0.859
1 2.625 7.041 2.681 0.770
7
1 2.828 3.489 2.718 0.957
2 11.794 8.577 8.248 0.652
5 6.065 2.491 8.702 0.958
2 10.547 6.204 6.400 0.688
2 1.365 9.635 2.940 0.601
1 11.304 8.319 11.817 0.965
1 4.813 6.982 11.054 0.668
6
4 4.348 6.396 7.147 0.618
5 3.745 1.861 6.214 0.833
3 7.183 3.871 5.227 0.650
3 6.540 8.852 5.760 0.908
3 2.993 3.989 7.499 0.795
5 10.468 5.024 0.676 0.708
9
3 8.017 8.273 7.245 0.761
5 9.962 11.488 10.361 0.844
4 1.302 9.439 1.848 0.898
4 4.965 4.519 6.178 0.805
0 4.242 9.012 4.762 0.608
2 0.941 11.286 10.714 0.961
2 2.697 6.356 1.237 0.842
2 11.068 10.003 11.245 0.846
3 9.830 1.716 7.474 0.989
6
0 4.208 8.364 4.670 0.892
3 1.484 5.256 6.710 0.618
3 5.649 4.488 4.453 0.662
4 11.429 10.153 1.321 0.940
0 1.614 9.990 4.079 0.875
0 1.911 2.791 1.028 0.881
6
5 7.935 6.668 7.105 0.806
4 6.607 2.101 9.271 0.881
2 5.533 8.024 4.866 0.807
3 8.670 10.706 7.163 0.763
1 9.450 0.130 6.540 0.880
0 0.409 10.145 10.695 0.886
8
1 7.541 7.374 8.492 0.690
3 2.105 8.065 4.698 0.952
2 5.649 4.944 0.386 0.662
0 9.919 2.535 10.287 0.909
1 7.091 1.273 5.822 0.756
2 11.505 7.962 1.735 0.894
5 7.946 1.600 0.536 0.651
4 2.867 6.565 8.029 0.934
5
0 11.133 10.907 2.414 1.000
2 8.060 11.212 6.350 0.849
1 1.128 1.360 8.004 0.741
3 11.969 10.827 1.341 0.945
2 5.679 1.567 8.404 0.849
8
5 0.120 8.623 6.269 0.875
3 7.687 9.288 11.128 0.616
3 7.417 9.359 6.927 0.669
0 1.666 10.426 4.897 0.836
0 9.221 9.384 3.418 0.981
4 8.641 3.484 2.304 0.755
4 11.246 10.569 8.402 0.665
4 4.688 10.994 11.470 0.989
4
2 10.081 0.855 4.127 0.848
2 11.450 9.271 0.586 0.625
5 4.894 4.187 8.826 0.838
2 3.501 7.910 5.536 0.887
8
3 11.309 5.049 0.195 0.846
2 5.351 3.538 3.022 0.987
1 7.617 8.107 1.604 0.825
0 11.536 8.469 6.181 0.992
0 5.218 6.780 1.611 0.853
3 3.613 11.498 2.000 0.940
1 1.829 5.561 7.619 0.901
1 6.696 3.383 1.890 0.721
5
0 3.138 7.253 4.799 0.634
2 4.303 7.520 3.532 0.740
3 11.774 1.023 3.626 0.604
4 10.161 2.456 11.285 0.873
1 9.296 5.015 6.218 0.882
8
3 11.094 3.852 10.312 0.706
4 7.395 0.150 0.637 0.934
3 0.622 10.010 7.666 0.817
2 5.309 3.752 3.488 0.632
3 1.243 0.543 5.747 0.860
1 1.351 5.851 1.789 0.730
5 5.512 10.459 1.923 0.772
2 11.581 0.184 3.004 0.662
9
2 2.476 1.384 10.908 0.902
3 11.888 10.797 0.588 0.859
0 2.099 8.734 0.092 0.959
2 8.166 7.838 2.698 0.956
5 2.506 9.972 10.267 0.954
5 0.069 8.955 0.660 0.788
0 5.523 0.718 10.724 0.987
3 1.611 8.116 2.672 0.932
0 9.360 1.168 6.423 0.869
8
0 8.166 5.531 5.587 0.964
2 11.350 0.548 7.577 0.610
3 10.145 5.212 3.514 0.801
4 7.302 2.135 3.245 0.743
5 3.415 3.151 5.153 0.774
4 8.664 5.244 3.338 0.624
2 11.946 7.152 10.614 0.701
2 7.189 0.593 3.828 0.749
5
1 10.508 3.519 0.526 0.772
2 5.010 9.393 7.649 0.700
0 9.705 10.924 8.487 0.834
1 11.748 10.661 1.476 0.814
0 4.321 11.121 3.785 0.636
8
2 3.911 8.216 0.552 0.764
3 11.266 2.732 11.174 0.876
2 4.623 0.530 6.874 0.668
1 6.116 6.956 6.931 0.966
2 7.304 2.444 2.026 0.879
4 7.931 7.537 3.934 0.915
3 0.132 4.367 8.172 0.799
2 0.479 6.970 6.764 0.776
9
1 10.171 2.936 2.499 0.947
5 3.314 6.032 10.714 0.849
4 4.437 8.552 11.541 0.918
1 2.453 2.568 2.484 0.675
1 0.401 1.797 1.054 0.657
3 10.451 6.788 8.075 0.846
1 2.303 10.538 2.129 0.960
5 4.093 9.873 4.383 0.616
4 4.469 7.573 8.863 0.957
4
3 8.414 9.549 0.607 0.738
0 9.103 7.862 0.136 0.614
5 11.826 0.647 10.842 0.682
1 1.965 5.380 11.371 0.745
9
3 1.269 1.621 5.503 0.765
2 1.429 2.971 9.312 0.634
5 5.684 3.070 0.224 0.687
2 1.129 9.706 11.481 0.917
3 7.969 3.868 8.758 0.719
3 5.893 7.459 7.837 0.784
5 9.176 11.823 3.738 0.882
0 4.142 6.819 11.877 0.616
2 2.373 4.070 1.260 0.753
8
5 10.422 2.933 4.397 0.704
2 3.581 7.901 1.992 0.927
5 2.404 6.693 10.771 0.812
3 7.939 9.706 1.196 0.912
3 7.459 11.152 9.018 0.912
5 3.105 0.443 11.836 0.951
0 2.284 1.047 10.239 0.832
5 5.985 1.088 8.780 0.728
6
1 2.522 5.261 9.491 0.714
4 4.501 6.829 1.584 0.958
3 0.752 3.233 1.175 0.811
0 5.633 5.021 9.480 0.629
1 6.255 3.717 4.134 0.743
3 6.144 11.700 10.868 0.845
5
0 1.759 4.295 1.674 0.774
5 5.105 8.113 9.824 0.925
2 1.911 6.941 3.825 0.662
1 7.129 2.340 1.901 0.874
1 2.416 4.437 10.731 0.697
5
2 10.528 10.863 7.020 0.938
3 5.304 10.453 9.330 0.845
2 3.292 10.339 10.850 0.909
0 9.880 11.762 11.656 0.842
5 10.661 7.063 11.388 0.872
8
3 10.061 11.616 9.922 0.819
5 4.369 2.960 8.426 0.800
1 7.952 9.644 3.426 0.726
0 1.176 11.799 0.204 0.993
5 6.948 9.285 1.648 0.980
0 1.400 5.965 5.935 0.915
5 7.299 2.459 3.171 0.901
4 2.564 9.607 6.916 0.787
7
5 4.520 6.546 2.194 0.719
4 7.785 6.895 10.181 0.837
5 11.594 5.291 11.023 0.975
4 8.663 8.739 1.076 0.909
2 3.864 4.018 0.615 0.800
1 9.904 5.773 11.170 0.835
1 10.910 11.902 6.255 0.911
7
1 8.539 6.952 5.411 0.831
2 1.497 10.388 9.451 0.923
5 0.142 0.202 11.700 0.842
5 9.944 9.262 5.116 0.849
0 11.689 6.469 5.824 0.935
3 1.260 4.614 1.322 0.900
2 10.366 10.113 6.692 0.947
6
5 4.471 5.882 5.535 0.658
0 6.469 10.030 1.980 0.664
1 4.946 4.300 11.030 0.615
0 7.384 4.455 7.438 0.618
0 2.248 4.296 11.277 0.798
2 5.566 1.085 10.514 0.950
6
4 11.690 4.104 4.083 0.960
3 10.109 10.241 5.830 0.884
4 7.329 2.116 2.186 0.871
1 6.929 2.814 5.255 0.872
0 11.660 9.831 0.725 0.646
2 10.567 10.588 10.438 0.807
5
4 3.351 1.086 0.840 0.776
5 7.880 8.200 0.544 0.714
3 0.377 6.018 3.518 0.898
2 3.923 3.130 6.046 0.944
5 2.320 7.517 4.404 0.644
9
0 9.517 2.015 3.752 0.810
2 8.409 2.633 11.697 0.609
4 8.976 8.136 3.931 0.670
1 6.602 0.307 8.907 0.834
3 0.030 0.494 10.847 0.841
1 4.174 2.947 5.528 0.724
5 6.927 7.503 3.405 0.845
4 4.858 5.588 3.658 0.824
5 5.697 2.687 0.293 0.885
4
2 4.007 4.513 1.409 0.951
1 9.225 4.821 11.287 0.874
0 1.748 2.539 8.467 0.687
5 5.577 1.914 8.178 0.762
4
2 10.695 2.768 5.304 0.743
0 11.551 3.876 1.978 0.759
1 1.527 7.763 8.820 0.750
5 4.426 8.408 4.850 0.711
7
4 2.421 1.710 2.286 0.693
4 2.085 9.294 9.314 0.796
1 8.343 3.238 4.868 0.744
3 2.858 11.903 3.462 0.726
5 0.740 7.331 9.895 0.989
0 5.406 0.780 1.446 0.771
1 4.378 2.512 2.119 0.730
7
5 8.653 4.713 4.028 0.719
2 2.419 0.996 0.792 0.768
3 9.650 1.869 10.228 0.687
0 0.968 8.318 10.034 0.710
1 2.749 2.079 9.309 0.921
2 3.147 4.676 5.520 0.713
2 0.140 11.272 9.110 0.859
7
2 10.281 11.166 9.806 0.652
5 3.273 0.922 9.339 0.962
1 6.602 5.063 9.602 0.901
3 0.002 1.811 0.103 0.815
1 0.967 6.490 6.136 0.648
2 11.499 11.300 4.612 0.739
5 1.993 11.697 5.874 0.726
8
5 8.968 3.269 0.027 0.766
0 6.695 7.676 4.062 0.812
3 7.818 0.808 3.750 0.723
5 7.808 4.497 11.738 0.653
2 10.704 3.701 11.263 0.719
2 8.867 11.117 0.603 0.700
1 1.904 1.576 9.882 0.942
5 9.901 8.919 4.529 0.956
5
0 10.614 11.042 4.443 0.977
4 5.514 9.781 7.178 0.794
0 7.816 1.520 0.063 0.978
5 2.992 10.548 11.507 0.841
1 1.769 10.905 7.929 0.960
6
3 2.011 8.610 8.610 0.752
3 0.968 1.309 11.024 0.772
4 7.477 11.791 2.945 0.638
1 8.482 8.124 3.990 0.960
4 8.167 3.349 8.009 0.922
1 2.095 4.775 5.986 0.862
4
4 4.817 0.357 7.308 0.921
2 0.694 8.334 8.527 0.714
4 1.615 0.116 6.831 0.924
3 4.782 11.535 4.363 0.602
5
3 8.286 7.175 8.775 0.712
2 7.470 10.253 8.930 0.663
0 6.915 5.125 11.742 0.969
4 9.782 7.344 2.281 0.610
5 2.333 5.449 4.325 0.855
5
5 5.253 6.879 1.258 0.870
1 8.527 7.580 11.417 0.799
3 5.373 8.308 9.820 0.890
5 2.633 0.069 5.295 0.928
1 4.917 1.116 0.489 0.916
4
5 5.163 11.357 3.662 0.673
0 7.133 11.141 9.229 0.762
4 4.941 6.121 6.874 0.771
2 4.967 0.467 0.595 0.697
9
0 9.891 2.050 6.756 0.950
1 11.648 4.048 2.958 0.924
4 6.096 7.980 4.469 0.756
0 2.799 0.894 2.476 0.844
1 11.964 2.506 8.261 0.609
4 10.576 2.241 10.233 0.821
1 2.488 0.242 1.768 0.807
3 11.140 11.901 7.937 0.960
5 2.682 6.761 3.871 0.670
9
3 8.539 9.561 6.816 0.836
0 7.819 6.241 5.002 0.612
1 11.788 8.716 8.845 0.729
3 2.535 1.666 6.921 0.997
4 0.327 11.995 9.000 0.808
2 8.068 8.838 2.801 0.682
3 7.391 2.502 11.039 0.681
0 11.092 9.113 9.473 0.796
1 0.861 3.858 1.119 0.625
9
3 7.620 4.704 6.960 0.736
0 0.219 8.344 3.448 0.860
5 3.182 2.317 5.829 0.773
0 4.878 0.995 3.635 0.645
4 6.343 3.543 0.759 0.702
1 6.627 3.156 6.237 0.732
1 7.344 5.983 10.677 0.975
5 0.537 11.454 7.831 0.834
5 9.627 0.153 9.608 0.903
7
4 4.426 9.218 10.417 0.830
3 2.141 3.188 4.841 0.992
4 8.161 0.068 8.226 0.914
4 2.008 8.835 10.395 0.850
0 2.368 10.425 4.104 0.928
0 6.485 2.318 3.822 0.607
4 8.519 3.704 7.410 0.675
8
3 5.002 9.031 11.139 0.642
2 7.964 0.467 1.460 0.908
0 8.794 6.041 11.897 0.678
3 2.772 9.090 0.836 0.790
5 5.178 3.968 4.629 0.845
0 5.163 5.749 5.453 0.782
2 4.675 10.678 3.839 0.664
1 4.843 0.699 2.826 0.862
4
2 4.033 5.707 3.983 0.767
0 1.651 0.239 9.954 0.630
1 9.760 0.409 7.702 0.703
4 3.557 2.393 10.295 0.675
8
2 6.318 3.191 3.823 0.823
1 9.437 4.707 2.976 0.946
3 5.848 10.734 10.847 0.835
3 1.853 0.579 0.500 0.672
5 0.553 10.109 9.775 0.802
2 7.304 4.411 5.348 0.779
5 3.493 1.094 8.530 0.838
3 0.982 3.966 11.652 0.779
4
2 4.723 5.248 2.239 0.616
2 6.370 9.369 3.506 0.702
4 8.821 5.174 9.484 0.862
1 2.548 8.961 0.315 0.682
4
5 3.664 6.405 10.814 0.990
0 8.565 10.329 9.528 0.736
5 5.980 7.559 10.895 0.667
3 1.896 7.187 10.973 0.773
5
4 6.048 10.122 2.437 0.969
5 1.642 0.215 2.034 0.833
4 3.275 6.963 3.136 0.895
5 1.626 11.070 3.979 0.667
4 4.203 4.505 9.339 0.974
4
2 7.045 4.275 2.347 0.689
5 8.072 11.655 4.877 0.882
1 0.658 2.654 8.253 0.669
2 3.190 11.399 10.846 0.764
7
2 8.162 2.601 5.283 0.946
4 9.780 10.294 0.314 0.977
4 10.602 3.502 4.399 0.675
2 8.897 1.018 4.261 0.868
3 2.910 11.892 8.042 0.778
3 8.786 9.687 3.632 0.737
2 3.502 7.682 6.182 0.760
5
2 0.536 3.915 0.170 0.733
4 10.214 8.914 9.388 0.857
0 2.475 6.495 2.244 0.871
4 7.657 3.575 9.202 0.770
2 2.342 1.966 2.183 0.940
4
0 11.124 1.845 10.420 0.639
0 1.859 1.108 9.947 0.792
4 11.499 2.669 2.493 0.863
4 11.279 4.323 2.943 0.804
4
1 8.822 7.308 9.497 0.660
3 2.940 1.458 3.093 0.809
0 7.159 11.925 8.867 0.908
3 0.363 5.444 11.053 0.909
5
1 7.393 6.395 6.843 0.909
0 2.176 0.779 9.605 0.872
5 6.955 11.994 1.982 0.744
1 8.460 3.037 7.784 0.768
4 11.116 2.724 2.305 0.802
4
0 10.625 0.519 11.023 0.863
4 6.307 2.479 5.585 0.939
2 6.362 8.455 2.321 0.783
5 0.073 11.319 9.013 0.886
8
5 10.344 10.711 5.937 0.662
1 2.994 8.719 2.178 0.890
1 11.443 8.107 5.946 0.746
5 1.024 6.325 9.346 0.957
5 10.685 3.317 2.661 0.957
0 3.930 1.928 6.509 0.785
1 6.276 6.403 2.733 0.834
1 2.708 2.102 1.334 0.810
5
0 2.176 11.771 10.182 0.725
3 5.373 3.348 0.204 0.696
0 0.357 0.789 10.055 0.839
3 4.039 3.755 10.768 0.631
1 3.296 3.836 7.235 0.703
5
0 6.822 10.082 5.020 0.721
4 2.449 3.254 5.944 0.913
3 10.459 1.758 3.712 0.639
3 0.770 8.024 7.686 0.782
1 8.394 8.411 2.756 0.707
9
0 0.259 7.017 9.212 0.877
1 11.400 3.332 10.553 0.912
0 5.709 3.180 2.249 0.705
2 7.383 5.992 6.283 0.981
1 7.615 2.130 3.306 0.996
0 5.058 3.247 1.578 0.844
1 6.717 11.194 2.447 0.887
1 4.708 9.361 9.658 0.826
0 4.089 9.379 4.592 0.696
4
4 1.042 6.395 8.783 0.894
2 5.995 4.136 0.002 0.704
0 2.764 6.307 10.444 0.773
1 2.688 2.706 4.393 0.634
8
5 0.908 0.415 10.717 0.744
5 9.736 5.476 10.698 0.853
1 6.771 1.539 8.164 0.979
1 2.122 3.630 7.171 0.891
3 5.287 4.229 8.317 0.647
5 5.370 8.174 8.606 0.879
5 5.767 7.589 11.095 0.655
4 6.309 0.492 7.246 0.651
9
3 2.567 7.654 6.211 0.942
0 11.130 6.503 10.003 0.855
2 0.980 11.566 0.011 0.849
2 11.356 2.557 4.793 0.642
4 0.064 2.795 0.295 0.691
4 4.298 3.438 0.473 0.612
0 10.627 6.834 0.976 0.754
4 7.475 3.260 9.783 0.758
5 5.289 10.068 8.943 0.926
8
0 8.227 0.321 8.396 0.894
2 11.669 4.709 11.613 0.608
1 9.191 0.476 7.743 0.733
4 9.003 3.377 4.328 0.899
2 11.839 7.607 7.674 0.809
2 6.619 4.930 10.089 0.821
2 2.412 8.426 9.510 0.623
4 6.994 3.694 8.192 0.604
6
0 3.384 7.804 0.509 0.983
1 4.593 6.230 6.828 0.847
4 11.223 5.624 0.705 0.677
3 7.478 9.696 9.977 0.772
3 9.395 8.478 5.877 0.604
1 6.945 1.691 11.125 0.939
4
5 6.047 4.957 7.319 0.767
1 1.150 2.245 2.551 0.998
3 1.929 6.578 8.205 0.953
3 11.797 0.325 5.412 0.612
9
2 4.801 5.649 7.335 0.647
4 1.874 1.917 10.012 0.843
5 4.599 3.714 3.267 0.895
4 11.121 1.984 1.359 0.846
2 10.146 10.219 5.884 0.620
2 8.926 9.672 4.082 0.667
4 9.249 2.368 7.372 0.941
2 11.144 11.499 2.673 0.645
5 9.241 1.366 10.601 0.644
8
3 5.546 10.821 10.654 0.734
1 7.848 6.163 5.492 0.987
5 10.127 11.587 6.506 0.727
2 10.735 0.740 5.234 0.609
5 0.634 3.258 8.222 0.874
0 5.869 5.541 8.837 0.939
0 6.269 11.385 7.207 0.837
4 5.094 3.370 5.849 0.844
6
2 1.798 7.994 10.748 0.962
5 2.210 8.433 5.933 0.766
2 11.880 1.199 2.748 0.732
1 1.395 4.666 0.594 0.694
3 0.867 5.459 3.612 0.958
2 2.437 9.921 1.609 0.934
4
3 10.733 10.163 11.400 0.829
3 10.633 11.048 6.815 0.900
1 5.608 11.016 10.215 0.971
2 9.145 3.235 0.668 0.872
6
5 7.075 4.144 0.629 0.915
1 4.806 4.325 2.302 0.645
5 7.942 4.835 9.588 0.768
2 1.277 7.482 11.823 0.747
5 11.668 10.150 9.843 0.626
1 9.269 1.880 6.151 0.612
5
4 6.320 2.045 3.719 0.763
5 6.337 10.422 0.437 0.917
5 3.056 4.172 8.271 0.869
1 7.208 8.514 11.625 0.810
0 11.111 2.175 10.441 0.691
6
2 1.481 6.416 0.718 0.969
5 7.728 8.406 5.065 0.852
0 8.357 8.887 1.207 0.850
5 10.154 3.230 1.781 0.667
4 5.493 10.518 11.798 0.844
5 6.505 9.648 9.455 0.669
4
3 10.392 8.422 3.312 0.878
3 9.941 5.459 6.244 0.741
5 6.284 9.918 9.902 0.630
5 6.732 7.164 0.394 0.631
8
3 10.374 3.004 5.695 0.725
2 9.818 9.264 11.115 0.749
4 6.582 4.283 11.277 0.785
4 6.846 9.372 5.775 0.764
2 9.664 8.730 4.979 0.903
1 9.225 11.184 2.480 0.616
2 11.675 10.122 11.486 0.951
0 1.596 7.660 2.353 0.774
9
3 4.736 2.713 4.251 0.781
3 9.020 11.245 0.523 0.732
5 11.760 10.992 2.341 0.779
3 4.000 4.434 9.095 0.969
2 8.647 4.914 5.778 0.904
4 6.775 9.799 5.643 0.994
5 0.481 5.641 0.346 0.682
3 0.949 1.841 8.147 0.916
3 10.382 4.709 8.251 0.831
7
1 1.404 11.918 0.784 0.717
1 10.228 1.093 1.192 0.758
0 11.854 2.704 5.874 0.870
4 11.877 0.246 7.046 0.789
4 4.202 0.679 0.912 0.781
3 11.519 11.363 0.775 0.964
2 3.025 5.197 5.695 0.701
5
1 0.959 4.220 0.484 0.604
5 7.364 6.449 3.881 0.614
0 1.884 5.879 6.673 0.730
3 9.039 8.893 10.245 0.783
3 11.964 6.325 0.279 0.990
7
3 6.854 4.276 9.305 0.852
0 4.162 8.231 10.893 0.792
0 7.086 3.572 10.965 0.862
3 3.897 10.383 10.232 0.951
1 8.795 5.984 9.634 0.871
1 7.863 6.858 5.832 0.843
0 8.226 3.528 10.605 0.715
7
4 3.326 0.218 4.188 0.618
2 4.717 4.042 10.514 0.843
5 2.092 1.443 0.188 0.850
1 5.989 8.816 8.822 0.750
0 7.965 8.498 5.914 0.636
1 2.451 7.794 9.783 0.929
5 1.772 3.793 6.791 0.690
6
2 10.316 6.240 5.201 0.900
3 0.910 5.518 10.294 0.793
1 9.458 8.521 7.513 0.698
1 1.662 4.472 10.489 0.852
4 9.607 0.573 0.606 0.690
5 4.631 2.790 6.051 0.812
6
4 9.670 4.404 8.249 0.627
3 4.969 8.474 11.098 0.849
0 4.651 11.190 7.792 0.680
1 11.922 9.461 2.524 0.933
5 1.199 5.934 7.339 0.891
1 1.700 4.044 9.961 0.967
5
5 11.748 0.940 10.762 0.701
4 7.616 0.154 5.268 0.931
2 10.049 8.048 4.971 0.948
5 8.003 0.632 10.976 0.996
5 9.020 8.913 10.566 0.981
8
3 10.954 6.340 5.646 0.943
0 11.572 4.419 9.662 0.987
1 2.218 2.729 9.723 0.809
1 7.922 6.086 5.235 0.635
1 3.706 10.764 3.959 0.844
2 0.678 2.027 8.679 0.965
2 1.440 10.331 2.841 0.946
3 9.176 5.274 1.817 0.654
5
0 5.806 1.297 2.317 0.911
0 9.941 7.443 7.408 0.670
2 9.764 7.097 6.444 0.625
0 7.848 8.753 7.919 0.864
2 11.282 3.195 5.588 0.940
9
5 6.934 3.072 1.541 0.824
4 9.008 5.460 9.697 0.958
5 1.795 1.218 11.785 0.750
2 0.038 11.459 8.724 0.778
4 1.530 11.648 2.402 0.854
4 0.013 3.741 8.630 0.715
1 8.840 7.484 11.052 0.693
0 3.280 0.179 6.708 0.635
5 11.847 1.285 4.673 0.654
8
0 2.043 2.205 6.467 0.666
3 5.848 1.210 1.185 0.833
2 0.427 1.450 2.119 0.837
5 1.837 3.790 10.389 0.939
5 4.596 8.594 10.714 0.762
3 4.789 1.991 7.777 0.635
4 7.977 1.359 0.046 0.856
0 6.169 2.423 10.778 0.832
5
5 7.627 8.191 4.718 0.719
2 4.409 4.773 2.443 0.607
0 4.232 6.604 1.299 0.671
2 4.110 4.923 1.058 0.811
1 5.124 4.498 0.801 0.712
9
3 7.008 1.766 10.276 0.781
1 10.696 8.553 10.600 0.811
1 3.257 2.210 1.912 0.927
4 2.070 4.576 11.889 0.775
4 5.941 11.776 8.589 0.935
2 3.420 9.631 10.059 0.898
1 0.737 3.489 5.692 0.677
0 7.039 9.815 10.905 0.644
3 2.544 6.572 6.177 0.933
5
5 5.457 1.177 7.106 0.706
5 4.036 8.576 10.113 0.732
3 11.003 8.819 3.044 0.756
4 4.662 6.034 10.312 0.705
4 0.115 10.461 7.673 0.986
7
5 5.709 1.722 5.485 0.936
3 7.770 2.646 10.142 0.622
3 1.319 7.950 7.837 0.951
4 10.199 11.150 4.243 0.984
2 4.211 9.344 1.021 0.709
1 2.450 2.766 8.800 0.732
1 11.731 9.737 10.284 0.607
6
4 11.851 0.376 8.888 0.961
4 5.809 8.137 4.804 0.633
2 10.759 8.908 8.569 0.653
3 5.787 1.760 10.870 0.744
1 4.447 10.731 6.701 0.827
1 1.530 8.421 3.290 0.912
5
4 10.747 1.990 2.536 0.641
2 3.116 1.580 0.960 0.779
3 11.264 9.842 10.846 0.860
0 8.777 1.713 0.867 0.879
0 3.455 5.993 9.404 0.994
5
3 11.800 3.344 9.251 0.898
0 0.545 2.980 4.288 0.608
4 3.587 11.599 11.699 0.634
5 7.430 3.954 6.921 0.858
5 2.788 0.144 0.730 0.703
5
3 9.873 8.285 3.869 0.751
2 5.608 8.833 3.208 0.743
2 8.341 11.972 3.437 0.934
4 4.030 9.134 4.713 0.929
1 9.405 7.777 6.825 0.754
5
2 2.143 5.276 2.076 0.728
5 11.048 10.724 0.641 0.870
5 10.504 3.748 6.632 0.893
1 6.485 10.645 10.975 0.683
0 2.052 4.398 0.723 0.738
5
1 2.432 7.563 2.650 0.850
5 9.112 2.010 1.939 0.637
4 6.778 6.683 8.150 0.795
3 10.246 3.568 10.738 0.838
2 7.017 9.511 1.611 0.979
5
2 7.033 0.005 11.998 0.951
3 8.590 6.433 7.807 0.721
1 1.019 9.022 2.279 0.975
2 7.464 7.075 10.502 0.680
0 7.887 5.541 7.940 0.675
7
2 1.988 2.099 2.240 0.934
2 5.156 0.853 11.960 0.943
5 2.471 8.839 5.323 0.855
5 2.491 0.336 3.879 0.869
0 4.872 0.513 1.544 0.987
0 6.654 0.471 1.925 0.813
5 8.367 9.274 2.048 0.733
7
5 9.679 3.979 11.360 0.935
4 1.630 11.795 0.613 0.814
5 7.403 2.258 4.413 0.821
2 2.270 9.561 4.127 0.785
3 5.982 7.568 9.635 0.649
1 5.000 6.527 1.600 0.998
0 8.853 10.715 11.745 0.686
9
3 10.007 4.363 9.345 0.794
0 8.835 3.710 3.591 0.754
0 5.823 7.180 10.236 0.676
0 1.448 0.750 8.777 0.623
4 0.522 7.098 8.443 0.697
5 0.615 1.401 4.996 0.619
3 7.140 1.000 2.441 0.816
5 4.237 2.486 5.746 0.855
0 7.328 4.758 10.975 0.866
6
5 0.916 6.406 5.246 0.760
4 10.881 11.431 3.438 0.750
0 4.574 4.375 7.739 0.928
2 4.947 4.638 1.316 0.956
2 0.685 11.650 6.632 0.747
3 7.841 8.536 1.114 0.705
9
2 9.165 3.693 1.127 0.909
2 9.244 4.313 11.231 0.904
5 5.676 4.495 1.972 0.927
2 7.112 9.958 5.802 0.988
0 7.576 6.532 7.744 0.852
3 7.620 9.668 1.948 0.659
3 4.548 4.334 10.733 0.638
2 11.628 11.989 8.669 0.976
0 0.702 1.677 4.305 0.770
5
0 5.975 5.599 10.181 0.792
0 4.341 6.156 9.817 0.683
0 8.316 3.347 7.063 0.612
2 7.350 11.315 8.009 0.987
1 4.958 2.175 8.944 0.660
4
1 6.235 10.469 9.363 0.937
1 10.662 1.556 4.710 0.718
4 7.714 3.730 4.443 0.806
1 6.270 9.795 1.507 0.641
9
1 8.066 5.067 10.793 0.918
1 2.582 1.225 11.186 0.749
5 7.302 11.279 9.470 0.646
2 6.990 4.210 1.737 0.702
1 0.516 1.749 9.850 0.826
3 1.470 0.633 7.176 0.798
2 11.123 3.599 7.043 0.844
3 11.399 10.787 1.029 0.854
2 5.010 8.909 1.940 0.662
8
0 8.954 3.190 0.331 0.711
3 7.584 4.815 6.926 0.775
0 10.779 5.093 4.762 0.878
4 1.167 9.558 9.513 0.780
4 0.159 3.466 11.600 0.608
0 1.132 11.945 3.402 0.888
5 8.545 3.142 4.824 0.764
2 9.207 10.867 10.406 0.646
4
5 1.643 1.779 0.724 0.815
3 1.874 11.585 2.626 0.962
5 6.707 2.730 3.241 0.994
2 7.326 8.833 2.176 0.859
8
0 8.669 1.913 1.013 0.784
1 3.714 11.753 2.686 0.837
5 1.543 9.657 6.089 0.631
1 9.164 2.294 10.229 0.639
4 8.387 1.155 3.427 0.998
5 2.395 9.106 4.068 0.798
5 2.205 3.598 11.563 0.686
2 2.436 3.102 5.415 0.935
9
0 11.055 0.236 9.281 0.812
5 11.202 3.218 6.535 0.956
5 11.037 3.448 2.547 0.873
4 3.073 6.856 3.119 0.987
4 11.247 10.305 2.449 0.955
0 11.706 9.301 3.927 0.991
1 9.709 5.379 4.075 0.942
3 7.245 0.495 6.629 0.940
0 8.594 3.116 4.165 0.618
9
0 11.241 10.255 11.315 0.929
1 7.177 0.822 2.965 0.723
3 6.690 5.511 9.955 0.862
2 3.414 9.699 1.021 0.779
3 7.843 4.611 8.219 0.992
4 7.242 0.264 3.790 0.841
2 6.605 4.272 1.703 0.718
2 5.934 10.486 8.403 0.929
1 1.730 11.752 4.589 0.784
6
2 4.560 8.277 4.601 0.897
0 4.193 6.887 1.439 0.611
2 2.326 7.083 8.663 0.784
5 0.270 0.994 6.522 0.698
3 5.026 0.956 9.876 0.600
2 11.491 1.829 8.449 0.811
6
3 4.002 11.703 11.962 0.673
4 2.726 9.162 1.892 0.744
4 1.309 0.792 5.586 0.962
3 11.361 9.948 1.725 0.621
1 11.683 7.254 7.152 0.935
3 0.446 8.200 4.673 0.912
6
0 10.271 11.165 6.580 0.759
4 4.267 8.872 3.524 0.669
2 11.127 7.830 6.623 0.604
5 2.104 10.027 3.271 0.790
1 10.730 10.826 7.650 0.786
2 4.457 1.789 8.325 0.767
6
3 9.202 11.869 9.926 0.818
0 3.919 1.169 4.747 0.892
5 6.579 2.085 1.309 0.836
1 2.947 1.496 10.218 0.690
5 5.048 5.290 11.140 0.647
2 3.624 5.801 4.325 0.747
4
1 9.104 10.928 5.604 0.970
1 3.651 2.611 3.094 0.798
5 0.368 7.827 10.247 0.844
2 1.874 1.444 5.964 0.695
8
1 2.024 10.737 2.700 0.614
5 5.310 7.666 9.738 0.983
2 5.062 7.978 1.187 0.815
5 4.306 9.417 10.989 0.823
2 9.032 5.271 0.382 0.774
3 5.068 2.559 7.922 0.979
1 5.346 8.336 5.934 0.910
4 4.208 4.097 6.016 0.714
9
0 11.530 5.618 4.164 0.781
2 3.510 0.583 9.112 0.948
5 2.229 7.116 6.424 0.990
3 3.316 2.836 6.520 0.975
1 11.042 4.660 3.037 0.807
3 0.863 10.009 3.565 0.999
2 1.675 5.758 11.748 0.995
2 5.678 1.197 10.941 0.624
5 7.843 3.985 7.084 0.762
4
4 2.400 1.467 8.997 0.798
4 6.613 2.361 4.476 0.600
5 9.744 3.096 1.712 0.708
5 7.151 8.719 0.955 0.973
6
5 10.658 10.104 9.680 0.710
0 7.289 3.065 7.681 0.869
3 5.015 1.996 9.773 0.834
3 9.076 0.295 6.179 0.914
3 3.161 4.432 11.718 0.798
0 9.166 9.515 3.432 0.653
8
2 3.229 2.439 6.533 0.911
2 6.646 11.992 7.000 0.710
2 5.347 6.042 9.979 0.665
2 1.694 3.608 4.342 0.905
3 9.689 10.582 0.235 0.969
5 7.193 11.631 10.581 0.816
3 3.111 9.493 8.507 0.640
4 11.662 6.670 5.581 0.770
9
1 10.188 6.931 8.015 0.896
4 0.633 0.328 10.882 0.827
4 5.974 10.183 1.569 0.638
2 7.339 1.967 9.245 0.864
2 1.537 1.361 11.106 0.933
1 10.927 10.274 5.422 0.739
1 10.513 1.136 1.995 0.829
1 5.608 0.136 7.108 0.886
0 6.246 0.072 5.245 0.960
7
0 5.037 5.829 3.022 0.720
2 10.548 0.628 7.138 0.847
0 0.192 10.156 1.877 0.883
2 3.283 6.915 5.563 0.631
1 8.125 2.572 3.955 0.636
5 7.168 6.956 2.479 0.698
2 9.590 3.428 5.029 0.889
5
2 1.532 5.119 6.715 0.908
0 7.761 2.166 10.548 0.630
0 2.187 3.250 9.250 0.662
0 7.137 0.404 3.255 0.614
4 3.765 7.783 4.042 0.867
4
4 10.016 2.783 3.365 0.888
5 10.488 8.420 2.703 0.634
1 7.069 8.473 10.629 0.713
3 6.975 2.409 3.014 0.647
8
1 10.585 8.164 6.095 0.765
1 5.607 7.913 1.844 0.780
4 3.374 1.942 3.813 0.646
4 11.366 3.799 3.382 0.679
2 5.456 5.942 11.236 0.869
2 9.042 5.373 1.227 0.988
1 4.574 10.320 8.123 0.643
1 1.842 5.284 0.029 0.905
9
3 3.739 6.129 8.537 0.702
3 10.263 3.921 3.559 0.603
5 6.624 11.303 2.920 0.919
0 6.834 11.424 10.358 0.652
2 3.796 0.386 2.134 0.803
1 10.308 2.249 8.794 0.732
0 8.368 4.799 11.804 0.705
3 3.932 4.774 1.549 0.780
5 1.962 3.751 4.156 0.622
5
3 10.930 5.700 4.884 0.661
5 9.652 10.749 5.857 0.871
0 0.735 6.102 11.630 0.816
0 2.782 4.090 1.959 0.833
1 11.571 9.456 4.766 0.891
5
4 8.495 0.796 11.328 0.757
4 1.973 0.704 2.122 0.913
5 0.716 4.751 9.589 0.661
3 10.628 11.108 5.658 0.698
1 1.635 8.274 10.490 0.863
5
0 1.906 6.988 10.016 0.662
1 10.987 4.507 2.756 0.609
3 7.978 2.465 8.439 0.707
0 1.044 6.868 1.326 0.856
0 3.177 2.109 3.385 0.702
9
3 4.647 6.214 4.250 0.869
3 6.671 8.068 10.850 0.832
2 4.100 6.044 5.012 0.690
1 8.504 0.238 8.190 0.719
2 9.213 2.333 4.851 0.814
4 9.907 4.717 2.717 0.830
1 2.638 9.313 2.740 0.903
5 0.604 4.468 11.500 0.764
0 7.646 8.975 1.951 0.734
4
3 0.096 7.172 2.183 0.947
0 4.592 6.566 0.014 0.685
3 2.230 11.701 9.946 0.905
3 4.187 11.772 11.905 0.995
8
1 2.913 4.791 9.165 0.663
2 6.575 8.027 5.152 0.974
2 0.119 7.710 9.394 0.718
3 4.722 10.759 9.609 0.698
1 8.781 5.015 8.756 0.762
2 3.053 0.732 7.291 0.815
2 5.571 7.452 3.825 0.629
2 10.970 2.236 8.035 0.893
4
1 4.956 2.060 6.746 0.943
3 5.097 9.770 8.676 0.921
1 11.149 10.950 3.184 0.895
1 3.707 9.228 11.751 0.682
8
4 11.392 8.827 6.652 0.932
4 10.141 2.435 6.169 0.956
5 2.709 8.426 2.231 0.973
1 1.077 6.530 3.446 0.750
4 4.781 0.237 8.952 0.854
2 5.062 11.222 3.724 0.678
2 0.401 8.157 0.325 0.642
3 8.470 1.121 4.305 0.989
8
3 3.528 5.772 1.806 0.768
2 8.816 4.171 11.678 0.820
4 2.789 1.874 1.501 0.927
0 10.112 1.956 5.965 0.952
5 7.191 0.446 0.620 0.915
3 2.017 1.807 4.704 0.994
4 11.024 3.081 8.394 0.927
3 0.991 8.297 5.876 0.915
8
5 3.665 11.826 7.172 0.897
4 9.685 2.786 5.101 0.777
5 5.386 2.862 10.765 0.690
1 3.459 10.468 1.853 0.613
5 9.137 8.385 2.041 0.929
2 0.609 9.786 6.342 0.742
5 11.595 1.254 10.361 0.606
3 6.446 7.490 2.713 0.935
6
1 8.422 0.998 6.855 0.721
1 7.850 10.507 10.229 0.817
1 8.320 6.750 9.252 0.766
2 2.042 9.620 9.804 0.620
0 5.674 1.177 10.524 0.669
0 9.075 9.614 4.435 0.852
5
1 9.765 10.484 8.715 0.635
5 1.427 3.162 9.179 0.629
0 4.353 3.736 6.106 0.738
1 11.153 7.435 2.143 0.704
3 4.225 1.248 6.786 0.880
7
1 6.074 10.600 2.814 0.657
1 5.171 9.816 3.399 0.610
2 4.018 2.610 7.269 0.951
0 5.288 8.383 7.270 0.891
4 9.743 1.130 7.266 0.632
5 6.659 1.388 8.300 0.951
0 10.572 8.769 0.783 0.794
6
5 4.053 7.685 4.950 0.801
0 10.253 4.504 9.633 0.702
1 9.109 5.090 11.150 0.862
1 1.008 10.000 3.415 0.704
3 7.996 5.153 5.119 0.945
4 8.013 4.629 9.851 0.923
6
3 6.175 5.840 3.355 0.641
1 7.050 10.227 10.717 0.957
5 0.877 5.187 9.368 0.922
0 8.533 0.347 0.991 0.855
0 7.795 3.428 2.165 0.950
2 0.358 3.270 4.875 0.883
4
1 1.653 2.556 7.008 0.978
0 2.935 0.128 10.451 0.800
5 3.988 2.424 11.043 0.799
2 3.232 11.864 10.643 0.608
9
5 11.346 7.224 3.506 0.812
2 6.129 11.612 4.221 0.691
4 11.778 11.720 8.904 0.675
5 10.754 3.624 3.990 0.860
1 11.975 4.504 9.451 0.875
4 10.113 4.536 1.363 0.913
0 11.471 8.525 7.175 0.720
1 6.830 4.103 3.969 0.979
0 2.433 3.862 3.291 0.772
8
1 6.538 6.337 1.471 0.641
1 10.557 1.613 0.668 0.960
1 2.511 6.389 1.035 0.855
2 0.517 4.640 10.750 0.715
0 5.917 1.497 0.535 0.802
0 1.071 7.382 6.689 0.799
4 1.443 4.950 1.532 0.948
2 1.414 8.711 3.112 0.933
