32 32
0.1878 0.1969 0.2071 0.2180 0.2295 0.2410 0.2521 0.2622 0.2709 0.2777 0.2822 0.2841 0.2833 0.2799 0.2741 0.2661 0.2565 0.2458 0.2344 0.2230 0.2118 0.2013 0.1917 0.1832 0.1760 0.1699 0.1649 0.1610 0.1579 0.1556 0.1538 0.1526
0.1985 0.2101 0.2231 0.2372 0.2518 0.2666 0.2808 0.2938 0.3050 0.3137 0.3195 0.3219 0.3210 0.3166 0.3092 0.2990 0.2868 0.2731 0.2585 0.2438 0.2295 0.2160 0.2037 0.1928 0.1835 0.1756 0.1692 0.1641 0.1602 0.1572 0.1550 0.1534
0.2109 0.2255 0.3606 0.2595 0.2779 0.2965 0.4706 0.4963 0.5197 0.3557 0.3629 0.3661 0.5774 0.5814 0.5815 0.3376 0.3222 0.3051 0.5556 0.5465 0.5379 0.2335 0.2180 0.2043 0.5175 0.5169 0.5182 0.1680 0.1630 0.1591 0.1563 0.1543
0.2249 0.2430 0.3819 0.2848 0.3075 0.3303 0.5086 0.5381 0.5648 0.4033 0.4123 0.4162 0.6274 0.6302 0.6283 0.3816 0.3628 0.3418 0.5882 0.5749 0.5621 0.8038 0.7847 0.7677 0.5280 0.5251 0.5244 0.1725 0.1663 0.1615 0.1579 0.1554
0.2404 0.2622 0.4052 0.3127 0.3400 0.3675 0.5504 0.5841 0.6144 0.4558 0.4667 0.4716 0.6826 0.6843 0.6802 0.4305 0.4082 0.3830 0.6249 1.0000 1.0000 0.8270 0.8038 0.7832 1.0000 1.0000 1.0000 0.1779 0.1701 0.1642 0.1598 0.1566
0.2569 0.2827 0.4301 0.3423 0.3747 0.4073 0.5949 0.6332 0.6674 0.5119 0.5250 0.5309 0.7419 0.7425 0.7364 0.4837 0.4576 0.4281 1.0000 1.0000 1.0000 0.8532 0.2756 0.2509 1.0000 1.0000 1.0000 0.7341 0.1747 0.1674 0.1621 0.1582
0.2739 0.3037 0.4557 0.3729 0.4104 0.4482 0.6409 0.6838 0.7221 0.5698 0.5853 0.5925 0.8037 0.8034 0.7954 0.5399 0.5102 1.0000 1.0000 1.0000 0.6547 0.3324 0.3002 0.2712 0.5707 0.5584 1.0000 0.7415 0.7300 0.1712 0.1647 0.1599
0.2907 0.3246 0.4811 0.4031 0.4457 0.4887 0.6865 0.7340 0.7764 0.6276 0.6455 0.6543 0.8660 0.8652 0.8556 0.5978 0.5650 1.0000 1.0000 0.7240 0.6921 0.3649 0.3278 0.2941 0.5894 0.5732 0.5612 0.7501 0.7363 0.1757 0.1678 0.1620
0.3065 0.3443 0.5051 0.4317 0.4792 0.5271 0.7297 0.7818 0.8282 0.6828 0.7033 0.7139 0.9265 0.9257 0.9153 0.6559 1.0000 1.0000 0.8053 0.7690 0.7326 0.4006 0.3587 0.3202 0.6108 0.5904 0.5746 0.7602 0.7437 0.1810 0.1714 0.1645
0.3207 0.3619 0.4078 0.4573 0.5092 0.5615 0.6122 0.6591 0.7000 0.7328 0.7561 0.7688 0.7704 0.7610 0.7414 0.7126 1.0000 1.0000 0.5875 0.5386 0.4889 0.4399 0.3931 0.3496 0.3103 0.2758 0.2464 0.2220 0.7525 0.7372 0.1757 0.1673
0.3325 0.3765 0.4256 0.4786 0.5341 0.5902 0.6447 0.6952 0.7395 0.7755 0.8016 0.8167 0.8203 0.8127 0.7943 0.7664 1.0000 1.0000 0.6396 0.5885 0.5356 0.4827 0.4313 0.3828 0.3382 0.2986 0.2644 0.2358 0.7627 0.7445 0.1808 0.1707
0.3412 0.3873 0.4387 0.4944 0.5526 0.6116 0.6690 0.7224 0.7696 0.8085 0.8374 0.8553 0.8618 0.8568 0.8411 0.8155 1.0000 1.0000 0.6919 0.6399 0.5849 0.5288 0.4730 0.4194 0.3695 0.3243 0.2849 0.8015 0.7743 0.7529 0.1866 0.1746
0.3463 0.3937 0.4465 0.5037 0.5637 0.6244 0.6838 0.7393 0.7888 0.8302 0.8619 0.8829 0.8929 0.8917 0.8800 0.8583 0.8276 1.0000 1.0000 0.6916 0.6358 0.5771 0.5176 0.4591 0.4035 0.3526 0.3075 0.8190 0.7874 0.2122 0.1930 0.1789
0.3475 0.3952 0.4484 0.5060 0.5666 0.6280 0.6883 0.7450 0.7960 0.8394 0.8737 0.8981 0.9121 0.9158 0.9093 0.8931 0.8678 1.0000 1.0000 1.0000 0.6864 0.6262 0.5635 0.5004 0.4394 0.3825 0.8816 0.8377 0.8013 0.2223 0.2000 0.1835
0.3448 0.3918 0.4444 0.5013 0.5612 0.6222 0.6821 0.7390 0.7907 0.8356 0.8723 0.9001 0.9187 0.9278 0.9276 0.9182 0.8996 0.8717 1.0000 1.0000 1.0000 0.6737 0.6085 0.5414 0.4753 0.9627 0.9060 0.8567 0.2655 0.2324 0.2070 0.1882
0.3382 0.3837 0.4346 0.4897 0.5478 0.6072 0.6658 0.7218 0.7734 0.8190 0.8577 0.8888 0.9119 0.9269 0.9337 0.9319 0.9210 0.9004 0.8695 1.0000 1.0000 1.0000 1.0000 1.0000 1.0000 0.9910 0.9290 0.3246 0.2789 0.2421 0.2137 0.1927
0.3283 0.3714 0.4196 0.4720 0.5273 0.5839 0.6402 0.6943 0.7449 0.7906 0.8306 0.8644 0.8918 0.9126 0.9264 0.9325 0.9298 0.9170 0.8930 0.8569 0.8090 1.0000 1.0000 1.0000 1.0000 0.4652 0.3988 0.3401 0.2906 0.2505 0.2195 0.1965
0.3155 0.3556 0.4004 0.4491 0.5007 0.5537 0.6066 0.6580 0.7067 0.7516 0.7922 0.8281 0.8592 0.8851 0.9054 0.9189 0.9241 0.9191 0.9021 0.8720 0.8284 0.7723 0.7060 0.6330 0.5572 0.4827 0.4133 0.3515 0.2992 0.2568 0.2239 0.1994
0.3006 0.3370 0.3779 0.4224 0.4695 0.5181 0.5670 0.6149 0.6608 0.7040 0.7443 0.7813 0.8150 0.8451 0.8708 0.8907 0.9028 0.9049 0.8947 0.8704 0.8316 0.7789 0.7148 0.6427 0.5668 0.4915 0.4208 0.3576 0.3039 0.2602 0.2262 0.2009
0.2842 0.3168 0.3533 0.3930 0.4353 0.4790 0.5232 0.5669 0.6094 0.6502 0.6891 0.7261 0.7612 0.7939 0.8235 0.8482 0.8659 0.8738 0.8694 0.8508 0.8169 0.7685 0.7078 0.6383 0.5642 0.4901 0.4202 0.3574 0.3038 0.2602 0.2262 0.2009
0.2673 0.2958 0.3277 0.3625 0.3997 0.4382 0.4774 0.5164 0.5549 0.5924 0.6291 0.6649 0.6999 0.7337 0.7653 0.7930 0.8144 0.8267 0.8270 0.8132 0.7843 0.7407 0.6846 0.6193 0.5490 0.4783 0.4111 0.3506 0.2989 0.2567 0.2238 0.1993
0.2504 0.2748 0.3022 0.3322 0.3641 0.3974 0.4314 0.4655 0.4995 0.5333 0.5668 0.6004 0.6339 0.6671 0.6989 0.7277 0.7509 0.7657 0.7694 0.7597 0.7355 0.6971 0.6465 0.5869 0.5221 0.4566 0.3941 0.3377 0.2894 0.2499 0.2191 0.1961
0.2343 0.2548 0.2778 0.3030 0.3299 0.3580 0.3869 0.4161 0.4455 0.4750 0.5049 0.5352 0.5661 0.5972 0.6276 0.6555 0.6787 0.6945 0.7002 0.6936 0.6738 0.6408 0.5964 0.5434 0.4856 0.4268 0.3706 0.3198 0.2761 0.2404 0.2125 0.1917
0.2193 0.2362 0.2551 0.2759 0.2981 0.3214 0.3454 0.3698 0.3946 0.4197 0.4454 0.4719 0.4993 0.5271 0.5547 0.5804 0.6021 0.6175 0.6240 0.6197 0.6037 0.5760 0.5381 0.4926 0.4425 0.3915 0.3426 0.2983 0.2602 0.2290 0.2046 0.1865
0.2059 0.2195 0.2347 0.2515 0.2695 0.2883 0.3078 0.3278 0.3481 0.3689 0.3904 0.4127 0.4360 0.4599 0.4838 0.5062 0.5254 0.5393 0.5457 0.5430 0.5302 0.5076 0.4762 0.4382 0.3963 0.3534 0.3123 0.2750 0.2429 0.2166 0.1961 0.1807
0.1941 0.2049 0.2169 0.2302 0.2444 0.2594 0.2749 0.2907 0.3070 0.3237 0.3411 0.3592 0.3783 0.3980 0.4177 0.4363 0.4524 0.4642 0.4699 0.4681 0.4582 0.4401 0.4148 0.3841 0.3502 0.3154 0.2820 0.2517 0.2256 0.2042 0.1875 0.1750
0.1842 0.1925 0.2018 0.2121 0.2231 0.2347 0.2467 0.2590 0.2717 0.2848 0.2983 0.3126 0.3276 0.3431 0.3587 0.3735 0.3863 0.3957 0.4003 0.3991 0.3915 0.3774 0.3576 0.3336 0.3070 0.2798 0.2536 0.2298 0.2093 0.1925 0.1794 0.1696
0.1759 0.1822 0.1893 0.1971 0.2054 0.2142 0.2233 0.2327 0.2423 0.2522 0.2625 0.2733 0.2846 0.2964 0.3082 0.3193 0.3290 0.3361 0.3396 0.3387 0.3329 0.3222 0.3072 0.2890 0.2689 0.2483 0.2284 0.2104 0.1949 0.1822 0.1723 0.1649
0.1693 0.1739 0.1792 0.1850 0.1912 0.1977 0.2045 0.2114 0.2185 0.2257 0.2333 0.2412 0.2494 0.2580 0.2665 0.2745 0.2815 0.2866 0.2890 0.2882 0.2838 0.2760 0.2650 0.2516 0.2369 0.2218 0.2073 0.1941 0.1828 0.1735 0.1663 0.1609
0.1640 0.1674 0.1713 0.1755 0.1800 0.1847 0.1896 0.1946 0.1997 0.2049 0.2102 0.2158 0.2216 0.2275 0.2334 0.2389 0.2437 0.2471 0.2486 0.2479 0.2447 0.2390 0.2312 0.2217 0.2113 0.2006 0.1904 0.1811 0.1731 0.1666 0.1615 0.1576
0.1600 0.1624 0.1652 0.1682 0.1714 0.1747 0.1782 0.1817 0.1853 0.1889 0.1926 0.1963 0.2002 0.2042 0.2081 0.2117 0.2148 0.2169 0.2178 0.2172 0.2148 0.2108 0.2054 0.1989 0.1917 0.1845 0.1775 0.1711 0.1657 0.1613 0.1578 0.1552
0.1570 0.1587 0.1606 0.1627 0.1649 0.1673 0.1697 0.1721 0.1745 0.1769 0.1794 0.1819 0.1844 0.1869 0.1894 0.1916 0.1935 0.1947 0.1952 0.1946 0.1929 0.1902 0.1866 0.1822 0.1775 0.1726 0.1680 0.1639 0.1603 0.1574 0.1551 0.1534
