3 32 32 -1
0.0000 0.0000 0.0000 0.0000 0.0000 0.0000 0.0000 0.0000 0.0000 0.0000 0.0000 0.0000 0.0000 0.0000 0.0000 0.0000
0.0000 0.0000 0.0000 0.0000 0.0000 0.0000 0.0000 0.0000 0.0000 0.0000 0.0000 0.0000 0.0000 0.0000 0.0000 0.0000
0.0000 0.0000 0.0000 0.0000 0.0000 0.0000 0.0000 0.0000 0.0000 0.0000 0.0000 0.3325 0.3364 0.3393 0.3412 0.3422
0.3422 0.3412 0.3393 0.3364 0.3325 0.0000 0.0000 0.0000 0.0000 0.0000 0.0000 0.0000 0.0000 0.0000 0.0000 0.0000
0.0000 0.0000 0.0000 0.0000 0.0000 0.0000 0.0000 0.0000 0.0000 0.3354 0.3412 0.3462 0.3502 0.3534 0.3555 0.3565
0.3565 0.3555 0.3534 0.3502 0.3462 0.3412 0.3354 0.0000 0.0000 0.0000 0.0000 0.0000 0.0000 0.0000 0.0000 0.0000
0.0000 0.0000 0.0000 0.0000 0.0000 0.0000 0.0000 0.3335 0.3412 0.3482 0.3544 0.3597 0.3641 0.3674 0.3697 0.3708
0.3708 0.3697 0.3674 0.3641 0.3597 0.3544 0.3482 0.3412 0.3335 0.0000 0.0000 0.0000 0.0000 0.0000 0.0000 0.0000
0.0000 0.0000 0.0000 0.0000 0.0000 0.0000 0.3364 0.3452 0.3534 0.3608 0.3674 0.3731 0.3778 0.3814 0.3839 0.3851
0.3851 0.3839 0.3814 0.3778 0.3731 0.3674 0.3608 0.3534 0.3452 0.3364 0.0000 0.0000 0.0000 0.0000 0.0000 0.0000
0.0000 0.0000 0.0000 0.0000 0.0000 0.3373 0.3472 0.3565 0.3652 0.3731 0.3802 0.3864 0.3915 0.3954 0.3981 0.3994
0.3994 0.3981 0.3954 0.3915 0.3864 0.3802 0.3731 0.3652 0.3565 0.3472 0.3373 0.0000 0.0000 0.0000 0.0000 0.0000
0.0000 0.0000 0.0000 0.0000 0.3364 0.3472 0.3576 0.3674 0.3766 0.3851 0.3928 0.3994 0.4050 0.4093 0.4122 0.4137
0.4137 0.4122 0.4093 0.4050 0.3994 0.3928 0.3851 0.3766 0.3674 0.3576 0.3472 0.3364 0.0000 0.0000 0.0000 0.0000
0.0000 0.0000 0.0000 0.3335 0.3452 0.3565 0.3674 0.3778 0.3876 0.3967 0.4050 0.4122 0.4183 0.4231 0.4264 0.4280
0.4280 0.4264 0.4231 0.4183 0.4122 0.4050 0.3967 0.3876 0.3778 0.3674 0.3565 0.3452 0.3335 0.0000 0.0000 0.0000
0.0000 0.0000 0.0000 0.3412 0.3534 0.3652 0.3766 0.3876 0.3981 0.4078 0.4168 0.4247 0.4315 0.4368 0.4405 0.4423
0.4423 0.4405 0.4368 0.4315 0.4247 0.6000 0.6000 0.6000 0.3876 0.3766 0.3652 0.3534 0.3412 0.0000 0.0000 0.0000
0.0000 0.0000 0.3354 0.3482 0.3608 0.3731 0.3851 0.3967 0.4078 0.4183 0.4280 0.4368 0.4443 0.4503 0.4545 0.4566
0.4566 0.4545 0.4503 0.4443 0.4368 0.6000 0.6000 0.6000 0.3967 0.3851 0.3731 0.3608 0.3482 0.3354 0.0000 0.0000
0.0000 0.0000 0.3412 0.3544 0.3674 0.3802 0.3928 0.4050 0.4168 0.4280 0.4386 0.7982 0.8066 0.8135 0.4683 0.4709
0.4709 0.4683 0.4635 0.4566 0.4482 0.6000 0.6000 0.6000 0.4050 0.3928 0.3802 0.3674 0.3544 0.3412 0.0000 0.0000
0.0000 0.3325 0.3462 0.3597 0.3731 0.3864 1.0000 0.4122 0.4247 0.4368 0.7982 0.8088 0.8183 0.8263 0.8321 0.8352
0.4852 0.4821 0.4763 0.4683 0.4588 0.4482 0.4368 0.4247 0.4122 0.3994 0.3864 0.3731 0.3597 0.3462 0.3325 0.0000
0.0000 0.3364 0.3502 0.3641 0.3778 0.3915 1.0000 0.4183 0.4315 0.7943 0.8066 0.8183 0.8291 0.8384 0.8455 0.8494
0.4994 0.4955 0.4884 0.4791 0.4683 0.4566 0.4443 0.4315 0.4183 0.4050 0.3915 0.3778 0.3641 0.3502 0.3364 0.0000
0.0000 0.3393 0.3534 0.3674 0.3814 0.3954 1.0000 0.4231 0.4368 0.8003 0.8135 0.8263 0.8384 0.8494 0.8582 0.8635
0.5135 0.5082 0.4994 0.4884 0.4763 0.4635 0.4503 0.4368 0.4231 0.4093 0.3954 0.3814 0.3674 0.3534 0.3393 0.0000
0.0000 0.3412 0.3555 0.3697 0.3839 1.0000 0.6622 0.4264 0.4405 0.8045 0.8183 0.8321 0.8455 0.8582 0.8696 0.8774
0.5274 0.5196 0.5082 0.4955 0.4821 0.4683 0.4545 0.4405 0.4264 0.4122 0.3981 0.3839 0.3697 0.3555 0.3412 0.0000
0.0000 0.3422 0.3565 0.3708 0.3851 1.0000 0.4137 0.4280 0.4423 0.8066 0.8209 0.8352 0.8494 0.8635 0.8774 0.8899
0.5399 0.5274 0.5135 0.4994 0.4852 0.4709 0.4566 0.4423 0.4280 0.4137 0.3994 0.3851 0.3708 0.3565 0.3422 0.0000
0.0000 0.3422 0.3565 0.3708 0.3851 1.0000 0.4137 0.4280 0.4423 0.4566 0.8209 0.8352 0.8494 0.8635 0.8774 0.8899
0.5399 0.5274 0.5135 0.4994 0.4852 0.4709 0.4566 0.4423 0.4280 0.4137 0.3994 0.3851 0.3708 0.3565 0.3422 0.0000
0.0000 0.3412 0.3555 0.3697 0.3839 0.3981 1.0000 0.4264 0.4405 0.4545 0.4683 0.8321 0.8455 0.8582 0.5196 0.5274
0.5274 0.5196 0.5082 0.4955 0.4821 0.4683 0.4545 0.4405 0.4264 0.4122 0.3981 0.3839 0.3697 0.3555 0.3412 0.0000
0.0000 0.3393 0.3534 0.3674 0.3814 0.3954 1.0000 0.4231 0.6000 0.6000 0.6000 0.4763 0.4884 0.4994 0.5082 0.5135
0.5135 0.5082 0.4994 0.4884 0.4763 0.4635 0.4503 0.4368 0.4231 0.4093 0.3954 0.3814 0.3674 0.3534 0.3393 0.0000
0.0000 0.3364 0.3502 0.3641 0.3778 0.3915 1.0000 0.6683 0.6000 0.6000 0.6000 0.4683 0.4791 0.4884 0.4955 0.4994
0.4994 0.4955 0.4884 0.4791 0.4683 0.4566 0.4443 0.4315 0.6683 0.4050 0.3915 0.3778 0.3641 0.3502 0.3364 0.0000
0.0000 0.3325 0.3462 0.3597 0.3731 0.3864 0.3994 1.0000 0.6000 0.6000 0.6000 0.4588 0.4683 0.4763 0.4821 0.4852
0.4852 0.4821 0.4763 0.4683 0.4588 0.4482 0.4368 1.0000 0.4122 0.3994 0.3864 0.3731 0.3597 0.3462 0.3325 0.0000
0.0000 0.0000 0.3412 0.3544 0.3674 0.3802 0.3928 0.9050 1.0000 0.4280 0.4386 0.4482 0.4566 0.4635 0.4683 0.4709
0.4709 0.4683 0.4635 0.4566 0.4482 0.4386 1.0000 1.0000 0.4050 0.3928 0.3802 0.3674 0.3544 0.3412 0.0000 0.0000
0.0000 0.0000 0.3354 0.3482 0.3608 0.3731 0.3851 0.3967 1.0000 1.0000 0.4280 0.4368 0.4443 0.4503 0.4545 0.4566
0.6000 0.6000 0.6000 0.4443 0.4368 1.0000 1.0000 0.4078 0.3967 0.3851 0.3731 0.3608 0.3482 0.3354 0.0000 0.0000
0.0000 0.0000 0.0000 0.3412 0.3534 0.3652 0.3766 0.3876 0.3981 1.0000 1.0000 0.4247 0.4315 0.4368 0.4405 0.4423
0.6000 0.6000 0.6000 0.6815 1.0000 0.9168 0.4078 0.3981 0.3876 0.3766 0.3652 0.3534 0.3412 0.0000 0.0000 0.0000
0.0000 0.0000 0.0000 0.3335 0.3452 0.3565 0.3674 0.3778 0.3876 0.3967 0.4050 1.0000 1.0000 1.0000 0.6764 0.4280
0.6000 0.6000 0.6000 1.0000 0.4122 0.4050 0.3967 0.3876 0.3778 0.3674 0.3565 0.3452 0.3335 0.0000 0.0000 0.0000
0.0000 0.0000 0.0000 0.0000 0.3364 0.3472 0.3576 0.3674 0.3766 0.3851 0.3928 0.3994 0.4050 0.4093 1.0000 1.0000
1.0000 0.4122 0.4093 0.4050 0.3994 0.3928 0.3851 0.3766 0.3674 0.3576 0.3472 0.3364 0.0000 0.0000 0.0000 0.0000
0.0000 0.0000 0.0000 0.0000 0.0000 0.3373 0.3472 0.3565 0.3652 0.3731 0.3802 0.3864 0.3915 0.3954 0.3981 0.3994
0.3994 0.3981 0.3954 0.3915 0.3864 0.3802 0.3731 0.3652 0.3565 0.3472 0.3373 0.0000 0.0000 0.0000 0.0000 0.0000
0.0000 0.0000 0.0000 0.0000 0.0000 0.0000 0.3364 0.3452 0.3534 0.3608 0.3674 0.3731 0.3778 0.3814 0.3839 0.3851
0.3851 0.3839 0.3814 0.3778 0.3731 0.3674 0.3608 0.3534 0.3452 0.3364 0.0000 0.0000 0.0000 0.0000 0.0000 0.0000
0.0000 0.0000 0.0000 0.0000 0.0000 0.0000 0.0000 0.3335 0.3412 0.3482 0.3544 0.3597 0.3641 0.3674 0.3697 0.3708
0.3708 0.3697 0.3674 0.3641 0.3597 0.3544 0.3482 0.3412 0.3335 0.0000 0.0000 0.0000 0.0000 0.0000 0.0000 0.0000
0.0000 0.0000 0.0000 0.0000 0.0000 0.0000 0.0000 0.0000 0.0000 0.3354 0.3412 0.3462 0.3502 0.3534 0.3555 0.3565
0.3565 0.3555 0.3534 0.3502 0.3462 0.3412 0.3354 0.0000 0.0000 0.0000 0.0000 0.0000 0.0000 0.0000 0.0000 0.0000
0.0000 0.0000 0.0000 0.0000 0.0000 0.0000 0.0000 0.0000 0.0000 0.0000 0.0000 0.3325 0.3364 0.3393 0.3412 0.3422
0.3422 0.3412 0.3393 0.3364 0.3325 0.0000 0.0000 0.0000 0.0000 0.0000 0.0000 0.0000 0.0000 0.0000 0.0000 0.0000
0.0000 0.0000 0.0000 0.0000 0.0000 0.0000 0.0000 0.0000 0.0000 0.0000 0.0000 0.0000 0.0000 0.0000 0.0000 0.0000
0.0000 0.0000 0.0000 0.0000 0.0000 0.0000 0.0000 0.0000 0.0000 0.0000 0.0000 0.0000 0.0000 0.0000 0.0000 0.0000
0.0000 0.0000 0.0000 0.0000 0.0000 0.0000 0.0000 0.0000 0.0000 0.0000 0.0000 0.0000 0.0000 0.0000 0.0000 0.0000
0.0000 0.0000 0.0000 0.0000 0.0000 0.0000 0.0000 0.0000 0.0000 0.0000 0.0000 0.0000 0.0000 0.0000 0.0000 0.0000
0.0000 0.0000 0.0000 0.0000 0.0000 0.0000 0.0000 0.0000 0.0000 0.0000 0.0000 0.1512 0.1529 0.1542 0.1551 0.1555
0.1555 0.1551 0.1542 0.1529 0.1512 0.0000 0.0000 0.0000 0.0000 0.0000 0.0000 0.0000 0.0000 0.0000 0.0000 0.0000
0.0000 0.0000 0.0000 0.0000 0.0000 0.0000 0.0000 0.0000 0.0000 0.1525 0.1551 0.1574 0.1592 0.1606 0.1616 0.1620
0.1620 0.1616 0.1606 0.1592 0.1574 0.1551 0.1525 0.0000 0.0000 0.0000 0.0000 0.0000 0.0000 0.0000 0.0000 0.0000
0.0000 0.0000 0.0000 0.0000 0.0000 0.0000 0.0000 0.1516 0.1551 0.1583 0.1611 0.1635 0.1655 0.1670 0.1680 0.1686
0.1686 0.1680 0.1670 0.1655 0.1635 0.1611 0.1583 0.1551 0.1516 0.0000 0.0000 0.0000 0.0000 0.0000 0.0000 0.0000
0.0000 0.0000 0.0000 0.0000 0.0000 0.0000 0.1529 0.1569 0.1606 0.1640 0.1670 0.1696 0.1717 0.1734 0.1745 0.1751
0.1751 0.1745 0.1734 0.1717 0.1696 0.1670 0.1640 0.1606 0.1569 0.1529 0.0000 0.0000 0.0000 0.0000 0.0000 0.0000
0.0000 0.0000 0.0000 0.0000 0.0000 0.1533 0.1578 0.1620 0.1660 0.1696 0.1728 0.1756 0.1779 0.1797 0.1809 0.1816
0.1816 0.1809 0.1797 0.1779 0.1756 0.1728 0.1696 0.1660 0.1620 0.1578 0.1533 0.0000 0.0000 0.0000 0.0000 0.0000
0.0000 0.0000 0.0000 0.0000 0.1529 0.1578 0.1625 0.1670 0.1712 0.1751 0.1785 0.1816 0.1841 0.1860 0.1874 0.1881
0.1881 0.1874 0.1860 0.1841 0.1816 0.1785 0.1751 0.1712 0.1670 0.1625 0.1578 0.1529 0.0000 0.0000 0.0000 0.0000
0.0000 0.0000 0.0000 0.1516 0.1569 0.1620 0.1670 0.1717 0.1762 0.1803 0.1841 0.1874 0.1902 0.1923 0.1938 0.1946
0.1946 0.1938 0.1923 0.1902 0.1874 0.1841 0.1803 0.1762 0.1717 0.1670 0.1620 0.1569 0.1516 0.0000 0.0000 0.0000
0.0000 0.0000 0.0000 0.1551 0.1606 0.1660 0.1712 0.1762 0.1809 0.1854 0.1894 0.1931 0.1961 0.1985 0.2002 0.2011
0.2011 0.2002 0.1985 0.1961 0.1931 0.0500 0.0500 0.0500 0.1762 0.1712 0.1660 0.1606 0.1551 0.0000 0.0000 0.0000
0.0000 0.0000 0.1525 0.1583 0.1640 0.1696 0.1751 0.1803 0.1854 0.1902 0.1946 0.1985 0.2019 0.2047 0.2066 0.2076
0.2076 0.2066 0.2047 0.2019 0.1985 0.0500 0.0500 0.0500 0.1803 0.1751 0.1696 0.1640 0.1583 0.1525 0.0000 0.0000
0.0000 0.0000 0.1551 0.1611 0.1670 0.1728 0.1785 0.1841 0.1894 0.1946 0.1994 0.7537 0.7576 0.7607 0.2129 0.2140
0.2140 0.2129 0.2107 0.2076 0.2037 0.0500 0.0500 0.0500 0.1841 0.1785 0.1728 0.1670 0.1611 0.1551 0.0000 0.0000
0.0000 0.1512 0.1574 0.1635 0.1696 0.1756 0.4816 0.1874 0.1931 0.1985 0.7537 0.7586 0.7629 0.7665 0.7691 0.7705
0.2205 0.2191 0.2165 0.2129 0.2086 0.2037 0.1985 0.1931 0.1874 0.1816 0.1756 0.1696 0.1635 0.1574 0.1512 0.0000
0.0000 0.1529 0.1592 0.1655 0.1717 0.1779 0.6841 0.1902 0.1961 0.7519 0.7576 0.7629 0.7678 0.7720 0.7752 0.7770
0.2270 0.2252 0.2220 0.2178 0.2129 0.2076 0.2019 0.1961 0.1902 0.1841 0.1779 0.1717 0.1655 0.1592 0.1529 0.0000
0.0000 0.1542 0.1606 0.1670 0.1734 0.1797 0.5860 0.1923 0.1985 0.7547 0.7607 0.7665 0.7720 0.7770 0.7810 0.7834
0.2334 0.2310 0.2270 0.2220 0.2165 0.2107 0.2047 0.1985 0.1923 0.1860 0.1797 0.1734 0.1670 0.1606 0.1542 0.0000
0.0000 0.1551 0.1616 0.1680 0.1745 0.5809 0.2874 0.1938 0.2002 0.7566 0.7629 0.7691 0.7752 0.7810 0.7862 0.7897
0.2397 0.2362 0.2310 0.2252 0.2191 0.2129 0.2066 0.2002 0.1938 0.1874 0.1809 0.1745 0.1680 0.1616 0.1551 0.0000
0.0000 0.1555 0.1620 0.1686 0.1751 0.5816 0.1881 0.1946 0.2011 0.7576 0.7640 0.7705 0.7770 0.7834 0.7897 0.7954
0.2454 0.2397 0.2334 0.2270 0.2205 0.2140 0.2076 0.2011 0.1946 0.1881 0.1816 0.1751 0.1686 0.1620 0.1555 0.0000
0.0000 0.1555 0.1620 0.1686 0.1751 0.5816 0.1881 0.1946 0.2011 0.2076 0.7640 0.7705 0.7770 0.7834 0.7897 0.7954
0.2454 0.2397 0.2334 0.2270 0.2205 0.2140 0.2076 0.2011 0.1946 0.1881 0.1816 0.1751 0.1686 0.1620 0.1555 0.0000
0.0000 0.1551 0.1616 0.1680 0.1745 0.1809 0.5874 0.1938 0.2002 0.2066 0.2129 0.7691 0.7752 0.7810 0.2362 0.2397
0.2397 0.2362 0.2310 0.2252 0.2191 0.2129 0.2066 0.2002 0.1938 0.1874 0.1809 0.1745 0.1680 0.1616 0.1551 0.0000
0.0000 0.1542 0.1606 0.1670 0.1734 0.1797 0.6860 0.1923 0.0500 0.0500 0.0500 0.2165 0.2220 0.2270 0.2310 0.2334
0.2334 0.2310 0.2270 0.2220 0.2165 0.2107 0.2047 0.1985 0.1923 0.1860 0.1797 0.1734 0.1670 0.1606 0.1542 0.0000
0.0000 0.1529 0.1592 0.1655 0.1717 0.1779 0.5841 0.2902 0.0500 0.0500 0.0500 0.2129 0.2178 0.2220 0.2252 0.2270
0.2270 0.2252 0.2220 0.2178 0.2129 0.2076 0.2019 0.1961 0.2902 0.1841 0.1779 0.1717 0.1655 0.1592 0.1529 0.0000
0.0000 0.1512 0.1574 0.1635 0.1696 0.1756 0.1816 0.6874 0.0500 0.0500 0.0500 0.2086 0.2129 0.2165 0.2191 0.2205
0.2205 0.2191 0.2165 0.2129 0.2086 0.2037 0.1985 0.6931 0.1874 0.1816 0.1756 0.1696 0.1635 0.1574 0.1512 0.0000
0.0000 0.0000 0.1551 0.1611 0.1670 0.1728 0.1785 0.3841 0.4894 0.1946 0.1994 0.2037 0.2076 0.2107 0.2129 0.2140
0.2140 0.2129 0.2107 0.2076 0.2037 0.1994 0.4946 0.4894 0.1841 0.1785 0.1728 0.1670 0.1611 0.1551 0.0000 0.0000
0.0000 0.0000 0.1525 0.1583 0.1640 0.1696 0.1751 0.1803 0.4854 0.4902 0.1946 0.1985 0.2019 0.2047 0.2066 0.2076
0.0500 0.0500 0.0500 0.2019 0.1985 0.4946 0.4902 0.1854 0.1803 0.1751 0.1696 0.1640 0.1583 0.1525 0.0000 0.0000
0.0000 0.0000 0.0000 0.1551 0.1606 0.1660 0.1712 0.1762 0.1809 0.4854 0.6894 0.1931 0.1961 0.1985 0.2002 0.2011
0.0500 0.0500 0.0500 0.2961 0.6931 0.3894 0.1854 0.1809 0.1762 0.1712 0.1660 0.1606 0.1551 0.0000 0.0000 0.0000
0.0000 0.0000 0.0000 0.1516 0.1569 0.1620 0.1670 0.1717 0.1762 0.1803 0.1841 0.5874 0.6902 0.5923 0.2938 0.1946
0.0500 0.0500 0.0500 0.5902 0.1874 0.1841 0.1803 0.1762 0.1717 0.1670 0.1620 0.1569 0.1516 0.0000 0.0000 0.0000
0.0000 0.0000 0.0000 0.0000 0.1529 0.1578 0.1625 0.1670 0.1712 0.1751 0.1785 0.1816 0.1841 0.1860 0.5874 0.5881
0.5881 0.1874 0.1860 0.1841 0.1816 0.1785 0.1751 0.1712 0.1670 0.1625 0.1578 0.1529 0.0000 0.0000 0.0000 0.0000
0.0000 0.0000 0.0000 0.0000 0.0000 0.1533 0.1578 0.1620 0.1660 0.1696 0.1728 0.1756 0.1779 0.1797 0.1809 0.1816
0.1816 0.1809 0.1797 0.1779 0.1756 0.1728 0.1696 0.1660 0.1620 0.1578 0.1533 0.0000 0.0000 0.0000 0.0000 0.0000
0.0000 0.0000 0.0000 0.0000 0.0000 0.0000 0.1529 0.1569 0.1606 0.1640 0.1670 0.1696 0.1717 0.1734 0.1745 0.1751
0.1751 0.1745 0.1734 0.1717 0.1696 0.1670 0.1640 0.1606 0.1569 0.1529 0.0000 0.0000 0.0000 0.0000 0.0000 0.0000
0.0000 0.0000 0.0000 0.0000 0.0000 0.0000 0.0000 0.1516 0.1551 0.1583 0.1611 0.1635 0.1655 0.1670 0.1680 0.1686
0.1686 0.1680 0.1670 0.1655 0.1635 0.1611 0.1583 0.1551 0.1516 0.0000 0.0000 0.0000 0.0000 0.0000 0.0000 0.0000
0.0000 0.0000 0.0000 0.0000 0.0000 0.0000 0.0000 0.0000 0.0000 0.1525 0.1551 0.1574 0.1592 0.1606 0.1616 0.1620
0.1620 0.1616 0.1606 0.1592 0.1574 0.1551 0.1525 0.0000 0.0000 0.0000 0.0000 0.0000 0.0000 0.0000 0.0000 0.0000
0.0000 0.0000 0.0000 0.0000 0.0000 0.0000 0.0000 0.0000 0.0000 0.0000 0.0000 0.1512 0.1529 0.1542 0.1551 0.1555
0.1555 0.1551 0.1542 0.1529 0.1512 0.0000 0.0000 0.0000 0.0000 0.0000 0.0000 0.0000 0.0000 0.0000 0.0000 0.0000
0.0000 0.0000 0.0000 0.0000 0.0000 0.0000 0.0000 0.0000 0.0000 0.0000 0.0000 0.0000 0.0000 0.0000 0.0000 0.0000
0.0000 0.0000 0.0000 0.0000 0.0000 0.0000 0.0000 0.0000 0.0000 0.0000 0.0000 0.0000 0.0000 0.0000 0.0000 0.0000
0.0000 0.0000 0.0000 0.0000 0.0000 0.0000 0.0000 0.0000 0.0000 0.0000 0.0000 0.0000 0.0000 0.0000 0.0000 0.0000
0.0000 0.0000 0.0000 0.0000 0.0000 0.0000 0.0000 0.0000 0.0000 0.0000 0.0000 0.0000 0.0000 0.0000 0.0000 0.0000
0.0000 0.0000 0.0000 0.0000 0.0000 0.0000 0.0000 0.0000 0.0000 0.0000 0.0000 0.0907 0.0917 0.0925 0.0931 0.0933
0.0933 0.0931 0.0925 0.0917 0.0907 0.0000 0.0000 0.0000 0.0000 0.0000 0.0000 0.0000 0.0000 0.0000 0.0000 0.0000
0.0000 0.0000 0.0000 0.0000 0.0000 0.0000 0.0000 0.0000 0.0000 0.0915 0.0931 0.0944 0.0955 0.0964 0.0969 0.0972
0.0972 0.0969 0.0964 0.0955 0.0944 0.0931 0.0915 0.0000 0.0000 0.0000 0.0000 0.0000 0.0000 0.0000 0.0000 0.0000
0.0000 0.0000 0.0000 0.0000 0.0000 0.0000 0.0000 0.0910 0.0931 0.0950 0.0967 0.0981 0.0993 0.1002 0.1008 0.1011
0.1011 0.1008 0.1002 0.0993 0.0981 0.0967 0.0950 0.0931 0.0910 0.0000 0.0000 0.0000 0.0000 0.0000 0.0000 0.0000
0.0000 0.0000 0.0000 0.0000 0.0000 0.0000 0.0917 0.0941 0.0964 0.0984 0.1002 0.1018 0.1030 0.1040 0.1047 0.1050
0.1050 0.1047 0.1040 0.1030 0.1018 0.1002 0.0984 0.0964 0.0941 0.0917 0.0000 0.0000 0.0000 0.0000 0.0000 0.0000
0.0000 0.0000 0.0000 0.0000 0.0000 0.0920 0.0947 0.0972 0.0996 0.1018 0.1037 0.1054 0.1068 0.1078 0.1086 0.1089
0.1089 0.1086 0.1078 0.1068 0.1054 0.1037 0.1018 0.0996 0.0972 0.0947 0.0920 0.0000 0.0000 0.0000 0.0000 0.0000
0.0000 0.0000 0.0000 0.0000 0.0917 0.0947 0.0975 0.1002 0.1027 0.1050 0.1071 0.1089 0.1105 0.1116 0.1124 0.1128
0.1128 0.1124 0.1116 0.1105 0.1089 0.1071 0.1050 0.1027 0.1002 0.0975 0.0947 0.0917 0.0000 0.0000 0.0000 0.0000
0.0000 0.0000 0.0000 0.0910 0.0941 0.0972 0.1002 0.1030 0.1057 0.1082 0.1105 0.1124 0.1141 0.1154 0.1163 0.1167
0.1167 0.1163 0.1154 0.1141 0.1124 0.1105 0.1082 0.1057 0.1030 0.1002 0.0972 0.0941 0.0910 0.0000 0.0000 0.0000
0.0000 0.0000 0.0000 0.0931 0.0964 0.0996 0.1027 0.1057 0.1086 0.1112 0.1137 0.1158 0.1177 0.1191 0.1201 0.1206
0.1206 0.1201 0.1191 0.1177 0.1158 0.0500 0.0500 0.0500 0.1057 0.1027 0.0996 0.0964 0.0931 0.0000 0.0000 0.0000
0.0000 0.0000 0.0915 0.0950 0.0984 0.1018 0.1050 0.1082 0.1112 0.1141 0.1167 0.1191 0.1212 0.1228 0.1239 0.1245
0.1245 0.1239 0.1228 0.1212 0.1191 0.0500 0.0500 0.0500 0.1082 0.1050 0.1018 0.0984 0.0950 0.0915 0.0000 0.0000
0.0000 0.0000 0.0931 0.0967 0.1002 0.1037 0.1071 0.1105 0.1137 0.1167 0.1196 0.4222 0.4245 0.4264 0.1277 0.1284
0.1284 0.1277 0.1264 0.1245 0.1222 0.0500 0.0500 0.0500 0.1105 0.1071 0.1037 0.1002 0.0967 0.0931 0.0000 0.0000
0.0000 0.0907 0.0944 0.0981 0.1018 0.1054 0.1089 0.1124 0.1158 0.1191 0.4222 0.4251 0.4277 0.4299 0.4315 0.4323
0.1323 0.1315 0.1299 0.1277 0.1251 0.1222 0.1191 0.1158 0.1124 0.1089 0.1054 0.1018 0.0981 0.0944 0.0907 0.0000
0.0000 0.0917 0.0955 0.0993 0.1030 0.1068 0.1105 0.1141 0.1177 0.4212 0.4245 0.4277 0.4307 0.4332 0.4351 0.4362
0.1362 0.1351 0.1332 0.1307 0.1277 0.1245 0.1212 0.1177 0.1141 0.1105 0.1068 0.1030 0.0993 0.0955 0.0917 0.0000
0.0000 0.0925 0.0964 0.1002 0.1040 0.1078 0.1116 0.1154 0.1191 0.4228 0.4264 0.4299 0.4332 0.4362 0.4386 0.4400
0.1400 0.1386 0.1362 0.1332 0.1299 0.1264 0.1228 0.1191 0.1154 0.1116 0.1078 0.1040 0.1002 0.0964 0.0925 0.0000
0.0000 0.0931 0.0969 0.1008 0.1047 0.1086 0.1124 0.1163 0.1201 0.4239 0.4277 0.4315 0.4351 0.4386 0.4417 0.4438
0.1438 0.1417 0.1386 0.1351 0.1315 0.1277 0.1239 0.1201 0.1163 0.1124 0.1086 0.1047 0.1008 0.0969 0.0931 0.0000
0.0000 0.0933 0.0972 0.1011 0.1050 0.1089 0.1128 0.1167 0.1206 0.4245 0.4284 0.4323 0.4362 0.4400 0.4438 0.4472
0.1472 0.1438 0.1400 0.1362 0.1323 0.1284 0.1245 0.1206 0.1167 0.1128 0.1089 0.1050 0.1011 0.0972 0.0933 0.0000
0.0000 0.0933 0.0972 0.1011 0.1050 0.1089 0.1128 0.1167 0.1206 0.1245 0.4284 0.4323 0.4362 0.4400 0.4438 0.4472
0.1472 0.1438 0.1400 0.1362 0.1323 0.1284 0.1245 0.1206 0.1167 0.1128 0.1089 0.1050 0.1011 0.0972 0.0933 0.0000
0.0000 0.0931 0.0969 0.1008 0.1047 0.1086 0.1124 0.1163 0.1201 0.1239 0.1277 0.4315 0.4351 0.4386 0.1417 0.1438
0.1438 0.1417 0.1386 0.1351 0.1315 0.1277 0.1239 0.1201 0.1163 0.1124 0.1086 0.1047 0.1008 0.0969 0.0931 0.0000
0.0000 0.0925 0.0964 0.1002 0.1040 0.1078 0.1116 0.1154 0.0500 0.0500 0.0500 0.1299 0.1332 0.1362 0.1386 0.1400
0.1400 0.1386 0.1362 0.1332 0.1299 0.1264 0.1228 0.1191 0.1154 0.1116 0.1078 0.1040 0.1002 0.0964 0.0925 0.0000
0.0000 0.0917 0.0955 0.0993 0.1030 0.1068 0.1105 0.1141 0.0500 0.0500 0.0500 0.1277 0.1307 0.1332 0.1351 0.1362
0.1362 0.1351 0.1332 0.1307 0.1277 0.1245 0.1212 0.1177 0.1141 0.1105 0.1068 0.1030 0.0993 0.0955 0.0917 0.0000
0.0000 0.0907 0.0944 0.0981 0.1018 0.1054 0.1089 0.1124 0.0500 0.0500 0.0500 0.1251 0.1277 0.1299 0.1315 0.1323
0.1323 0.1315 0.1299 0.1277 0.1251 0.1222 0.1191 0.1158 0.1124 0.1089 0.1054 0.1018 0.0981 0.0944 0.0907 0.0000
0.0000 0.0000 0.0931 0.0967 0.1002 0.1037 0.1071 0.1105 0.1137 0.1167 0.1196 0.1222 0.1245 0.1264 0.1277 0.1284
0.1284 0.1277 0.1264 0.1245 0.1222 0.1196 0.1167 0.1137 0.1105 0.1071 0.1037 0.1002 0.0967 0.0931 0.0000 0.0000
0.0000 0.0000 0.0915 0.0950 0.0984 0.1018 0.1050 0.1082 0.1112 0.1141 0.1167 0.1191 0.1212 0.1228 0.1239 0.1245
0.0500 0.0500 0.0500 0.1212 0.1191 0.1167 0.1141 0.1112 0.1082 0.1050 0.1018 0.0984 0.0950 0.0915 0.0000 0.0000
0.0000 0.0000 0.0000 0.0931 0.0964 0.0996 0.1027 0.1057 0.1086 0.1112 0.1137 0.1158 0.1177 0.1191 0.1201 0.1206
0.0500 0.0500 0.0500 0.1177 0.1158 0.1137 0.1112 0.1086 0.1057 0.1027 0.0996 0.0964 0.0931 0.0000 0.0000 0.0000
0.0000 0.0000 0.0000 0.0910 0.0941 0.0972 0.1002 0.1030 0.1057 0.1082 0.1105 0.1124 0.1141 0.1154 0.1163 0.1167
0.0500 0.0500 0.0500 0.1141 0.1124 0.1105 0.1082 0.1057 0.1030 0.1002 0.0972 0.0941 0.0910 0.0000 0.0000 0.0000
0.0000 0.0000 0.0000 0.0000 0.0917 0.0947 0.0975 0.1002 0.1027 0.1050 0.1071 0.1089 0.1105 0.1116 0.1124 0.1128
0.1128 0.1124 0.1116 0.1105 0.1089 0.1071 0.1050 0.1027 0.1002 0.0975 0.0947 0.0917 0.0000 0.0000 0.0000 0.0000
0.0000 0.0000 0.0000 0.0000 0.0000 0.0920 0.0947 0.0972 0.0996 0.1018 0.1037 0.1054 0.1068 0.1078 0.1086 0.1089
0.1089 0.1086 0.1078 0.1068 0.1054 0.1037 0.1018 0.0996 0.0972 0.0947 0.0920 0.0000 0.0000 0.0000 0.0000 0.0000
0.0000 0.0000 0.0000 0.0000 0.0000 0.0000 0.0917 0.0941 0.0964 0.0984 0.1002 0.1018 0.1030 0.1040 0.1047 0.1050
0.1050 0.1047 0.1040 0.1030 0.1018 0.1002 0.0984 0.0964 0.0941 0.0917 0.0000 0.0000 0.0000 0.0000 0.0000 0.0000
0.0000 0.0000 0.0000 0.0000 0.0000 0.0000 0.0000 0.0910 0.0931 0.0950 0.0967 0.0981 0.0993 0.1002 0.1008 0.1011
0.1011 0.1008 0.1002 0.0993 0.0981 0.0967 0.0950 0.0931 0.0910 0.0000 0.0000 0.0000 0.0000 0.0000 0.0000 0.0000
0.0000 0.0000 0.0000 0.0000 0.0000 0.0000 0.0000 0.0000 0.0000 0.0915 0.0931 0.0944 0.0955 0.0964 0.0969 0.0972
0.0972 0.0969 0.0964 0.0955 0.0944 0.0931 0.0915 0.0000 0.0000 0.0000 0.0000 0.0000 0.0000 0.0000 0.0000 0.0000
0.0000 0.0000 0.0000 0.0000 0.0000 0.0000 0.0000 0.0000 0.0000 0.0000 0.0000 0.0907 0.0917 0.0925 0.0931 0.0933
0.0933 0.0931 0.0925 0.0917 0.0907 0.0000 0.0000 0.0000 0.0000 0.0000 0.0000 0.0000 0.0000 0.0000 0.0000 0.0000
0.0000 0.0000 0.0000 0.0000 0.0000 0.0000 0.0000 0.0000 0.0000 0.0000 0.0000 0.0000 0.0000 0.0000 0.0000 0.0000
0.0000 0.0000 0.0000 0.0000 0.0000 0.0000 0.0000 0.0000 0.0000 0.0000 0.0000 0.0000 0.0000 0.0000 0.0000 0.0000
