16 6 0.005 200 2.5 1 0.47 4 1 4
1.553250 2.753250 2.753250 0.0 0.0 0.0 0
1.553250 2.753250 3.246750 0.0 0.0 0.0 0
1.553250 3.246750 2.753250 0.0 0.0 0.0 0
1.553250 3.246750 3.246750 0.0 0.0 0.0 0
2.046750 2.753250 2.753250 0.0 0.0 0.0 0
2.046750 2.753250 3.246750 0.0 0.0 0.0 0
2.046750 3.246750 2.753250 0.0 0.0 0.0 0
2.046750 3.246750 3.246750 0.0 0.0 0.0 0
3.953250 2.753250 2.753250 0.0 0.0 0.0 1
3.953250 2.753250 3.246750 0.0 0.0 0.0 1
3.953250 3.246750 2.753250 0.0 0.0 0.0 1
3.953250 3.246750 3.246750 0.0 0.0 0.0 1
4.446750 2.753250 2.753250 0.0 0.0 0.0 1
4.446750 2.753250 3.246750 0.0 0.0 0.0 1
4.446750 3.246750 2.753250 0.0 0.0 0.0 1
4.446750 3.246750 3.246750 0.0 0.0 0.0 1
