24 24 2.0 3.0 3.0 0
0.0000 0.0000 0.0000 0.0000 0.0000 0.0000 0.0000 0.0000 0.0000 0.0000 0.0000 0.0000 0.0000 0.0000 0.0000 0.0000 0.0000 0.0000 0.0000 0.0000 0.0000 0.0000 0.0000 0.0000
0.0000 0.0000 0.0000 0.0000 0.0000 0.0000 0.0000 0.0000 0.0000 0.0000 0.0000 0.0000 0.0000 0.0000 0.0000 0.0000 0.0000 0.0000 0.0000 0.0000 0.0000 0.0000 0.0000 0.0000
0.0000 0.0000 6.2500 18.7500 25.0000 25.0000 25.0000 25.0000 25.0000 25.0000 25.0000 25.0000 25.0000 25.0000 25.0000 25.0000 25.0000 25.0000 25.0000 25.0000 18.7500 6.2500 0.0000 0.0000
0.0000 0.0000 18.7500 56.2500 75.0000 75.0000 75.0000 75.0000 75.0000 75.0000 75.0000 75.0000 75.0000 75.0000 75.0000 75.0000 75.0000 75.0000 75.0000 75.0000 56.2500 18.7500 0.0000 0.0000
0.0000 0.0000 25.0000 75.0000 100.0000 100.0000 100.0000 100.0000 100.0000 100.0000 100.0000 100.0000 100.0000 100.0000 100.0000 100.0000 100.0000 100.0000 100.0000 100.0000 75.0000 25.0000 0.0000 0.0000
0.0000 0.0000 25.0000 75.0000 100.0000 100.0000 100.0000 100.0000 100.0000 100.0000 100.0000 100.0000 100.0000 100.0000 100.0000 100.0000 100.0000 100.0000 100.0000 100.0000 75.0000 25.0000 0.0000 0.0000
0.0000 0.0000 25.0000 75.0000 100.0000 100.0000 100.0000 100.0000 100.0000 100.0000 100.0000 100.0000 100.0000 100.0000 100.0000 100.0000 100.0000 100.0000 100.0000 100.0000 75.0000 25.0000 0.0000 0.0000
0.0000 0.0000 25.0000 75.0000 100.0000 100.0000 100.0000 100.0000 100.0000 100.0000 100.0000 100.0000 100.0000 100.0000 100.0000 100.0000 100.0000 100.0000 100.0000 100.0000 75.0000 25.0000 0.0000 0.0000
0.0000 0.0000 25.0000 75.0000 100.0000 100.0000 100.0000 100.0000 100.0000 100.0000 100.0000 100.0000 100.0000 100.0000 100.0000 100.0000 100.0000 100.0000 100.0000 100.0000 75.0000 25.0000 0.0000 0.0000
0.0000 0.0000 25.0000 75.0000 100.0000 100.0000 100.0000 100.0000 100.0000 100.0000 100.0000 100.0000 100.0000 100.0000 100.0000 100.0000 100.0000 100.0000 100.0000 100.0000 75.0000 25.0000 0.0000 0.0000
0.0000 0.0000 25.0000 75.0000 100.0000 100.0000 100.0000 100.0000 100.0000 100.0000 100.0000 100.0000 100.0000 100.0000 100.0000 100.0000 100.0000 100.0000 100.0000 100.0000 75.0000 25.0000 0.0000 0.0000
0.0000 0.0000 25.0000 75.0000 100.0000 100.0000 100.0000 100.0000 100.0000 100.0000 100.0000 100.0000 100.0000 100.0000 100.0000 100.0000 100.0000 100.0000 100.0000 100.0000 75.0000 25.0000 0.0000 0.0000
0.0000 0.0000 25.0000 75.0000 100.0000 100.0000 100.0000 100.0000 100.0000 100.0000 100.0000 100.0000 100.0000 100.0000 100.0000 100.0000 100.0000 100.0000 100.0000 100.0000 75.0000 25.0000 0.0000 0.0000
0.0000 0.0000 25.0000 75.0000 100.0000 100.0000 100.0000 100.0000 100.0000 100.0000 100.0000 100.0000 100.0000 100.0000 100.0000 100.0000 100.0000 100.0000 100.0000 100.0000 75.0000 25.0000 0.0000 0.0000
0.0000 0.0000 25.0000 75.0000 100.0000 100.0000 100.0000 100.0000 100.0000 100.0000 100.0000 100.0000 100.0000 100.0000 100.0000 100.0000 100.0000 100.0000 100.0000 100.0000 75.0000 25.0000 0.0000 0.0000
0.0000 0.0000 25.0000 75.0000 100.0000 100.0000 100.0000 100.0000 100.0000 100.0000 100.0000 100.0000 100.0000 100.0000 100.0000 100.0000 100.0000 100.0000 100.0000 100.0000 75.0000 25.0000 0.0000 0.0000
0.0000 0.0000 25.0000 75.0000 100.0000 100.0000 100.0000 100.0000 100.0000 100.0000 100.0000 100.0000 100.0000 100.0000 100.0000 100.0000 100.0000 100.0000 100.0000 100.0000 75.0000 25.0000 0.0000 0.0000
0.0000 0.0000 25.0000 75.0000 100.0000 100.0000 100.0000 100.0000 100.0000 100.0000 100.0000 100.0000 100.0000 100.0000 100.0000 100.0000 100.0000 100.0000 100.0000 100.0000 75.0000 25.0000 0.0000 0.0000
0.0000 0.0000 25.0000 75.0000 100.0000 100.0000 100.0000 100.0000 100.0000 100.0000 100.0000 100.0000 100.0000 100.0000 100.0000 100.0000 100.0000 100.0000 100.0000 100.0000 75.0000 25.0000 0.0000 0.0000
0.0000 0.0000 25.0000 75.0000 100.0000 100.0000 100.0000 100.0000 100.0000 100.0000 100.0000 100.0000 100.0000 100.0000 100.0000 100.0000 100.0000 100.0000 100.0000 100.0000 75.0000 25.0000 0.0000 0.0000
0.0000 0.0000 18.7500 56.2500 75.0000 75.0000 75.0000 75.0000 75.0000 75.0000 75.0000 75.0000 75.0000 75.0000 75.0000 75.0000 75.0000 75.0000 75.0000 75.0000 56.2500 18.7500 0.0000 0.0000
0.0000 0.0000 6.2500 18.7500 25.0000 25.0000 25.0000 25.0000 25.0000 25.0000 25.0000 25.0000 25.0000 25.0000 25.0000 25.0000 25.0000 25.0000 25.0000 25.0000 18.7500 6.2500 0.0000 0.0000
0.0000 0.0000 0.0000 0.0000 0.0000 0.0000 0.0000 0.0000 0.0000 0.0000 0.0000 0.0000 0.0000 0.0000 0.0000 0.0000 0.0000 0.0000 0.0000 0.0000 0.0000 0.0000 0.0000 0.0000
0.0000 0.0000 0.0000 0.0000 0.0000 0.0000 0.0000 0.0000 0.0000 0.0000 0.0000 0.0000 0.0000 0.0000 0.0000 0.0000 0.0000 0.0000 0.0000 0.0000 0.0000 0.0000 0.0000 0.0000
0.0000 0.0000 0.0000 0.0000 0.0000 0.0000 0.0000 0.0000 0.0000 0.0000 0.0000 0.0000 0.0000 0.0000 0.0000 0.0000 0.0000 0.0000 0.0000 0.0000 0.0000 0.0000 0.0000 0.0000
0.0000 0.0000 0.0000 0.0000 0.0000 0.0000 0.0000 0.0000 0.0000 0.0000 0.0000 0.0000 0.0000 0.0000 0.0000 0.0000 0.0000 0.0000 0.0000 0.0000 0.0000 0.0000 0.0000 0.0000
0.0000 0.0000 6.1875 18.5625 24.7500 24.7500 24.7500 24.7500 24.7500 24.7500 24.7500 24.7500 25.2450 25.2450 25.2450 25.2450 25.2450 25.2450 25.2450 25.2450 18.9337 6.3113 0.0000 0.0000
0.0000 0.0000 18.5625 55.6875 74.2500 74.2500 74.2500 74.2500 74.2500 74.2500 74.2500 74.2500 75.7350 75.7350 75.7350 75.7350 75.7350 75.7350 75.7350 75.7350 56.8013 18.9337 0.0000 0.0000
0.0000 0.0000 24.7500 74.2500 99.0000 99.0000 99.0000 99.0000 99.0000 99.0000 99.0000 99.0000 100.9800 100.9800 100.9800 100.9800 100.9800 100.9800 100.9800 100.9800 75.7350 25.2450 0.0000 0.0000
0.0000 0.0000 24.7500 74.2500 99.0000 99.0000 99.0000 99.0000 99.0000 99.0000 99.0000 99.0000 100.9800 100.9800 100.9800 100.9800 100.9800 100.9800 100.9800 100.9800 75.7350 25.2450 0.0000 0.0000
0.0000 0.0000 24.7500 74.2500 99.0000 99.0000 99.0000 99.0000 99.0000 99.0000 99.0000 99.0000 100.9800 100.9800 100.9800 100.9800 100.9800 100.9800 100.9800 100.9800 75.7350 25.2450 0.0000 0.0000
0.0000 0.0000 24.7500 74.2500 99.0000 99.0000 99.0000 99.0000 99.0000 99.0000 99.0000 99.0000 100.9800 100.9800 100.9800 100.9800 100.9800 100.9800 100.9800 100.9800 75.7350 25.2450 0.0000 0.0000
0.0000 0.0000 24.7500 74.2500 99.0000 99.0000 99.0000 99.0000 99.0000 99.0000 99.0000 99.0000 100.9800 100.9800 100.9800 100.9800 100.9800 100.9800 100.9800 100.9800 75.7350 25.2450 0.0000 0.0000
0.0000 0.0000 24.7500 74.2500 99.0000 99.0000 99.0000 99.0000 99.0000 99.0000 99.0000 99.0000 100.9800 100.9800 100.9800 100.9800 100.9800 100.9800 100.9800 100.9800 75.7350 25.2450 0.0000 0.0000
0.0000 0.0000 24.7500 74.2500 99.0000 99.0000 99.0000 99.0000 99.0000 99.0000 99.0000 99.0000 100.9800 100.9800 100.9800 100.9800 100.9800 100.9800 100.9800 100.9800 75.7350 25.2450 0.0000 0.0000
0.0000 0.0000 24.7500 74.2500 99.0000 99.0000 99.0000 99.0000 99.0000 99.0000 99.0000 99.0000 100.9800 100.9800 100.9800 100.9800 100.9800 100.9800 100.9800 100.9800 75.7350 25.2450 0.0000 0.0000
0.0000 0.0000 24.7500 74.2500 99.0000 99.0000 99.0000 99.0000 99.0000 99.0000 99.0000 99.0000 100.9800 100.9800 100.9800 100.9800 100.9800 100.9800 100.9800 100.9800 75.7350 25.2450 0.0000 0.0000
0.0000 0.0000 24.7500 74.2500 99.0000 99.0000 99.0000 99.0000 99.0000 99.0000 99.0000 99.0000 100.9800 100.9800 100.9800 100.9800 100.9800 100.9800 100.9800 100.9800 75.7350 25.2450 0.0000 0.0000
0.0000 0.0000 24.7500 74.2500 99.0000 99.0000 99.0000 99.0000 99.0000 99.0000 99.0000 99.0000 100.9800 100.9800 100.9800 100.9800 100.9800 100.9800 100.9800 100.9800 75.7350 25.2450 0.0000 0.0000
0.0000 0.0000 24.7500 74.2500 99.0000 99.0000 99.0000 99.0000 99.0000 99.0000 99.0000 99.0000 100.9800 100.9800 100.9800 100.9800 100.9800 100.9800 100.9800 100.9800 75.7350 25.2450 0.0000 0.0000
0.0000 0.0000 24.7500 74.2500 99.0000 99.0000 99.0000 99.0000 99.0000 99.0000 99.0000 99.0000 100.9800 100.9800 100.9800 100.9800 100.9800 100.9800 100.9800 100.9800 75.7350 25.2450 0.0000 0.0000
0.0000 0.0000 24.7500 74.2500 99.0000 99.0000 99.0000 99.0000 99.0000 99.0000 99.0000 99.0000 100.9800 100.9800 100.9800 100.9800 100.9800 100.9800 100.9800 100.9800 75.7350 25.2450 0.0000 0.0000
0.0000 0.0000 24.7500 74.2500 99.0000 99.0000 99.0000 99.0000 99.0000 99.0000 99.0000 99.0000 100.9800 100.9800 100.9800 100.9800 100.9800 100.9800 100.9800 100.9800 75.7350 25.2450 0.0000 0.0000
0.0000 0.0000 24.7500 74.2500 99.0000 99.0000 99.0000 99.0000 99.0000 99.0000 99.0000 99.0000 100.9800 100.9800 100.9800 100.9800 100.9800 100.9800 100.9800 100.9800 75.7350 25.2450 0.0000 0.0000
0.0000 0.0000 18.5625 55.6875 74.2500 74.2500 74.2500 74.2500 74.2500 74.2500 74.2500 74.2500 75.7350 75.7350 75.7350 75.7350 75.7350 75.7350 75.7350 75.7350 56.8013 18.9337 0.0000 0.0000
0.0000 0.0000 6.1875 18.5625 24.7500 24.7500 24.7500 24.7500 24.7500 24.7500 24.7500 24.7500 25.2450 25.2450 25.2450 25.2450 25.2450 25.2450 25.2450 25.2450 18.9337 6.3113 0.0000 0.0000
0.0000 0.0000 0.0000 0.0000 0.0000 0.0000 0.0000 0.0000 0.0000 0.0000 0.0000 0.0000 0.0000 0.0000 0.0000 0.0000 0.0000 0.0000 0.0000 0.0000 0.0000 0.0000 0.0000 0.0000
0.0000 0.0000 0.0000 0.0000 0.0000 0.0000 0.0000 0.0000 0.0000 0.0000 0.0000 0.0000 0.0000 0.0000 0.0000 0.0000 0.0000 0.0000 0.0000 0.0000 0.0000 0.0000 0.0000 0.0000
