16 16 8
-0.00025079 -0.00025161 -0.00025979 -0.00028446 -0.00032472 -0.00041175 -0.00051677 -0.00061666 -0.00066652 -0.00061957 -0.00052217 -0.00041844 -0.00033342 -0.00029116 -0.00026519 -0.00025453
-0.00024549 -0.00024709 -0.00026051 -0.00029823 -0.00039587 -0.00055607 -0.00080474 -0.00106123 -0.00116308 -0.00106528 -0.00081240 -0.00056672 -0.00040600 -0.00030888 -0.00026817 -0.00025113
-0.00021369 -0.00021228 -0.00022408 -0.00028048 -0.00041661 -0.00072793 -0.00122137 -0.00179864 -0.00212956 -0.00180687 -0.00123703 -0.00074852 -0.00044087 -0.00030108 -0.00023974 -0.00022052
-0.00013880 -0.00012735 -0.00011137 -0.00015339 -0.00034022 -0.00078649 -0.00160805 -0.00289826 -0.00361179 -0.00291640 -0.00164344 -0.00083585 -0.00039271 -0.00020274 -0.00014676 -0.00014548
-0.00000581 0.00005089 0.00013266 0.00017977 0.00003283 -0.00047810 -0.00155583 -0.00323743 0.00116996 -0.00327630 -0.00163388 -0.00058813 -0.00009340 0.00006974 0.00005461 0.00001203
0.00021972 0.00034304 0.00062078 0.00089938 0.00089440 0.00044328 -0.00049590 -0.00185073 -0.00259819 -0.00192787 -0.00065796 0.00020154 0.00062354 0.00065764 0.00045872 0.00026590
0.00050499 0.00076257 0.00137735 0.00214615 0.00258579 0.00207870 0.00122817 0.00052712 0.00022090 0.00039222 0.00092980 0.00160780 0.00201761 0.00167525 0.00107898 0.00062767
0.00076492 0.00119099 0.00223816 0.00406242 0.00513021 0.00438173 0.00304483 0.00284689 0.00292876 0.00265046 0.00258687 0.00354773 0.00409293 0.00322842 0.00178020 0.00099456
0.00091138 0.00134305 0.00275093 0.00509996 -0.00104994 0.00562776 0.00412572 0.00405944 -0.00021364 0.00383817 0.00357640 0.00459392 -0.00082220 0.00406612 0.00220160 0.00112178
0.00077511 0.00120516 0.00226699 0.00412590 0.00526623 0.00465171 0.00351699 0.00353440 0.00370322 0.00333797 0.00305902 0.00381772 0.00422895 0.00329190 0.00180902 0.00100873
0.00052390 0.00078938 0.00143215 0.00227003 0.00285897 0.00264591 0.00227243 0.00212999 0.00214354 0.00199509 0.00197407 0.00217501 0.00229079 0.00179913 0.00113379 0.00065448
0.00024315 0.00038031 0.00069287 0.00107213 0.00127953 0.00128937 0.00115224 0.00106826 0.00102025 0.00099112 0.00099018 0.00104763 0.00100867 0.00083039 0.00053081 0.00030317
0.00002462 0.00008636 0.00021756 0.00036350 0.00047465 0.00046990 0.00043281 0.00039305 0.00037288 0.00035418 0.00035476 0.00035987 0.00034841 0.00025347 0.00013951 0.00004750
-0.00011537 -0.00009007 -0.00003928 0.00001937 0.00004491 0.00005960 0.00004010 0.00002073 0.00000664 0.00000259 0.00000470 0.00001024 -0.00000758 -0.00002999 -0.00007467 -0.00010821
-0.00019479 -0.00018547 -0.00016927 -0.00015660 -0.00014343 -0.00016072 -0.00017710 -0.00019577 -0.00020692 -0.00020401 -0.00019276 -0.00018132 -0.00016768 -0.00017720 -0.00018493 -0.00019371
-0.00023529 -0.00023291 -0.00023169 -0.00023475 -0.00025984 -0.00028608 -0.00033259 -0.00037372 -0.00038862 -0.00037777 -0.00034025 -0.00029673 -0.00026998 -0.00024540 -0.00023935 -0.00023696
-0.00025834 -0.00025894 -0.00026464 -0.00027897 -0.00032270 -0.00037586 -0.00046420 -0.00055092 -0.00058150 -0.00055299 -0.00046808 -0.00038139 -0.00032697 -0.00028450 -0.00026852 -0.00026101
-0.00025451 -0.00025568 -0.00026563 -0.00029752 -0.00035820 -0.00050357 -0.00071852 -0.00095852 -0.00108911 -0.00096141 -0.00072395 -0.00051038 -0.00036745 -0.00030433 -0.00027106 -0.00025857
-0.00023182 -0.00023042 -0.00023898 -0.00027683 -0.00040281 -0.00065753 -0.00115564 -0.00179441 -0.00207024 -0.00180035 -0.00116702 -0.00067337 -0.00041814 -0.00029267 -0.00025035 -0.00023635
-0.00017992 -0.00016536 -0.00015847 -0.00018808 -0.00033205 -0.00075661 -0.00165516 -0.00272896 -0.00331255 -0.00274228 -0.00168129 -0.00079229 -0.00037420 -0.00022375 -0.00018460 -0.00017869
-0.00007170 -0.00004038 0.00004563 0.00008108 -0.00004541 -0.00055260 -0.00161767 -0.00302195 -0.01011558 -0.00305141 -0.00167802 -0.00064077 -0.00014140 -0.00000709 -0.00001472 -0.00006983
0.00009137 0.00020338 0.00045237 0.00073279 0.00079608 0.00030832 -0.00072055 -0.00184731 -0.00242857 -0.00190866 -0.00085460 0.00010167 0.00054969 0.00052614 0.00031832 0.00014203
0.00032293 0.00056065 0.00119886 0.00207338 0.00242852 0.00201645 0.00106304 0.00033043 0.00005373 0.00021657 0.00079139 0.00155602 0.00189012 0.00161295 0.00092721 0.00044679
0.00055557 0.00094071 0.00214742 0.00365194 0.00456567 0.00395880 0.00302830 0.00250655 0.00248673 0.00233269 0.00257828 0.00319576 0.00363450 0.00288890 0.00169740 0.00076684
0.00061838 0.00116931 0.00253469 0.00454029 0.01474214 0.00505610 0.00390434 0.00364308 0.00913829 0.00343678 0.00337739 0.00412865 0.01179018 0.00361285 0.00200773 0.00096301
0.00056281 0.00095083 0.00216819 0.00369858 0.00466876 0.00417353 0.00342681 0.00311507 0.00320877 0.00294120 0.00297678 0.00341049 0.00373759 0.00293555 0.00171817 0.00077697
0.00033651 0.00057965 0.00123866 0.00216483 0.00263973 0.00248563 0.00201381 0.00190551 0.00189807 0.00179165 0.00174216 0.00202520 0.00210133 0.00170440 0.00096701 0.00046579
0.00011073 0.00022721 0.00050781 0.00085766 0.00110465 0.00103159 0.00089097 0.00082332 0.00081751 0.00076197 0.00075691 0.00082494 0.00085827 0.00065101 0.00037376 0.00016586
-0.00005675 -0.00000801 0.00009928 0.00022860 0.00029056 0.00030973 0.00026673 0.00023712 0.00021627 0.00020767 0.00020639 0.00022157 0.00019457 0.00014044 0.00003894 -0.00003747
-0.00016056 -0.00014153 -0.00010303 -0.00006320 -0.00002347 -0.00003335 -0.00004365 -0.00005833 -0.00006648 -0.00007165 -0.00006978 -0.00006902 -0.00006562 -0.00009888 -0.00012916 -0.00015485
-0.00021824 -0.00021142 -0.00019919 -0.00018538 -0.00019160 -0.00018835 -0.00020487 -0.00021934 -0.00022590 -0.00022527 -0.00021624 -0.00020419 -0.00020693 -0.00020122 -0.00021056 -0.00021735
-0.00024728 -0.00024556 -0.00024485 -0.00025088 -0.00025511 -0.00028885 -0.00032002 -0.00035000 -0.00036706 -0.00035289 -0.00032545 -0.00029566 -0.00026436 -0.00025769 -0.00025028 -0.00024845
-0.00027637 -0.00027705 -0.00027786 -0.00029655 -0.00030597 -0.00030696 -0.00030519 -0.00031486 -0.00032281 -0.00031483 -0.00030499 -0.00030323 -0.00030088 -0.00029282 -0.00027766 -0.00027702
-0.00027672 -0.00027629 -0.00027576 -0.00025957 -0.00026105 -0.00029853 -0.00039832 -0.00056028 -0.00064672 -0.00056036 -0.00039864 -0.00030255 -0.00026648 -0.00026359 -0.00027608 -0.00027637
-0.00027481 -0.00027721 -0.00027622 -0.00030305 -0.00032947 -0.00041946 -0.00073008 -0.00150528 -0.00213840 -0.00150540 -0.00073018 -0.00041566 -0.00032423 -0.00029925 -0.00027632 -0.00027733
-0.00026117 -0.00028541 -0.00025309 -0.00026389 -0.00025081 -0.00052951 -0.00147803 -0.00547283 -0.00921697 -0.00547363 -0.00148008 -0.00053760 -0.00026118 -0.00027198 -0.00025513 -0.00028620
-0.00024806 -0.00027845 -0.00021868 -0.00027418 -0.00025947 -0.00061524 -0.00206128 -0.00921047 -0.00584333 -0.00921342 -0.00206891 -0.00062285 -0.00026838 -0.00028178 -0.00022632 -0.00028140
-0.00023468 -0.00022599 -0.00008545 0.00012168 0.00025782 -0.00011272 -0.00121067 -0.00518394 -0.00889047 -0.00519514 -0.00124596 -0.00019731 0.00014745 0.00003709 -0.00012074 -0.00023719
-0.00020673 -0.00009162 0.00037327 0.00146306 0.00235760 0.00144638 0.00030839 -0.00026543 -0.00047071 -0.00029879 0.00017863 0.00109876 0.00182965 0.00111544 0.00024351 -0.00012498
-0.00021943 0.00019108 0.00143573 0.00722609 0.01253949 0.00741661 0.00236743 0.00436221 0.00709733 0.00428564 0.00201569 0.00592755 0.00997181 0.00573703 0.00108399 0.00011451
-0.00021140 0.00033259 0.00232519 0.01259473 0.00773188 0.01288433 0.00389748 0.00798154 0.00457627 0.00788156 0.00336448 0.01032580 0.00612559 0.01003620 0.00179220 0.00023261
-0.00021953 0.00019136 0.00143614 0.00722887 0.01254983 0.00745581 0.00248420 0.00463021 0.00744725 0.00455364 0.00213246 0.00596675 0.00998214 0.00573981 0.00108440 0.00011479
-0.00020744 -0.00009050 0.00037361 0.00147023 0.00238432 0.00156990 0.00076255 0.00096566 0.00139479 0.00093230 0.00063279 0.00122228 0.00185636 0.00112261 0.00024385 -0.00012386
-0.00024773 -0.00021192 -0.00009876 0.00015001 0.00028445 0.00018333 0.00000600 0.00002777 0.00006437 0.00001657 -0.00002929 0.00009874 0.00017408 0.00006543 -0.00013405 -0.00022312
-0.00026585 -0.00025943 -0.00023705 -0.00023789 -0.00022827 -0.00022894 -0.00021344 -0.00022356 -0.00022132 -0.00022651 -0.00022107 -0.00023654 -0.00023719 -0.00024550 -0.00024468 -0.00026238
-0.00027422 -0.00027134 -0.00026639 -0.00023555 -0.00022419 -0.00023346 -0.00026136 -0.00026112 -0.00026213 -0.00026192 -0.00026341 -0.00024155 -0.00023455 -0.00024365 -0.00026844 -0.00027213
-0.00027553 -0.00027610 -0.00027588 -0.00029588 -0.00030276 -0.00029594 -0.00027592 -0.00027419 -0.00027290 -0.00027431 -0.00027602 -0.00029214 -0.00029751 -0.00029208 -0.00027597 -0.00027621
-0.00027682 -0.00027600 -0.00027535 -0.00025680 -0.00025071 -0.00025933 -0.00028156 -0.00029228 -0.00029680 -0.00029236 -0.00028188 -0.00026335 -0.00025615 -0.00026082 -0.00027567 -0.00027608
-0.00029187 -0.00029850 -0.00028176 -0.00033525 -0.00060672 -0.00023673 -0.00008690 0.00004074 0.00033263 0.00004321 -0.00008415 -0.00021919 -0.00052720 -0.00031771 -0.00027901 -0.00029603
-0.00030124 -0.00029446 -0.00029393 -0.00019398 0.00019761 0.00000852 0.00016740 0.00030662 -0.00009580 0.00030908 0.00017401 0.00000285 0.00012862 -0.00019965 -0.00028733 -0.00029199
-0.00032088 -0.00032457 -0.00030976 -0.00034334 -0.00059748 0.00004380 0.00056844 0.00135256 0.00280254 0.00135898 0.00057848 0.00007370 -0.00049396 -0.00031345 -0.00029972 -0.00031815
-0.00033751 -0.00042429 -0.00035760 -0.00033603 0.00040328 0.00015423 0.00124437 -0.00088723 -0.01071155 -0.00087450 0.00127215 0.00017258 0.00033651 -0.00031767 -0.00032983 -0.00041156
-0.00020956 -0.00079742 -0.00027335 -0.00113972 -0.00072865 -0.00098968 0.00263383 -0.01140481 -0.10261930 -0.01137454 0.00269187 -0.00087772 -0.00048206 -0.00102776 -0.00021532 -0.00076714
-0.00061739 -0.00078248 -0.00098309 -0.00113902 -0.00004153 -0.00079049 0.00028980 -0.00169098 -0.01119045 -0.00163101 0.00042727 -0.00062361 -0.00004197 -0.00097214 -0.00084561 -0.00072251
-0.00085141 -0.00114285 -0.00167766 -0.00286068 -0.00518439 -0.00280262 -0.00154790 -0.00089045 -0.00036084 -0.00077434 -0.00128838 -0.00229782 -0.00420326 -0.00235587 -0.00141814 -0.00102674
-0.00136148 -0.00118526 -0.00302718 0.00035629 0.01446518 0.00011324 -0.00399058 -0.00025159 0.00770074 -0.00010060 -0.00350906 -0.00000330 0.01144394 0.00023976 -0.00254567 -0.00103427
-0.00274972 0.00017770 -0.00591202 0.01524722 0.14357827 0.01514673 -0.00835000 0.00937372 0.08525903 0.00944253 -0.00746964 0.01221201 0.11452970 0.01231250 -0.00503166 0.00024652
-0.00137015 -0.00119389 -0.00304964 0.00031173 0.01435923 -0.00009667 -0.00439697 -0.00078004 0.00745988 -0.00062905 -0.00391546 -0.00021320 0.01133798 0.00019519 -0.00256813 -0.00104290
-0.00086103 -0.00116598 -0.00171281 -0.00295789 -0.00538750 -0.00328377 -0.00245623 -0.00257576 -0.00344212 -0.00245964 -0.00219670 -0.00277897 -0.00440637 -0.00245309 -0.00145328 -0.00104986
-0.00067878 -0.00076264 -0.00108771 -0.00120327 -0.00043339 -0.00137455 -0.00147701 -0.00128311 -0.00091893 -0.00122314 -0.00133953 -0.00120768 -0.00043382 -0.00103639 -0.00095024 -0.00070267
-0.00048788 -0.00055596 -0.00063565 -0.00090602 -0.00159171 -0.00098817 -0.00080012 -0.00083046 -0.00094932 -0.00080018 -0.00074209 -0.00087621 -0.00134512 -0.00079406 -0.00057762 -0.00052569
-0.00039889 -0.00040445 -0.00046223 -0.00040027 0.00001142 -0.00042984 -0.00052243 -0.00047936 -0.00044003 -0.00046663 -0.00049465 -0.00041148 -0.00005535 -0.00038192 -0.00043445 -0.00039172
-0.00033050 -0.00034769 -0.00034491 -0.00044056 -0.00080059 -0.00043735 -0.00033989 -0.00033274 -0.00027874 -0.00032633 -0.00032985 -0.00040746 -0.00069707 -0.00041067 -0.00033487 -0.00034127
-0.00030991 -0.00030309 -0.00031639 -0.00023855 0.00009165 -0.00020138 -0.00023900 -0.00022184 -0.00033665 -0.00021937 -0.00023239 -0.00020705 0.00002267 -0.00024422 -0.00030978 -0.00030062
-0.00030960 -0.00029295 -0.00030522 -0.00010754 0.00058196 0.00003731 0.00001580 0.00005321 -0.00040367 0.00005525 0.00002306 0.00001254 0.00042999 -0.00013231 -0.00029796 -0.00029091
-0.00030311 -0.00031361 -0.00028239 -0.00041315 -0.00097439 -0.00007031 0.00049008 0.00127205 0.00261279 0.00127712 0.00049602 -0.00002667 -0.00079692 -0.00036951 -0.00027645 -0.00030854
-0.00034483 -0.00033686 -0.00033953 -0.00008661 0.00086259 0.00058076 0.00164241 0.00347937 0.00272822 0.00348688 0.00166092 0.00056565 0.00069998 -0.00010172 -0.00032101 -0.00032935
-0.00051754 -0.00033607 -0.00056384 -0.00048418 -0.00151416 0.00083674 0.00317215 0.01886276 0.04788038 0.01888367 0.00320834 0.00093693 -0.00122308 -0.00038399 -0.00052765 -0.00031516
-0.00114910 -0.00003195 -0.00145339 0.00027233 -0.00017932 0.00257960 0.00143253 0.04829835 0.00043959 0.04834148 0.00153048 0.00265727 -0.00033646 0.00034999 -0.00135545 0.00001119
-0.00091185 -0.00094639 -0.00160198 -0.00254381 -0.00513267 -0.00146705 0.00156520 0.01708165 0.04540361 0.01718395 0.00179100 -0.00097660 -0.00414744 -0.00205336 -0.00137618 -0.00084409
-0.00124811 -0.00162847 -0.00337983 -0.00571122 -0.00400280 -0.00561267 -0.00308876 -0.00108977 -0.00087879 -0.00089266 -0.00250662 -0.00453527 -0.00326416 -0.00463382 -0.00279769 -0.00143136
-0.00092779 -0.00329759 -0.00556363 -0.02874460 -0.07048443 -0.02957255 -0.00806869 -0.01829477 -0.03971190 -0.01789944 -0.00697024 -0.02400129 -0.05640696 -0.02317334 -0.00446518 -0.00290226
0.00156057 -0.00691580 -0.00286019 -0.07207800 0.00006515 -0.07401561 -0.00524289 -0.04826965 0.00005292 -0.04757346 -0.00433439 -0.06014038 0.00038438 -0.05820277 -0.00195169 -0.00621961
-0.00093492 -0.00331532 -0.00558992 -0.02881779 -0.07063540 -0.02993059 -0.00875859 -0.01967842 -0.04214857 -0.01928309 -0.00766013 -0.02435933 -0.05655792 -0.02324653 -0.00449147 -0.00291999
-0.00127353 -0.00164927 -0.00344463 -0.00583791 -0.00434561 -0.00640296 -0.00512624 -0.00493435 -0.00405855 -0.00473724 -0.00454410 -0.00532556 -0.00360697 -0.00476051 -0.00286249 -0.00145215
-0.00082514 -0.00109915 -0.00154910 -0.00289449 -0.00540450 -0.00318364 -0.00220570 -0.00241776 -0.00315968 -0.00231546 -0.00197990 -0.00269319 -0.00441927 -0.00240403 -0.00132330 -0.00099685
-0.00061720 -0.00065309 -0.00088428 -0.00074643 0.00037066 -0.00086870 -0.00115270 -0.00097280 -0.00067769 -0.00092967 -0.00105476 -0.00079103 0.00021353 -0.00066877 -0.00078633 -0.00060996
-0.00043083 -0.00048883 -0.00051096 -0.00083485 -0.00178599 -0.00087985 -0.00059876 -0.00063665 -0.00068291 -0.00061574 -0.00056256 -0.00077966 -0.00149492 -0.00073466 -0.00047477 -0.00046792
-0.00037024 -0.00035766 -0.00040433 -0.00021330 0.00051978 -0.00020954 -0.00039508 -0.00036521 -0.00045154 -0.00035770 -0.00037656 -0.00022465 0.00035718 -0.00022841 -0.00038582 -0.00035015
-0.00031024 -0.00033134 -0.00030868 -0.00048634 -0.00112536 -0.00042835 -0.00019981 -0.00011160 0.00017611 -0.00010653 -0.00019387 -0.00038470 -0.00094789 -0.00044269 -0.00030274 -0.00032627
-0.00029187 -0.00029850 -0.00028176 -0.00033525 -0.00060672 -0.00023673 -0.00008690 0.00004074 0.00033263 0.00004321 -0.00008415 -0.00021919 -0.00052720 -0.00031771 -0.00027901 -0.00029603
-0.00030124 -0.00029446 -0.00029393 -0.00019398 0.00019761 0.00000852 0.00016740 0.00030662 -0.00009580 0.00030908 0.00017401 0.00000285 0.00012862 -0.00019965 -0.00028733 -0.00029199
-0.00032088 -0.00032457 -0.00030976 -0.00034334 -0.00059748 0.00004380 0.00056844 0.00135256 0.00280254 0.00135898 0.00057848 0.00007370 -0.00049396 -0.00031345 -0.00029972 -0.00031815
-0.00033751 -0.00042429 -0.00035760 -0.00033603 0.00040328 0.00015423 0.00124437 -0.00088723 -0.01071155 -0.00087450 0.00127215 0.00017258 0.00033651 -0.00031767 -0.00032983 -0.00041156
-0.00020956 -0.00079742 -0.00027335 -0.00113972 -0.00072865 -0.00098968 0.00263383 -0.01140481 -0.10261930 -0.01137454 0.00269187 -0.00087772 -0.00048206 -0.00102776 -0.00021532 -0.00076714
-0.00061739 -0.00078248 -0.00098309 -0.00113902 -0.00004153 -0.00079049 0.00028980 -0.00169098 -0.01119045 -0.00163101 0.00042727 -0.00062361 -0.00004197 -0.00097214 -0.00084561 -0.00072251
-0.00085141 -0.00114285 -0.00167766 -0.00286068 -0.00518439 -0.00280262 -0.00154790 -0.00089045 -0.00036084 -0.00077434 -0.00128838 -0.00229782 -0.00420326 -0.00235587 -0.00141814 -0.00102674
-0.00136148 -0.00118526 -0.00302718 0.00035629 0.01446518 0.00011324 -0.00399058 -0.00025159 0.00770074 -0.00010060 -0.00350906 -0.00000330 0.01144394 0.00023976 -0.00254567 -0.00103427
-0.00274972 0.00017770 -0.00591202 0.01524722 0.14357827 0.01514673 -0.00835000 0.00937372 0.08525903 0.00944253 -0.00746964 0.01221201 0.11452970 0.01231250 -0.00503166 0.00024652
-0.00137015 -0.00119389 -0.00304964 0.00031173 0.01435923 -0.00009667 -0.00439697 -0.00078004 0.00745988 -0.00062905 -0.00391546 -0.00021320 0.01133798 0.00019519 -0.00256813 -0.00104290
-0.00086103 -0.00116598 -0.00171281 -0.00295789 -0.00538750 -0.00328377 -0.00245623 -0.00257576 -0.00344212 -0.00245964 -0.00219670 -0.00277897 -0.00440637 -0.00245309 -0.00145328 -0.00104986
-0.00067878 -0.00076264 -0.00108771 -0.00120327 -0.00043339 -0.00137455 -0.00147701 -0.00128311 -0.00091893 -0.00122314 -0.00133953 -0.00120768 -0.00043382 -0.00103639 -0.00095024 -0.00070267
-0.00048788 -0.00055596 -0.00063565 -0.00090602 -0.00159171 -0.00098817 -0.00080012 -0.00083046 -0.00094932 -0.00080018 -0.00074209 -0.00087621 -0.00134512 -0.00079406 -0.00057762 -0.00052569
-0.00039889 -0.00040445 -0.00046223 -0.00040027 0.00001142 -0.00042984 -0.00052243 -0.00047936 -0.00044003 -0.00046663 -0.00049465 -0.00041148 -0.00005535 -0.00038192 -0.00043445 -0.00039172
-0.00033050 -0.00034769 -0.00034491 -0.00044056 -0.00080059 -0.00043735 -0.00033989 -0.00033274 -0.00027874 -0.00032633 -0.00032985 -0.00040746 -0.00069707 -0.00041067 -0.00033487 -0.00034127
-0.00030991 -0.00030309 -0.00031639 -0.00023855 0.00009165 -0.00020138 -0.00023900 -0.00022184 -0.00033665 -0.00021937 -0.00023239 -0.00020705 0.00002267 -0.00024422 -0.00030978 -0.00030062
-0.00027637 -0.00027705 -0.00027786 -0.00029655 -0.00030597 -0.00030696 -0.00030519 -0.00031486 -0.00032281 -0.00031483 -0.00030499 -0.00030323 -0.00030088 -0.00029282 -0.00027766 -0.00027702
-0.00027672 -0.00027629 -0.00027576 -0.00025957 -0.00026105 -0.00029853 -0.00039832 -0.00056028 -0.00064672 -0.00056036 -0.00039864 -0.00030255 -0.00026648 -0.00026359 -0.00027608 -0.00027637
-0.00027481 -0.00027721 -0.00027622 -0.00030305 -0.00032947 -0.00041946 -0.00073008 -0.00150528 -0.00213840 -0.00150540 -0.00073018 -0.00041566 -0.00032423 -0.00029925 -0.00027632 -0.00027733
-0.00026117 -0.00028541 -0.00025309 -0.00026389 -0.00025081 -0.00052951 -0.00147803 -0.00547283 -0.00921697 -0.00547363 -0.00148008 -0.00053760 -0.00026118 -0.00027198 -0.00025513 -0.00028620
-0.00024806 -0.00027845 -0.00021868 -0.00027418 -0.00025947 -0.00061524 -0.00206128 -0.00921047 -0.00584333 -0.00921342 -0.00206891 -0.00062285 -0.00026838 -0.00028178 -0.00022632 -0.00028140
-0.00023468 -0.00022599 -0.00008545 0.00012168 0.00025782 -0.00011272 -0.00121067 -0.00518394 -0.00889047 -0.00519514 -0.00124596 -0.00019731 0.00014745 0.00003709 -0.00012074 -0.00023719
-0.00020673 -0.00009162 0.00037327 0.00146306 0.00235760 0.00144638 0.00030839 -0.00026543 -0.00047071 -0.00029879 0.00017863 0.00109876 0.00182965 0.00111544 0.00024351 -0.00012498
-0.00021943 0.00019108 0.00143573 0.00722609 0.01253949 0.00741661 0.00236743 0.00436221 0.00709733 0.00428564 0.00201569 0.00592755 0.00997181 0.00573703 0.00108399 0.00011451
-0.00021140 0.00033259 0.00232519 0.01259473 0.00773188 0.01288433 0.00389748 0.00798154 0.00457627 0.00788156 0.00336448 0.01032580 0.00612559 0.01003620 0.00179220 0.00023261
-0.00021953 0.00019136 0.00143614 0.00722887 0.01254983 0.00745581 0.00248420 0.00463021 0.00744725 0.00455364 0.00213246 0.00596675 0.00998214 0.00573981 0.00108440 0.00011479
-0.00020744 -0.00009050 0.00037361 0.00147023 0.00238432 0.00156990 0.00076255 0.00096566 0.00139479 0.00093230 0.00063279 0.00122228 0.00185636 0.00112261 0.00024385 -0.00012386
-0.00024773 -0.00021192 -0.00009876 0.00015001 0.00028445 0.00018333 0.00000600 0.00002777 0.00006437 0.00001657 -0.00002929 0.00009874 0.00017408 0.00006543 -0.00013405 -0.00022312
-0.00026585 -0.00025943 -0.00023705 -0.00023789 -0.00022827 -0.00022894 -0.00021344 -0.00022356 -0.00022132 -0.00022651 -0.00022107 -0.00023654 -0.00023719 -0.00024550 -0.00024468 -0.00026238
-0.00027422 -0.00027134 -0.00026639 -0.00023555 -0.00022419 -0.00023346 -0.00026136 -0.00026112 -0.00026213 -0.00026192 -0.00026341 -0.00024155 -0.00023455 -0.00024365 -0.00026844 -0.00027213
-0.00027553 -0.00027610 -0.00027588 -0.00029588 -0.00030276 -0.00029594 -0.00027592 -0.00027419 -0.00027290 -0.00027431 -0.00027602 -0.00029214 -0.00029751 -0.00029208 -0.00027597 -0.00027621
-0.00027682 -0.00027600 -0.00027535 -0.00025680 -0.00025071 -0.00025933 -0.00028156 -0.00029228 -0.00029680 -0.00029236 -0.00028188 -0.00026335 -0.00025615 -0.00026082 -0.00027567 -0.00027608
-0.00025834 -0.00025894 -0.00026464 -0.00027897 -0.00032270 -0.00037586 -0.00046420 -0.00055092 -0.00058150 -0.00055299 -0.00046808 -0.00038139 -0.00032697 -0.00028450 -0.00026852 -0.00026101
-0.00025451 -0.00025568 -0.00026563 -0.00029752 -0.00035820 -0.00050357 -0.00071852 -0.00095852 -0.00108911 -0.00096141 -0.00072395 -0.00051038 -0.00036745 -0.00030433 -0.00027106 -0.00025857
-0.00023182 -0.00023042 -0.00023898 -0.00027683 -0.00040281 -0.00065753 -0.00115564 -0.00179441 -0.00207024 -0.00180035 -0.00116702 -0.00067337 -0.00041814 -0.00029267 -0.00025035 -0.00023635
-0.00017992 -0.00016536 -0.00015847 -0.00018808 -0.00033205 -0.00075661 -0.00165516 -0.00272896 -0.00331255 -0.00274228 -0.00168129 -0.00079229 -0.00037420 -0.00022375 -0.00018460 -0.00017869
-0.00007170 -0.00004038 0.00004563 0.00008108 -0.00004541 -0.00055260 -0.00161767 -0.00302195 -0.01011558 -0.00305141 -0.00167802 -0.00064077 -0.00014140 -0.00000709 -0.00001472 -0.00006983
0.00009137 0.00020338 0.00045237 0.00073279 0.00079608 0.00030832 -0.00072055 -0.00184731 -0.00242857 -0.00190866 -0.00085460 0.00010167 0.00054969 0.00052614 0.00031832 0.00014203
0.00032293 0.00056065 0.00119886 0.00207338 0.00242852 0.00201645 0.00106304 0.00033043 0.00005373 0.00021657 0.00079139 0.00155602 0.00189012 0.00161295 0.00092721 0.00044679
0.00055557 0.00094071 0.00214742 0.00365194 0.00456567 0.00395880 0.00302830 0.00250655 0.00248673 0.00233269 0.00257828 0.00319576 0.00363450 0.00288890 0.00169740 0.00076684
0.00061838 0.00116931 0.00253469 0.00454029 0.01474214 0.00505610 0.00390434 0.00364308 0.00913829 0.00343678 0.00337739 0.00412865 0.01179018 0.00361285 0.00200773 0.00096301
0.00056281 0.00095083 0.00216819 0.00369858 0.00466876 0.00417353 0.00342681 0.00311507 0.00320877 0.00294120 0.00297678 0.00341049 0.00373759 0.00293555 0.00171817 0.00077697
0.00033651 0.00057965 0.00123866 0.00216483 0.00263973 0.00248563 0.00201381 0.00190551 0.00189807 0.00179165 0.00174216 0.00202520 0.00210133 0.00170440 0.00096701 0.00046579
0.00011073 0.00022721 0.00050781 0.00085766 0.00110465 0.00103159 0.00089097 0.00082332 0.00081751 0.00076197 0.00075691 0.00082494 0.00085827 0.00065101 0.00037376 0.00016586
-0.00005675 -0.00000801 0.00009928 0.00022860 0.00029056 0.00030973 0.00026673 0.00023712 0.00021627 0.00020767 0.00020639 0.00022157 0.00019457 0.00014044 0.00003894 -0.00003747
-0.00016056 -0.00014153 -0.00010303 -0.00006320 -0.00002347 -0.00003335 -0.00004365 -0.00005833 -0.00006648 -0.00007165 -0.00006978 -0.00006902 -0.00006562 -0.00009888 -0.00012916 -0.00015485
-0.00021824 -0.00021142 -0.00019919 -0.00018538 -0.00019160 -0.00018835 -0.00020487 -0.00021934 -0.00022590 -0.00022527 -0.00021624 -0.00020419 -0.00020693 -0.00020122 -0.00021056 -0.00021735
-0.00024728 -0.00024556 -0.00024485 -0.00025088 -0.00025511 -0.00028885 -0.00032002 -0.00035000 -0.00036706 -0.00035289 -0.00032545 -0.00029566 -0.00026436 -0.00025769 -0.00025028 -0.00024845
