30 45 0.06428243 32 1.00000000 30
0 0 0 0 0 0 2 8 5 8 10 8 6 22 57 106 158 157 198 184 191 203 215 231 173 207 202 222 215 213 151 94 39 8 11 10 5 10 7 0 0 0 0 0 0
0 0 0 0 0 0 4 6 14 8 6 8 7 18 84 131 167 169 191 182 193 186 186 192 200 212 166 177 196 179 129 122 54 11 9 9 9 5 2 2 0 0 0 0 0
0 0 0 1 3 3 2 3 5 8 10 5 5 13 69 139 161 206 178 175 236 194 206 177 220 180 197 183 170 178 155 127 67 34 8 4 9 6 3 4 2 0 0 0 0
0 0 0 1 2 2 3 3 5 3 1 10 9 16 99 117 151 157 201 191 198 199 191 186 199 179 187 179 174 156 154 116 110 56 15 11 7 3 5 2 3 1 0 0 0
0 0 0 1 3 1 2 3 5 5 7 9 5 12 94 96 153 157 194 196 198 213 217 190 187 217 171 181 150 158 137 113 100 87 15 6 3 4 2 1 3 2 2 1 0
0 1 2 1 2 1 2 8 2 5 4 3 11 14 89 126 144 153 183 208 217 227 179 206 184 188 183 164 163 160 117 113 94 77 11 5 3 2 3 0 3 1 1 3 0
0 2 0 2 0 8 0 1 5 6 8 5 6 21 86 108 166 188 184 181 215 226 193 202 203 190 191 185 168 154 133 111 91 93 22 6 4 6 3 3 4 2 1 2 1
0 3 1 1 1 1 2 3 7 1 5 9 7 15 74 128 153 152 165 177 214 246 209 222 172 190 198 153 143 176 130 117 114 67 23 6 8 5 7 5 1 4 2 1 0
0 2 2 2 1 1 3 2 4 7 2 7 7 19 65 117 191 155 193 178 218 226 224 165 229 211 192 180 170 162 124 120 92 70 11 4 9 2 2 1 5 3 0 1 0
0 0 0 1 0 2 5 5 2 2 3 5 5 9 66 130 133 184 181 178 209 216 199 212 214 195 181 164 154 188 134 98 105 70 7 7 1 5 2 3 5 0 1 0 0
0 0 2 0 2 5 5 6 4 4 4 6 9 17 78 124 143 176 212 182 212 204 196 206 195 176 167 187 162 160 158 142 95 36 2 5 4 3 4 6 1 1 0 0 0
0 0 1 2 2 2 2 4 6 9 8 4 14 10 89 124 153 147 191 189 197 212 209 197 204 191 177 169 194 195 180 121 71 14 4 9 5 8 0 2 0 1 2 0 0
0 0 0 3 1 4 5 9 6 5 11 7 6 19 84 123 125 190 195 236 192 203 217 230 197 212 183 185 242 216 185 103 48 5 4 6 3 5 4 3 2 1 0 0 0
0 0 0 0 0 2 7 4 9 7 4 6 10 14 89 130 152 167 170 183 183 235 237 205 204 187 194 213 215 244 165 89 6 12 8 8 2 5 1 2 0 0 0 0 0
0 0 0 0 0 0 5 6 6 8 7 6 6 21 62 138 141 189 175 199 205 194 227 223 195 207 189 253 238 215 155 41 3 7 10 10 8 7 2 3 0 0 0 0 0
0 0 0 0 0 0 2 6 10 10 5 8 6 23 68 119 153 156 195 209 198 219 218 193 198 208 238 239 238 223 125 24 4 8 11 13 17 5 5 0 0 0 0 0 0
0 0 0 0 0 1 5 10 10 7 4 10 4 16 60 121 159 159 188 201 192 190 231 204 229 239 260 238 247 201 76 15 9 9 6 3 6 2 6 4 0 0 0 0 0
0 0 0 0 2 1 7 3 4 6 6 5 10 19 86 134 139 172 163 184 205 227 223 203 256 275 261 240 232 109 78 12 7 8 10 5 4 5 4 0 1 0 0 0 0
0 0 0 1 1 2 4 8 6 6 7 6 9 12 74 128 147 166 160 215 204 189 229 251 232 263 250 251 144 127 73 20 7 5 6 3 2 4 2 2 1 0 0 0 0
0 1 0 3 2 1 4 4 3 3 10 8 6 12 76 108 146 149 187 175 183 210 274 272 307 310 220 171 140 99 82 15 12 0 8 3 5 8 4 4 1 1 1 0 0
0 0 1 1 0 1 4 1 8 2 8 7 8 20 83 135 145 184 172 188 221 269 278 292 283 256 238 174 161 122 58 26 10 10 3 4 2 3 4 2 3 2 0 0 0
0 0 0 3 3 5 3 3 5 8 3 6 4 27 73 116 138 179 204 194 263 319 283 297 253 202 173 160 137 143 83 11 4 15 7 6 3 4 2 3 4 0 2 0 1
1 0 1 2 1 2 5 3 3 8 4 2 1 17 79 116 175 155 177 250 236 294 299 286 223 202 173 166 171 133 75 18 6 2 5 4 4 3 3 4 1 1 2 1 1
1 0 0 0 3 3 6 1 2 7 6 5 10 24 69 121 176 156 220 262 277 277 250 267 189 197 177 163 179 124 81 17 4 11 5 6 8 3 2 2 1 1 3 1 2
0 3 1 0 1 4 2 3 5 5 4 5 5 27 72 126 153 239 263 263 277 257 273 189 200 175 193 168 149 102 74 20 8 5 4 8 6 1 6 5 3 2 1 0 1
0 0 0 3 3 6 4 9 1 6 3 7 4 12 87 124 187 271 245 265 267 275 198 223 194 210 193 170 135 135 68 13 6 5 7 9 8 6 6 0 0 1 0 0 0
0 1 0 1 3 2 1 4 3 12 2 6 10 10 95 139 251 255 259 268 234 197 221 221 187 209 220 161 153 118 100 9 10 8 5 10 4 4 3 5 3 2 2 0 0
0 0 0 0 2 2 3 3 5 7 7 8 11 19 106 208 237 258 227 249 211 188 153 231 193 199 177 182 161 120 97 16 15 9 6 4 7 3 0 4 2 3 0 0 0
0 0 0 0 1 0 3 3 8 3 7 7 10 28 152 196 270 230 228 195 210 219 217 214 198 181 188 159 169 128 74 8 10 5 7 7 3 4 3 0 0 0 0 0 0
0 0 0 0 0 1 3 1 15 7 11 10 8 70 141 198 221 223 224 198 186 208 193 218 194 179 189 200 169 126 64 20 8 3 5 6 15 6 3 1 0 0 0 0 0
