64 24 50
# SYNTHETIC DEER ensemble (project 2.35). 16/64 frames are true matches at r=3.5 nm; rest are decoys. NOT real EPR data.
1
-0.33676 -0.12786 -0.15271
0.02163 0.67294 0.00189
-0.08352 -0.03912 -0.06045
0.04342 0.07674 -0.70449
0.06446 0.04643 0.29414
0.05204 0.02965 -0.16162
0.14595 0.36424 0.58943
-0.06985 -0.36284 -0.43137
-0.33651 0.43682 -0.25915
-0.17772 0.04851 0.18033
0.42894 0.08851 -0.22646
-0.07789 0.27701 -0.02082
-0.07942 0.45060 -0.41096
-0.21709 -0.12212 0.24302
0.08383 -0.26303 -0.15391
-0.39135 -0.33670 -0.13994
-0.35919 -0.21974 0.29415
-0.37738 -0.17489 0.25992
-0.11999 -0.08679 -0.04194
0.22028 -0.20517 0.24473
-0.10048 -0.17384 -0.05476
0.35242 0.13854 0.18670
-0.04385 -0.34687 0.11718
-0.28826 -0.26626 -0.12779
3.32927 0.15306 0.00764
3.83285 -0.32626 -0.01074
3.43495 -0.15670 0.03901
3.63353 -0.30570 0.11340
3.51777 -0.19251 0.32946
3.52360 0.04659 0.13044
3.67711 0.33365 -0.02276
3.30761 0.11329 -0.07422
3.21577 -0.29709 0.35413
3.99111 0.05433 0.41359
3.52627 -0.09692 -0.18510
3.48839 -0.39116 0.21887
3.61817 -0.35590 -0.15290
3.40513 0.17619 -0.15292
3.43276 -0.29378 -0.19361
3.70781 -0.00575 0.09268
3.69474 -0.08955 -0.34600
3.48432 -0.18916 -0.17813
3.28836 0.37932 0.62354
3.34277 0.12070 -0.08113
3.64565 -0.17211 -0.02048
3.20832 0.12301 0.27394
3.64275 0.07033 -0.26207
3.85813 0.43472 0.17202
1
0.11500 -0.05448 -0.13017
-0.31025 -0.10847 0.17981
-0.14864 -0.30784 0.02944
0.07822 -0.26693 0.19643
-0.04457 -0.19939 -0.02184
0.21760 0.22598 -0.16036
0.67292 -0.47476 0.05128
0.01828 -0.45460 -0.09103
-0.06884 -0.27143 0.30710
0.41860 -0.32202 -0.34197
0.11536 -0.22473 -0.04648
0.06415 0.40945 0.25537
-0.10762 0.44358 0.49518
-0.30274 -0.28108 0.13803
0.15153 -0.11648 -0.12372
0.20438 0.00322 -0.05892
0.17241 -0.26204 -0.20736
0.05380 -0.10849 0.16057
-0.00551 -0.01070 -0.15492
-0.15356 -0.04512 -0.06166
-0.32265 -0.57095 -0.12240
0.34435 0.47694 0.11398
-0.53979 0.55500 -0.11388
0.20435 0.09008 0.10122
3.36100 -0.11873 0.28914
3.55132 -0.66265 0.09885
3.60343 0.32813 0.25821
3.48123 0.12025 -0.07396
3.31647 -0.42743 0.01859
3.75982 -0.13136 -0.02538
3.27019 -0.31541 0.07741
3.79067 0.09068 -0.20088
3.25147 0.01550 0.20002
3.56674 0.23024 0.03387
3.62300 0.16524 0.01238
3.45776 0.55536 -0.09855
3.45015 -0.12751 0.24042
3.84804 -0.43720 -0.40092
3.56705 0.04614 0.00969
2.81442 0.06898 0.10028
3.52706 -0.16673 -0.14375
3.66254 -0.05793 -0.28699
3.75337 0.44116 0.06059
3.66511 -0.20744 -0.05171
3.85491 -0.03715 -0.57338
3.24500 -0.32548 0.13988
3.20817 -0.50893 -0.39025
3.05078 0.21666 0.06706
1
0.11180 -0.07793 -0.05086
-0.16121 -0.28000 -0.01134
-0.09577 -0.07926 0.04113
-0.21627 0.08734 0.09093
0.20705 0.39339 0.27305
0.23565 -0.17675 0.28405
-0.12003 -0.15289 0.21315
-0.34340 -0.19906 -0.47722
-0.10719 -0.17709 0.01567
0.01807 -0.56871 -0.05829
0.29059 0.13909 -0.18566
-0.13104 0.26501 0.29353
-0.22273 0.29227 -0.13062
-0.18345 -0.15657 -0.05082
-0.00829 -0.12767 -0.15589
0.03756 0.40288 -0.07932
-0.16417 0.41619 0.05307
-0.12892 0.19254 -0.10417
-0.00186 -0.26655 0.12061
0.26144 -0.08602 0.41117
0.05740 0.13965 -0.30420
-0.18579 0.06493 0.02517
-0.08116 -0.34643 0.07132
0.08970 0.00163 -0.33526
3.37185 0.01979 -0.05476
3.63707 -0.05941 0.06189
3.23236 -0.18737 -0.13193
3.66854 -0.19064 0.07679
3.29734 -0.47866 0.22927
3.11756 0.00383 0.16674
3.60744 0.17220 0.36114
3.08885 0.34764 0.08776
3.30401 0.60212 0.11197
3.52292 0.19246 -0.45262
3.55587 -0.22686 0.27921
3.72964 -0.30753 0.00924
3.23867 0.02748 0.26494
3.76576 -0.32093 -0.03853
3.65705 0.13568 -0.27865
3.67438 0.19236 0.44568
3.53685 0.22869 0.27395
3.37535 0.21195 0.14895
3.54785 0.06103 -0.09730
3.16983 0.10150 -0.56499
3.34521 -0.21816 -0.13574
3.24196 -0.50066 -0.04043
3.32471 -0.05460 0.08115
3.50415 0.19878 -0.30705
1
0.50423 0.12656 0.05787
-0.07452 -0.03108 0.53945
-0.07347 0.01420 -0.26759
0.36421 -0.02614 -0.13238
0.00050 0.25384 0.22879
-0.11814 -0.70910 -0.19844
-0.24576 0.18649 0.11707
0.30774 -0.28724 0.15843
-0.18175 -0.02668 -0.17569
-0.06064 -0.01481 0.16558
-0.57354 0.10295 -0.13986
-0.21254 0.15060 0.35724
-0.33306 0.10462 -0.13872
0.07719 0.30619 0.06845
0.20095 0.08070 0.14844
0.29654 -0.17514 -0.49917
-0.21916 -0.05346 0.04432
-0.20013 -0.11287 0.66762
0.16346 0.12707 -0.27580
-0.21951 -0.11644 0.17617
0.14411 -0.06375 -0.10472
0.27344 -0.09336 -0.20751
-0.37467 -0.35985 0.40849
0.19730 0.22889 0.39951
3.78713 0.30993 0.51491
3.17327 0.25790 -0.04036
3.63134 0.48812 0.07691
3.38471 0.08970 0.08446
3.44774 0.11568 -0.11263
3.45924 0.13353 0.52551
3.61006 0.24187 0.17837
3.55654 -0.23143 0.01844
3.73403 0.03573 0.05675
3.33569 -0.10788 0.04628
3.61610 -0.06200 0.12878
3.11237 -0.18006 0.19951
3.33579 -0.11574 0.35338
3.84139 -0.20792 -0.14183
3.47801 0.17613 0.14491
3.55237 -0.07157 -0.24289
3.41655 -0.21274 -0.21006
3.33909 -0.45684 -0.11453
3.79074 0.03150 0.30907
3.57027 0.08905 -0.01658
3.61227 0.11046 0.10415
2.59352 0.47813 -0.22115
3.14395 0.35528 0.12464
3.46439 0.01024 0.23192
1
0.42831 0.24276 0.00063
-0.26715 0.03169 -0.43585
0.00802 -0.01599 0.27970
0.17232 0.34708 0.31303
0.11989 -0.20579 -0.34814
0.18713 0.00314 -0.00351
0.28435 -0.03876 0.52710
0.01417 0.10457 -0.01572
-0.36037 -0.57233 0.09239
0.27252 -0.25149 0.17697
0.07727 0.09657 0.00152
0.07676 0.08685 -0.25181
0.68809 -0.18430 0.09254
0.00192 0.32553 0.11973
-0.15960 -0.00592 0.05764
-0.24198 0.13242 -0.13790
-0.55751 -0.09578 0.07053
0.32932 0.07469 0.33162
0.18504 0.31938 -0.00019
-0.34559 -0.17588 -0.11804
-0.12923 -0.41275 -0.00039
0.14833 0.05640 -0.27861
-0.13158 0.04915 0.34290
-0.07548 -0.04634 -0.35504
3.07891 0.10729 0.14439
3.35666 0.27772 0.46677
4.02858 -0.52605 0.67589
3.38344 -0.05795 -0.21906
3.20804 -0.26747 -0.25024
3.44538 0.47398 0.60516
3.73925 0.32457 0.08005
3.78134 -0.02221 0.09351
3.64248 -0.04246 0.39946
3.50079 -0.07151 0.13602
3.49633 -0.07492 -0.27870
3.21525 -0.03492 -0.32161
3.84536 0.08710 -0.12675
3.48767 0.51567 0.01335
3.63458 0.25087 0.09050
3.59259 0.06396 0.25493
3.51925 0.23770 0.04202
3.61662 -0.03059 0.46120
3.66038 -0.06514 0.19769
3.53402 0.45129 0.19162
3.44801 0.03069 0.41543
3.46895 0.33326 -0.07383
3.41453 0.14099 -0.23453
3.71903 0.09930 0.10472
1
0.51588 0.31972 -0.21253
0.06879 -0.00744 0.02441
0.09175 -0.12343 0.19445
0.15562 -0.00053 0.12105
-0.03614 -0.05209 0.17783
0.42279 0.09284 -0.16015
-0.09506 -0.17379 -0.01589
0.03799 0.31762 0.28452
0.07580 -0.66183 -0.00283
-0.35167 0.16441 0.01552
0.10966 -0.04262 -0.10644
-0.10485 -0.54371 0.03028
0.09998 0.33554 0.34465
0.08806 -0.17666 -0.11052
0.36486 -0.26454 0.04375
-0.39410 -0.09467 0.46070
-0.21672 0.06047 -0.45440
-0.22102 0.10048 -0.17337
0.35928 -0.02716 -0.16747
-0.45449 -0.03272 -0.02291
-0.12027 -0.45344 -0.30172
0.32662 0.25566 0.48083
0.29820 0.01005 -0.18235
0.38690 -0.52582 0.15410
3.37651 0.24237 -0.07105
3.76759 0.49437 0.33555
3.68206 0.53071 -0.00611
3.07222 -0.07089 0.45071
2.92493 0.72579 0.07967
3.52919 -0.20327 -0.02138
3.94049 0.05168 0.04008
3.16675 -0.18027 -0.39874
3.50388 -0.19241 -0.20942
3.29375 -0.10165 -0.21452
3.76254 0.06930 0.09664
3.73689 -0.17323 0.26218
3.38180 -0.37868 -0.38726
3.66372 0.40787 -0.02993
3.21090 -0.25622 -0.00487
3.31987 0.29379 -0.02379
3.37050 0.31477 0.00736
3.41222 -0.30767 0.12207
3.64029 0.09502 0.16587
3.34406 0.36661 -0.21301
3.49273 0.02230 0.17111
3.16115 0.21200 0.22986
3.34443 -0.25930 -0.24555
3.25890 -0.35473 0.25455
1
-0.22515 0.04443 0.17656
-0.05414 -0.27426 -0.32568
-0.23761 -0.22592 -0.37337
0.04068 -0.01485 0.03012
-0.34117 -0.11258 0.11473
-0.04272 -0.09266 0.11045
0.03316 -0.16745 -0.04836
-0.00528 -0.15270 -0.14556
-0.16094 0.33734 0.09901
0.29594 0.06458 -0.04345
-0.17361 -0.06478 0.24228
-0.31444 -0.06712 0.38232
0.41696 0.08759 -0.04419
0.49674 0.49866 -0.12408
-0.10312 -0.39202 -0.15446
0.24300 -0.28832 -0.18426
0.45738 0.02815 -0.26467
-0.22241 -0.22439 -0.20139
-0.14321 0.19431 -0.21127
0.16690 -0.26126 -0.27009
-0.01692 -0.05532 -0.24445
-0.04288 0.07395 0.04355
0.35068 0.18161 0.00749
0.75168 0.38039 0.07589
3.60487 0.01448 0.25340
3.73360 0.03939 0.19882
3.71858 -0.00676 -0.05464
3.51738 -0.13805 0.16714
3.39517 -0.47210 -0.13313
3.41158 -0.46135 0.23402
3.78926 0.20128 0.17707
3.43574 -0.05055 0.16080
3.04725 -0.35988 -0.20256
3.70967 -0.35743 0.17034
3.38598 -0.35622 -0.05445
3.86679 -0.16908 -0.11472
3.24245 0.06580 -0.18749
3.56898 -0.20085 0.33971
3.40196 -0.04698 -0.07338
3.57340 -0.07834 0.45059
3.66011 0.09197 0.00038
3.01765 -0.10390 -0.08931
3.37287 0.29113 -0.26896
3.60322 0.61957 -0.49273
3.15541 0.19349 -0.21028
3.64732 0.10654 -0.06170
3.60121 0.16187 -0.62581
3.21203 -0.11365 -0.12875
1
-0.17289 -0.12228 0.24034
0.20845 0.11896 0.45605
0.26781 0.01663 0.30964
-0.53611 -0.59245 -0.95837
-0.41252 -0.16623 -0.15822
0.10521 -0.00921 0.36540
-0.06203 0.16246 0.07871
-0.16194 0.64875 -0.54875
-0.36183 -0.19671 0.34139
0.20947 0.36918 0.25056
0.20943 0.15779 0.03239
-0.19035 -0.19536 0.06853
-0.31809 -0.10090 -0.09259
0.25783 -0.15100 0.87409
0.06797 0.12490 0.14290
-0.03382 -0.15774 -0.04558
-0.42349 -0.27506 -0.11088
0.04687 0.37998 -0.29309
-0.23123 0.10029 0.49041
-0.08856 -0.57235 0.35539
0.00508 0.01205 -0.09744
-0.40610 -0.06883 -0.65054
-0.22143 0.22291 -0.05596
0.26197 0.18657 -0.21898
3.34286 0.20923 -0.20196
3.56179 0.02919 0.35070
3.80516 -0.13914 -0.24360
3.29353 0.12992 0.16445
3.90986 -0.02889 -0.24490
3.67812 -0.09753 -0.25874
3.72879 -0.01637 -0.23437
3.38844 0.12552 -0.04161
3.29894 0.05186 0.27004
3.03836 -0.28433 -0.13062
3.65587 0.27985 -0.17468
3.97813 -0.00628 -0.18068
3.07300 0.03294 0.08650
3.80532 -0.33860 0.42117
3.32198 0.05640 0.23224
3.51008 0.02224 -0.14968
2.97220 0.42366 -0.26714
3.35855 0.34079 0.30933
3.78504 -0.14155 -0.33624
3.76592 0.09330 -0.03193
3.72968 0.11590 -0.40560
3.74342 0.09335 0.22679
3.57694 -0.27811 -0.26093
3.75686 -0.18945 -0.01274
1
0.34663 -0.09793 -0.01878
0.07315 -0.05729 -0.40526
0.14213 -0.06781 -0.13620
-0.12155 0.55884 -0.60881
-0.01913 -0.06347 0.14731
-0.07111 -0.09755 0.24003
0.21911 0.24578 -0.25339
0.08919 -0.01534 -0.32768
0.10117 -0.37148 0.25782
0.08243 -0.22734 0.12808
0.17116 -0.20235 0.03834
0.29051 0.36848 0.47837
0.24200 -0.57838 0.13931
0.47518 -0.10927 0.05807
-0.02708 -0.01267 0.34023
-0.11203 -0.25101 0.05248
0.04463 -0.36627 0.42180
0.17990 0.02852 0.26780
0.20341 0.25210 0.14788
-0.15535 0.28280 0.21076
-0.11249 0.29220 0.14015
-0.08394 -0.08087 0.14805
0.05964 -0.11879 0.13381
-0.25061 -0.04211 0.46185
3.40825 -0.18040 -0.01373
3.90548 0.77548 -0.03383
3.12132 0.51362 -0.00906
3.39820 -0.20248 -0.13506
3.34216 -0.60144 0.24000
3.65629 0.61841 0.11438
3.30580 0.35458 -0.17286
3.29279 0.25181 0.03274
3.38901 0.00451 0.18072
3.53588 0.06879 0.18398
3.71200 -0.09761 0.10483
3.64900 0.26590 -0.12890
3.59259 -0.03769 -0.24283
3.42684 0.04420 0.00987
3.68108 -0.05236 0.15024
3.43084 0.15664 0.19316
3.62879 -0.09804 -0.10241
3.28724 0.27761 0.05211
3.37400 -0.17323 0.15393
3.29303 0.01985 -0.04098
3.62245 0.20627 0.05282
3.69807 -0.04670 0.26128
3.84938 0.08473 -0.02277
3.67527 -0.12959 -0.06674
1
0.36575 0.17918 0.27097
0.48417 -0.06909 -0.29879
0.20990 -0.17576 -0.35558
-0.13245 0.38444 -0.07576
0.01621 -0.18962 0.01827
-0.10883 0.56680 -0.43343
0.08931 0.10408 0.53486
0.25110 -0.05881 -0.00975
-0.38887 0.02356 0.53602
-0.60848 -0.10068 0.19792
-0.08032 0.22747 0.09182
0.22862 -0.49612 -0.21868
-0.35827 0.08410 -0.05146
-0.02032 0.36547 0.46228
-0.23711 -0.45060 -0.31849
0.27834 0.06514 -0.02018
0.28836 0.13118 0.24264
0.02793 -0.24121 -0.28785
0.25304 0.11270 0.02798
0.44103 -0.16921 -0.06460
-0.07047 -0.39803 0.06127
-0.05781 -0.16535 -0.23077
-0.37597 0.24570 0.06267
-0.33614 -0.15138 0.27665
3.52621 -0.09035 -0.00536
3.33769 0.10093 0.25143
4.12688 0.17958 -0.18773
3.58081 -0.01890 -0.22185
3.94436 -0.04878 0.00613
3.37868 -0.09199 0.29367
3.41747 0.37836 0.07438
3.80547 -0.25043 0.14287
3.59081 -0.10997 -0.25935
3.57096 0.17354 -0.44257
3.28731 0.16167 -0.14398
3.57543 -0.06168 -0.38147
3.48379 -0.09995 -0.65077
3.64165 0.42977 0.18160
3.76390 -0.08578 0.09514
3.74037 -0.04953 0.23306
3.22042 -0.12098 -0.17966
3.68608 -0.09667 0.11445
3.51789 0.28975 -0.16189
3.44605 -0.08112 -0.06860
3.45352 -0.15273 0.18671
3.48736 -0.02556 0.40213
3.66961 0.16101 -0.42194
3.62200 -0.20543 0.14788
1
-0.22684 -0.25469 -0.36762
0.17979 -0.10024 0.02623
0.11642 -0.16327 0.50946
-0.12582 0.72339 -0.08119
0.07273 -0.01847 -0.20968
0.18116 0.27541 0.05128
0.11025 0.14089 0.15339
0.49830 0.51080 0.08789
0.19180 -0.38590 0.20623
-0.05189 -0.22793 -0.12314
0.10615 0.05434 -0.04933
0.04096 0.02969 -0.47736
-0.26663 0.28466 -0.16812
0.11751 0.15098 -0.48687
-0.21173 -0.13387 0.20203
0.03789 -0.19061 0.18414
-0.37557 0.01077 0.02117
0.25391 0.18107 0.00581
-0.08796 0.14428 0.13945
-0.31597 0.09008 0.13738
0.11861 0.04254 0.05425
0.22053 -0.39606 -0.21667
0.01020 -0.22922 -0.05795
-0.23327 0.28492 0.13435
3.74469 -0.00413 -0.05484
3.27160 0.03728 0.09927
3.21752 0.07311 0.03728
3.95750 -0.37375 0.17009
3.64537 0.37484 0.31980
3.52688 0.20220 0.25917
3.23997 -0.05235 -0.19322
3.97399 0.55217 0.28704
3.14996 0.00442 -0.25463
3.13260 -0.42595 -0.17893
3.39418 0.51834 -0.24844
3.48524 0.24171 0.24742
3.85733 0.18935 -0.41655
3.42740 -0.44218 0.34172
3.18186 -0.38324 0.37301
3.76932 0.01682 -0.09594
3.03845 -0.42847 0.07575
3.33957 0.20280 0.13002
3.56096 -0.03634 0.39580
3.52058 -0.06955 -0.14310
3.66669 -0.43156 0.15085
3.53540 -0.03751 -0.02234
3.43035 0.19815 -0.13058
2.91956 -0.36380 0.07484
1
0.31765 -0.44219 -0.14404
0.09400 0.14762 -0.17798
-0.29829 0.40240 -0.19974
0.18053 -0.23877 -0.35562
-0.15529 -0.11117 0.31829
0.07991 -0.12667 0.28275
0.07704 0.26259 0.05651
0.50594 0.10712 -0.00161
-0.16159 -0.23535 -0.41850
-0.51567 -0.32395 0.00899
-0.04672 -0.16864 0.00155
0.04180 -0.24963 0.05802
0.00115 0.07394 -0.24456
-0.28473 0.30930 0.42076
-0.38743 0.12357 -0.09032
-0.23371 0.01150 -0.51710
-0.14011 0.22380 0.27611
0.15477 -0.20458 -0.16468
-0.34641 -0.18577 -0.26950
-0.06288 0.00533 -0.13441
-0.13879 -0.26080 0.07248
-0.12238 0.08843 -0.01222
-0.07019 0.20080 0.37748
-0.29015 -0.32067 0.29407
3.49319 0.28435 0.40956
3.65216 -0.44368 -0.28471
3.72149 0.39179 0.13470
3.37403 -0.38754 0.47022
3.61722 -0.12540 0.21528
3.70395 -0.01434 -0.34649
4.02866 -0.27361 -0.16805
3.08947 0.36719 -0.57858
3.73198 0.23909 0.59030
3.30642 -0.14546 -0.17254
3.48576 0.14552 0.41462
3.88482 -0.59377 0.07603
4.08858 -0.55279 -0.04855
3.40801 -0.17731 -0.29844
3.48671 0.18304 0.45150
3.42712 -0.04397 -0.51078
3.13593 -0.02379 0.21329
3.18386 -0.08314 0.01741
3.74370 -0.14455 0.27423
3.72524 -0.38087 -0.02076
3.15077 -0.02245 0.20425
2.90110 -0.19925 -0.15758
3.34517 -0.15800 -0.24943
3.43603 -0.07003 0.44075
1
0.62026 0.18402 0.49210
-0.28597 -0.08140 0.34364
0.45019 -0.05907 -0.52582
0.05540 0.08358 0.30297
-0.29466 0.44804 0.23077
0.14541 0.19624 0.01808
0.13186 0.13736 -0.35605
-0.45065 0.23318 -0.00324
0.16055 -0.07687 -0.22574
0.14631 -0.08920 -0.08261
0.30248 -0.12019 -0.58769
-0.11138 0.26270 -0.20169
0.10015 -0.10049 0.13771
0.22483 -0.21029 0.20983
0.26797 -0.20644 0.40012
-0.17715 0.00710 -0.16142
-0.39067 0.15294 0.06962
-0.16817 0.14049 0.22108
-0.70850 -0.11105 -0.31486
0.43471 0.36532 0.40121
0.42855 0.26460 0.25958
-0.44664 0.02401 0.31826
-0.06623 0.30139 -0.39204
-0.40647 -0.14198 -0.16149
3.88912 0.17822 -0.18035
3.67626 0.08551 0.07415
3.53507 -0.29232 0.42674
3.34862 0.00523 0.28409
3.84812 0.03085 0.52511
3.87295 0.09414 -0.07116
3.36419 0.16808 -0.14774
3.25490 0.26251 -0.00045
3.46159 -0.13342 0.27827
3.40041 0.02097 -0.46129
3.59059 -0.08571 0.35746
3.06833 -0.23223 0.37658
3.67231 0.24510 0.21734
3.81259 0.09674 0.06830
3.27126 -0.09284 -0.19544
3.79006 0.12727 0.14731
3.36269 0.05902 0.48987
3.73445 -0.22289 0.03263
3.23733 0.48603 0.18437
3.45003 0.17417 -0.22268
3.32497 -0.15883 0.30675
3.49590 0.06125 0.28533
3.48882 -0.13154 0.58671
3.56254 -0.25315 -0.39724
1
-0.07628 -0.22429 -0.44268
0.02142 -0.15133 0.17796
0.08737 0.09083 -0.12106
0.00602 0.11059 -0.19835
0.06077 0.08694 -0.14121
-0.70220 -0.26831 0.06956
-0.45294 0.06996 -0.28651
-0.06571 0.09060 0.38335
-0.01746 0.24710 0.32944
0.07027 -0.03744 0.46437
-0.04966 -0.33685 0.06392
0.05805 0.11595 -0.07385
0.02802 -0.01800 0.09989
0.54035 0.15455 0.15293
0.60517 -0.31521 -0.15510
0.02836 0.14885 0.02590
0.26797 0.16964 0.24503
0.06747 0.13454 0.03496
0.04950 -0.06889 0.16791
0.35080 -0.37108 0.30810
0.33110 0.03135 -0.24616
0.33227 -0.21791 -0.23683
0.35434 -0.12960 0.00125
-0.41437 -0.39571 0.06611
3.28457 0.06966 0.13936
3.54678 0.13114 -0.41182
3.77840 -0.02676 0.03104
3.27403 0.20799 -0.31135
3.90935 -0.33005 -0.11243
3.05451 0.06619 -0.04994
3.48890 -0.07327 0.13412
3.23813 0.25033 0.35395
3.56284 -0.19773 0.03898
2.62201 0.56269 -0.33559
3.52800 -0.13866 -0.03687
3.37807 0.17144 0.27226
3.29352 0.48295 0.11248
3.76626 0.03654 0.05239
3.69168 0.00588 0.24412
3.28655 0.06113 -0.23886
3.62876 -0.08896 -0.00712
3.63817 0.01301 -0.28471
2.97697 0.17625 -0.07545
3.72833 0.02934 -0.21016
3.13819 -0.04615 -0.00060
3.33025 -0.07212 0.11348
3.80265 0.24262 -0.29098
3.63635 0.17403 0.62888
1
-0.16102 0.50084 -0.23863
0.00109 0.03104 -0.12703
-0.16392 -0.20728 -0.07775
-0.23351 0.01429 -0.03684
-0.08874 0.38738 0.20340
-0.07535 -0.32914 0.26557
0.42188 -0.18542 -0.01560
0.21451 -0.00662 0.01577
0.13756 0.12040 -0.17979
0.03909 -0.00484 0.23287
0.35203 -0.23247 0.45527
-0.04234 0.32722 -0.03980
-0.05374 0.37001 -0.21836
0.07338 -0.03978 0.29385
0.27100 0.33060 0.13763
0.22835 0.02207 0.35355
-0.16186 0.05001 0.10588
0.11114 -0.01193 0.11418
0.22946 -0.11066 0.13304
-0.41216 -0.42727 0.13955
0.18516 0.35484 -0.31087
0.06868 0.17268 -0.09761
0.13523 -0.00688 -0.19062
-0.30336 0.25344 0.14070
3.84744 0.11277 0.00602
3.71426 -0.21476 -0.33960
3.81735 -0.24184 0.27144
3.79922 -0.22986 -0.07069
4.09876 -0.40055 -0.17848
3.41873 0.10216 -0.04169
4.21633 -0.14866 -0.34146
3.48438 0.24397 0.05805
3.40207 -0.09221 -0.29816
3.53160 -0.44768 0.05877
3.38819 0.22557 -0.14672
4.20143 -0.02519 0.06460
4.04229 -0.11121 0.01580
3.18435 -0.05682 0.42817
3.48412 0.28586 0.29648
3.89526 0.14395 -0.09988
3.12046 -0.10140 0.05389
3.69883 -0.06005 0.14863
3.63984 0.06388 -0.74832
3.45901 -0.01256 -0.03018
4.00794 -0.25205 0.02192
3.53016 -0.06059 -0.03080
3.51532 0.03825 -0.02326
3.19110 -0.03516 -0.10834
1
-0.16787 -0.28610 0.36982
-0.20658 0.48816 -0.21220
-0.03140 -0.33685 0.08499
0.46897 -0.23624 0.10479
0.17706 -0.07542 0.06861
0.36427 -0.31681 0.36628
0.12281 0.20088 -0.06514
0.02947 -0.09911 -0.14091
0.24970 0.17674 -0.14067
0.25888 0.36980 0.20655
-0.06875 -0.27345 -0.10631
-0.25366 0.16273 0.43158
-0.83558 -0.71962 -0.61638
0.17545 0.00874 -0.29252
-0.34982 0.03226 0.15303
-0.35881 -0.04230 -0.49561
-0.43914 -0.34615 0.28461
0.10438 -0.33312 -0.02489
-0.20683 0.08383 -0.11356
0.04619 0.02912 0.12941
0.22705 -0.18789 0.07425
0.01376 -0.06159 0.27199
-0.05999 0.47723 0.01714
0.29612 -0.02693 -0.26804
3.53113 -0.27349 0.82040
3.55901 -0.04620 -0.12503
3.80236 0.01006 -0.22798
3.50199 0.12833 -0.03151
3.34344 0.24023 0.07509
3.26761 -0.16577 0.00222
3.37801 -0.13869 0.24478
3.65776 -0.07285 -0.10478
3.90037 -0.19774 -0.48874
3.79394 -0.17431 0.11471
3.44895 0.09639 -0.08733
3.69021 0.27384 0.04275
3.80624 0.04436 0.23065
3.41085 0.14006 0.07351
3.69415 -0.32051 0.36089
3.12349 0.05810 0.23596
3.07522 -0.31747 0.28958
3.73471 0.12009 -0.14348
3.41165 0.06259 -0.30041
3.32196 0.20879 0.36784
3.55479 0.44444 -0.08269
3.45630 0.26185 0.16699
3.84209 -0.12387 -0.33807
4.03279 0.21878 0.27912
0
0.02497 0.19925 -0.25533
-0.09969 0.22106 0.13255
0.26840 0.23053 -0.34193
0.13623 -0.27533 -0.26787
0.02318 -0.08740 -0.05051
0.16010 -0.13511 -0.14602
0.47729 -0.00402 0.01761
-0.17052 -0.09787 -0.15791
0.19394 0.32585 0.25863
0.17248 -0.44840 0.05308
0.10169 0.05140 -0.35039
-0.14063 0.07874 0.08038
-0.10468 -0.63194 -0.25912
-0.19526 -0.17880 0.13662
0.05273 0.29359 0.00523
-0.27086 -0.04986 0.01895
0.08828 0.66553 0.32330
0.02565 0.21172 -0.04928
0.16593 -0.19279 0.10523
-0.04049 0.33357 0.10269
-0.12861 -0.06353 0.61684
-0.18931 0.16812 0.05777
0.11297 -0.11211 -0.22305
0.18396 -0.41144 -0.38179
1.81129 0.11830 -0.40426
2.45154 0.15220 -0.04987
2.20425 -0.28917 0.13842
1.86417 0.43833 0.29616
2.18863 -0.24250 -0.31923
1.96685 -0.57034 -0.27160
2.41465 -0.07682 0.05554
2.72922 0.08171 -0.01763
2.07844 0.03071 -0.06030
2.17922 0.10573 -0.38850
1.82723 -0.08639 -0.26776
2.31109 -0.32776 0.00441
2.48717 -0.58648 0.06178
2.23616 -0.16709 0.20547
2.58299 0.10036 -0.14961
2.18193 0.39851 0.10521
2.34930 -0.02269 0.04766
1.96459 0.24521 0.15255
2.10380 0.02863 0.04737
2.15178 0.35249 -0.11376
2.03688 0.26141 -0.21165
1.71322 0.05824 -0.18788
2.51277 0.01923 -0.44422
2.74489 0.06378 0.31583
0
-0.49481 0.19569 0.19046
-0.22056 -0.40630 -0.31154
0.17173 0.19566 0.02597
-0.01077 -0.31314 -0.15947
-0.25379 0.14459 0.08425
-0.19996 -0.14260 -0.54302
-0.13008 0.36576 0.25160
0.49384 0.10175 -0.00729
0.07543 -0.14862 0.14237
0.47347 -0.06054 0.01316
-0.23761 -0.28807 0.00835
0.42333 -0.03301 0.25341
-0.19227 -0.12031 -0.23954
0.08767 -0.43293 0.61953
0.12820 -0.27492 0.01021
0.25511 -0.03028 0.15872
0.31342 0.21581 0.27463
-0.07501 -0.35351 -0.35088
-0.55618 0.33097 0.35564
0.08936 -0.03865 0.17287
-0.10985 0.24533 -0.24998
0.14403 0.43110 -0.09376
0.38346 0.16506 -0.01174
-0.12767 0.43942 -0.13337
3.04451 -0.21345 -0.01832
2.69837 0.05603 -0.22522
2.56795 -0.21069 0.11029
2.97169 0.31963 -0.15212
2.80074 -0.25427 0.02257
2.70406 0.21633 0.21422
2.49777 -0.11621 0.11534
2.95561 0.20872 0.07559
2.83133 -0.10794 -0.01145
2.72238 0.01513 -0.16200
2.90450 0.01166 0.40209
2.87304 -0.28810 -0.05076
2.45729 0.12442 -0.18282
2.48797 -0.24373 0.20513
2.88644 -0.25642 0.07970
1.97046 -0.01614 0.21875
2.98136 0.28748 -0.24304
2.34939 -0.12072 -0.03127
2.53454 -0.07589 -0.08614
2.71676 0.41791 -0.16891
2.62680 -0.35709 0.21604
3.44890 0.26398 -0.42071
3.25225 -0.02746 -0.07180
3.03446 -0.21224 -0.14407
0
0.54471 -0.24664 -0.25294
0.06079 0.20349 0.00411
0.12364 -0.05734 -0.07387
0.17874 0.11074 0.39332
0.36438 0.01833 -0.08587
-0.05940 0.08085 -0.01099
-0.37303 0.01592 0.14808
0.15093 0.32294 0.02285
0.32169 -0.40203 0.18924
-0.20837 0.02937 0.36730
0.36295 0.38466 0.06333
0.32745 -0.11460 0.00616
0.05413 0.06178 -0.11469
0.12475 -0.10801 0.32777
0.05571 0.25104 0.07519
0.02938 -0.37241 -0.14765
-0.16751 0.09733 -0.18765
0.08858 0.00009 -0.55014
-0.16895 0.37039 -0.49961
0.31048 0.39737 0.13751
0.20461 0.16381 -0.28272
0.19717 -0.17313 -0.19049
-0.18679 -0.13886 0.02005
-0.01882 0.12115 0.38399
4.61484 0.05180 -0.04247
4.44784 0.14494 0.33777
4.03729 0.27656 -0.07388
4.61716 -0.25648 0.57758
4.73877 0.19569 -0.02576
4.48066 -0.19820 0.17492
4.32592 0.09785 -0.28359
4.50427 0.25473 -0.19312
4.69935 -0.08940 0.00341
4.40429 0.51544 0.04523
4.44639 0.33088 0.06337
4.54771 0.26135 0.08221
4.40289 0.13946 0.24284
4.57564 -0.06309 -0.15115
4.60517 0.47504 0.25483
4.40561 -0.00232 -0.13799
4.67683 -0.35968 0.04733
4.29441 0.04022 -0.18136
4.21838 0.04931 0.22474
5.05482 -0.31152 0.21191
4.60761 0.10275 0.12967
4.39891 0.33726 0.05540
4.69480 0.06447 -0.55492
4.44639 -0.31899 -0.01338
0
-0.17162 0.15989 -0.48675
-0.36748 -0.07999 0.46134
-0.20597 0.01264 -0.11411
-0.00571 -0.73064 -0.47530
0.25925 0.16969 0.20986
-0.10741 0.36137 0.27127
-0.40345 0.05926 0.17523
-0.18509 -0.11090 -0.00875
-0.28417 0.02256 0.34541
0.04852 -0.43372 0.12153
-0.61051 -0.33889 0.09798
0.24262 -0.42499 -0.06054
-0.25699 0.13289 -0.08094
-0.03106 -0.13632 0.03240
-0.43698 0.37869 0.43669
-0.20880 0.15397 -0.35466
0.07246 0.41233 0.10015
-0.16605 0.07385 0.19293
-0.38914 0.01048 0.12237
-0.34433 -0.14408 0.01758
-0.26196 0.28840 -0.03598
0.00484 -0.30087 0.06430
-0.11371 0.26745 0.02678
0.21806 0.02787 -0.46361
5.08002 0.34082 -0.05681
4.97562 -0.07949 0.27585
5.18248 -0.15146 0.59481
5.31728 -0.07373 -0.31377
5.32681 -0.24027 0.25276
5.11425 -0.12753 0.25373
5.46356 -0.35674 0.07456
4.94862 0.08329 -0.02285
5.05696 0.35575 -0.26669
4.89241 -0.02063 -0.45261
5.10621 0.15543 0.57863
5.24418 -0.17586 0.20296
5.43103 0.05035 0.20250
5.09443 -0.25143 -0.06071
5.32963 -0.16120 -0.06051
5.70350 -0.42538 0.58429
5.01772 -0.28367 0.12688
5.05237 0.24872 0.68328
5.15996 0.25786 -0.20673
4.45725 0.43674 0.09424
5.05998 0.13641 -0.69092
4.88329 -0.10585 0.22198
5.04154 -0.20887 -0.10736
4.89214 -0.09714 -0.09585
0
0.35437 -0.48755 -0.17085
0.17315 0.06363 -0.06089
0.30562 0.02907 0.26374
0.00836 0.05627 0.21170
-0.06600 0.00761 -0.32404
0.01865 0.02226 0.28426
0.01024 0.19582 0.02849
-0.05027 -0.14492 0.32464
-0.26603 -0.14618 -0.18624
0.54322 -0.30409 0.48542
-0.01187 0.06379 -0.17505
-0.07040 0.00948 -0.12223
0.20164 -0.06634 -0.19260
0.31885 0.24477 0.09875
0.04393 0.39229 0.17177
-0.22211 0.45610 -0.38985
0.16966 -0.23071 -0.10451
0.20882 0.05406 0.34209
-0.51281 0.01939 -0.57011
0.08054 0.03736 0.05867
0.14126 -0.16724 -0.53509
-0.04513 -0.00422 0.52297
0.45797 0.08777 0.06837
0.32214 -0.06952 0.19077
6.07317 -0.24866 0.32956
5.32796 -0.12544 -0.35075
5.60972 -0.17459 0.46792
5.96838 -0.30553 0.01902
6.29860 0.25744 -0.12460
5.89076 -0.06287 0.63238
5.51585 -0.01849 0.18301
5.30175 0.06100 -0.38972
6.44321 0.33464 0.03490
5.52504 0.03189 -0.46050
5.37344 0.09457 0.11302
5.49933 0.25458 -0.23678
5.90857 0.06627 -0.06364
5.58775 -0.11340 -0.13803
5.44609 -0.18016 0.30575
6.02046 -0.32105 -0.12759
5.85993 -0.00685 -0.13597
6.11744 -0.18226 -0.22079
5.63533 0.22246 0.09088
5.48723 -0.21321 -0.08441
5.77439 -0.01477 -0.03356
5.55758 -0.10915 0.04683
5.84605 -0.13681 0.10100
5.78976 0.75425 0.32280
0
0.35175 0.09996 0.06353
0.12421 0.21802 -0.49397
-0.09168 0.04816 0.51481
0.08233 0.46629 -0.22841
0.26696 0.25951 -0.20229
0.21332 0.07786 0.37105
-0.10725 0.04880 0.12737
0.27597 0.04790 0.57208
-0.21286 -0.44180 -0.04314
-0.32850 -0.04691 0.04186
0.38236 -0.21827 0.08581
-0.16609 -0.25895 0.19377
0.06506 0.11253 -0.07306
-0.12644 0.32085 0.01504
0.15830 -0.18221 -0.15925
-0.24799 0.03750 0.06139
-0.08431 0.06089 -0.18296
0.26762 0.06645 -0.02548
0.03565 0.07659 0.17492
-0.09863 -0.27606 -0.00573
-0.06240 -0.50431 0.29209
-0.19811 0.03079 -0.12702
0.26017 -0.17248 0.25275
0.00052 -0.16255 0.04568
1.82802 -0.04728 -0.14446
2.49000 -0.13365 0.26379
2.30739 0.15134 0.38365
2.21950 -0.11209 -0.10421
1.79037 -0.15302 0.29624
2.17025 0.03149 0.21939
2.01072 -0.04107 0.24366
2.23828 0.04610 0.06560
1.99979 0.19379 0.20706
2.12710 -0.30013 -0.22031
1.93107 -0.20089 0.28842
1.92260 -0.02989 0.30180
2.10446 -0.30093 -0.04287
2.68902 -0.20339 0.16029
1.85745 0.10035 0.24330
2.20380 0.13411 -0.04086
2.42329 0.10323 -0.42229
1.88822 -0.42887 0.05786
1.86729 -0.22777 0.29216
1.94198 0.41293 0.00604
2.93855 0.08925 -0.13799
2.08861 0.59878 0.16388
2.51659 -0.15518 0.04408
2.23159 0.18838 0.11549
0
-0.05334 0.17847 0.01102
-0.02695 0.12165 -0.05196
-0.18111 -0.26605 0.05896
0.32117 -0.13080 -0.08980
0.12537 -0.50231 0.20455
0.37413 -0.28386 0.32064
-0.17521 -0.00094 0.06268
-0.45460 0.16225 0.34729
0.05166 -0.55321 0.12948
-0.01304 -0.23551 -0.43924
0.02655 -0.10329 -0.00464
0.28189 0.27553 0.22738
-0.17422 0.06863 -0.15689
0.26146 -0.24926 0.25171
-0.21648 -0.00287 -0.48107
-0.18695 0.35639 -0.14758
0.11255 -0.08270 -0.40339
-0.41667 0.33186 0.24821
0.17434 -0.30573 0.00131
0.01213 0.04681 0.10657
-0.41376 -0.40406 -0.29038
-0.12272 0.30493 0.09450
-0.32944 0.44022 0.16917
-0.20468 0.22509 0.03846
2.87763 -0.20921 0.17922
2.85307 -0.38852 -0.10530
2.77137 0.10949 0.07473
3.13967 0.38452 0.05493
3.06272 0.09073 0.04496
2.90324 -0.26866 0.02087
2.82476 -0.12045 0.39224
3.03512 0.27904 0.43616
2.67113 -0.21225 0.36172
2.55859 0.22786 -0.09951
2.30308 -0.25406 0.09638
2.52475 -0.05199 -0.25175
2.26941 -0.32613 0.06684
2.84845 0.11747 -0.11102
2.62788 0.36929 0.36717
2.83089 -0.33343 -0.33205
2.66583 -0.08840 -0.05201
2.60587 0.38426 0.03135
2.24553 0.23191 -0.27102
2.96239 -0.01671 -0.01903
3.27636 -0.17812 -0.09188
2.53588 0.10308 -0.32333
2.73619 -0.28420 -0.05054
2.71500 -0.32093 0.10562
0
-0.16335 0.11989 -0.25066
0.01140 0.01774 -0.43111
-0.05937 -0.30686 0.06860
-0.00609 -0.26939 -0.02016
0.07941 -0.31525 0.00120
-0.15108 0.11284 0.00602
-0.02337 0.49600 0.01566
0.39870 0.53584 -0.19021
0.25207 -0.13064 -0.15288
0.26971 -0.35754 -0.08012
-0.16534 -0.04614 -0.14538
-0.16928 -0.05968 -0.19161
-0.22860 -0.03475 0.03030
0.11480 -0.30164 0.35138
-0.48987 0.08193 -0.21960
-0.29460 -0.03817 -0.46502
-0.78676 -0.37767 -0.21927
0.28679 -0.03393 0.62721
-0.23346 -0.42783 -0.09534
0.27331 0.07351 0.08033
0.15390 -0.21284 0.69716
-0.54317 0.01588 0.34357
-0.21907 0.35018 -0.04093
0.62002 0.01893 -0.76957
4.58474 -0.07589 0.32863
4.28469 -0.11779 0.50491
4.34132 0.21337 -0.28448
4.56942 -0.00149 0.39675
4.26948 -0.09721 -0.07511
4.12891 -0.05051 -0.10476
4.18728 0.20463 0.57984
4.47030 -0.25655 -0.07479
3.94667 -0.29347 -0.32243
4.73626 0.39911 -0.09925
4.43287 -0.20025 0.30048
4.72479 -0.16458 0.10310
4.40173 -0.30593 0.09948
4.21710 0.39382 -0.13576
4.46343 0.19396 -0.06973
4.35038 0.19461 -0.31132
4.44120 0.11009 0.57391
4.70100 0.06872 -0.06184
4.32272 0.41060 0.25321
4.55841 -0.13528 -0.27894
4.50547 -0.10128 0.04524
4.36030 0.18957 0.30367
4.27231 -0.06213 0.06876
4.38916 -0.05421 -0.01575
0
0.05184 0.35755 -0.11605
0.01426 0.16341 0.47113
-0.03894 0.10352 0.20613
0.41297 -0.08307 -0.28060
0.12839 -0.26553 -0.28396
0.02347 -0.05047 0.25842
0.18230 0.11271 0.15666
0.01621 0.31572 -0.25812
-0.09756 -0.08248 0.37294
0.05043 0.15613 0.81758
-0.32062 0.31798 0.01517
-0.13779 -0.17972 -0.06176
-0.13347 -0.08166 -0.00313
0.04589 0.05781 0.00708
-0.27258 -0.24365 0.04793
0.24864 0.10877 -0.18193
0.07778 -0.05855 0.17207
0.01945 0.35013 0.26280
-0.34309 -0.43948 0.49751
0.53724 -0.16965 -0.25430
-0.36480 -0.06444 0.03030
0.08055 -0.26452 -0.14626
0.23393 0.54081 -0.27698
-0.20960 0.24211 0.04721
4.72857 -0.12423 -0.17643
4.50609 0.03858 -0.39346
4.81058 0.41878 -0.12973
5.02080 -0.00800 -0.34289
5.26807 0.44875 -0.03460
5.27395 -0.36335 -0.18806
4.84704 -0.03875 -0.15159
5.45541 -0.14380 0.09116
5.01344 0.05169 -0.14486
4.67405 -0.11105 0.13986
4.64365 0.10064 0.18952
5.21748 -0.55953 -0.07611
5.19920 0.24513 -0.41425
5.40002 0.03907 0.28506
5.09372 -0.03361 -0.22454
5.32980 -0.16619 -0.09989
5.25533 0.27782 -0.16226
5.04122 0.13264 -0.51146
5.45828 -0.40697 0.09124
5.04991 -0.40232 0.10589
5.05274 -0.41145 0.15960
5.00065 -0.11390 -0.00995
5.33176 0.42419 0.28677
4.68478 -0.04930 0.06035
0
-0.04964 0.24822 0.46491
0.50768 -0.12183 0.16600
0.26643 -0.03133 -0.13023
0.28971 0.07592 -0.10354
-0.29531 0.11230 -0.33802
0.05894 -0.16048 -0.65020
-0.03800 0.02134 -0.20931
-0.09835 0.22189 0.09050
-0.15280 0.18713 -0.37512
-0.42693 -0.34858 0.16154
-0.15435 -0.12438 0.03078
-0.53759 0.07965 0.34793
-0.14568 -0.04906 0.01868
-0.14202 0.08076 -0.06744
0.09499 -0.01852 0.32215
-0.16140 -0.01876 0.06944
0.02826 0.30800 -0.00954
0.25873 -0.07300 -0.08330
0.15306 0.23378 0.39826
-0.07644 0.43932 0.13166
-0.23206 -0.34373 0.15936
-0.00736 -0.33653 -0.07488
-0.14508 -0.13856 0.13547
0.01710 0.11351 -0.10038
6.07751 0.44681 -0.17693
5.54900 -0.33120 0.34161
5.90053 -0.22590 0.15139
5.87502 -0.01291 -0.32850
5.56013 -0.37862 -0.23998
5.49342 -0.00825 0.00577
5.29503 -0.02310 0.01236
6.08907 -0.27347 0.28399
5.36495 0.26559 -0.33470
5.72847 0.24473 0.22823
6.14068 -0.39334 -0.25974
5.73540 0.24294 0.05964
5.80487 0.62316 0.24848
5.56302 -0.02612 -0.42832
5.78829 -0.09329 -0.17791
5.78170 0.21160 -0.42239
5.57930 0.26093 -0.18050
5.96902 -0.11692 -0.08744
5.85112 0.04019 -0.20284
5.55535 -0.46218 0.14164
5.89834 -0.23963 0.16108
6.03652 0.07478 0.24788
5.89034 -0.17674 -0.01435
5.99715 0.08839 -0.29287
0
0.09896 0.28079 0.03176
0.07392 0.20094 0.64268
-0.60626 0.04049 -0.21427
-0.29632 0.03353 0.11316
-0.00902 -0.30163 0.32329
-0.07969 -0.17146 0.14260
-0.37725 0.37393 0.05281
-0.37240 0.41441 -0.07657
0.00226 0.64515 0.01064
-0.06776 0.18172 -0.25947
-0.14062 0.14539 -0.19573
-0.24667 -0.25525 0.03011
-0.21619 -0.77566 0.44961
0.20112 -0.03347 0.43526
0.01950 -0.01277 0.09154
0.08093 0.02361 0.27787
-0.13969 0.24735 -0.17094
-0.09634 0.39214 0.00212
-0.14630 0.10346 -0.32578
-0.24168 0.09501 0.04790
-0.23723 -0.17316 0.40529
0.43186 0.40913 -0.37643
0.04589 0.08792 -0.31684
-0.23167 -0.70802 -0.04808
2.10282 -0.04653 -0.34501
1.81137 0.25033 -0.10416
2.10488 -0.25060 -0.24620
2.25542 -0.41484 0.02055
2.27735 -0.02381 -0.03058
2.30556 -0.02393 0.53769
2.12188 0.01290 0.08518
2.14823 -0.01710 -0.19807
2.40676 0.45048 0.01940
1.91582 0.19066 0.20182
2.39736 0.04812 0.56812
1.84677 0.39208 0.13382
2.39572 0.37089 -0.00918
1.92011 -0.47483 -0.06476
2.55268 0.21121 -0.47134
2.08688 0.03366 -0.40791
2.03922 0.11672 0.63299
2.34704 -0.16767 -0.04915
2.29756 -0.36343 0.36731
1.93493 -0.09356 0.02577
1.94021 0.17431 -0.19998
2.80267 -0.11501 -0.27108
2.15368 -0.06020 -0.15179
2.37777 -0.22599 -0.51992
0
-0.11807 -0.17424 0.00138
-0.25053 0.08888 0.15299
0.13446 -0.31606 -0.44436
-0.02203 0.48348 -0.37972
-0.44177 -0.04491 0.17300
-0.33842 0.27256 -0.31989
-0.31741 -0.43712 0.23413
-0.03291 0.65645 0.55087
0.43536 -0.04002 -0.20194
-0.27100 -0.26427 0.07033
0.10588 -0.02697 0.26914
-0.00226 0.30032 -0.11657
0.57238 -0.04566 -0.10614
-0.22308 0.15750 -0.04067
0.39207 -0.42864 0.52991
0.54921 -0.13716 0.17551
0.04560 -0.04712 0.04126
-0.12796 -0.17254 0.03491
-0.30713 -0.28956 -0.00118
-0.13540 0.00509 -0.09049
-0.06689 -0.36508 -0.19572
0.17722 0.07511 -0.03153
0.23142 0.46171 0.15813
-0.28678 0.41276 -0.51079
3.00516 -0.28126 0.03884
2.72674 0.57875 -0.06863
2.95330 -0.06323 -0.04570
2.47323 -0.08910 0.08722
2.87434 -0.07541 0.11458
3.10483 0.06195 -0.35549
2.74368 0.23849 -0.10218
2.90128 -0.06706 0.32214
2.85228 -0.72646 0.61811
2.88904 0.21373 0.11394
2.72157 -0.12557 -0.13501
2.76612 0.08449 0.26696
2.88337 -0.43197 -0.22267
2.90423 0.15551 -0.04988
2.77320 -0.04255 -0.06179
2.81630 0.12935 0.22366
2.96003 0.36984 -0.08219
3.15260 0.07086 0.01277
2.62010 0.05279 -0.13269
2.54305 0.13545 0.19495
2.43321 -0.04677 -0.30765
3.08753 -0.01837 0.28759
2.14328 -0.19468 0.17635
2.69220 -0.30044 -0.20370
0
0.37408 0.22860 -0.57697
-0.01855 -0.50926 0.20299
-0.13572 0.13787 -0.24140
-0.19870 -0.31717 -0.16624
0.25265 -0.15347 0.18526
-0.23571 0.01060 -0.21699
0.25208 0.01916 -0.42583
0.09152 -0.01318 0.10040
-0.08861 0.04815 -0.22334
-0.23663 0.04943 -0.10876
-0.46796 -0.03535 -0.06841
-0.26991 -0.09470 0.08474
-0.16573 -0.01172 0.39833
-0.44615 0.01801 -0.79857
0.30511 -0.21291 0.27398
-0.02638 0.07449 0.19949
-0.39807 -0.04027 0.13569
-0.52887 0.65062 -0.48056
-0.49100 -0.02208 -0.07313
-0.23518 -0.22032 -0.23419
-0.05896 -0.00253 0.04710
0.11191 -0.03765 -0.04511
-0.31173 0.12053 0.13023
0.04117 -0.03630 0.01319
4.15616 -0.21197 0.36256
4.22648 -0.07279 -0.17553
4.46190 -0.11610 0.40839
4.59995 -0.03244 -0.35427
4.51996 -0.03753 0.29332
4.83327 0.01439 -0.41513
4.00052 -0.10756 -0.46270
4.06501 -0.28285 0.36314
4.27529 -0.32265 -0.17310
4.21774 -0.16899 -0.47275
4.42608 0.13943 0.09397
4.32951 0.00322 -0.00586
4.15065 0.34522 0.26517
4.21357 0.09092 -0.34625
4.20833 -0.49305 0.24352
4.58344 -0.19375 0.15158
4.39607 0.43341 -0.02337
3.93962 0.37302 0.15610
3.95810 -0.04742 0.55825
4.38674 -0.28080 0.18361
4.57634 -0.30985 -0.10630
4.10254 -0.07561 0.45468
4.74382 -0.09385 0.33142
4.40890 -0.19600 0.00815
0
0.19260 -0.02700 0.02911
0.34384 0.15264 0.78226
0.47318 -0.01442 0.34022
-0.02780 0.14762 -0.12997
-0.01088 0.15265 0.04647
0.03234 0.11827 0.10422
0.17692 0.01317 -0.20463
-0.46171 -0.04781 -0.19776
-0.14719 -0.20206 -0.16568
-0.33273 0.01300 0.56410
0.21725 0.45001 0.03670
-0.35216 0.32340 -0.26029
0.01682 0.19854 -0.20596
-0.35756 0.29679 0.28796
-0.01732 0.09057 -0.26051
-0.10997 0.07572 0.46663
0.12328 -0.08303 -0.00869
-0.12907 -0.12262 0.12033
-0.05323 0.23589 0.44014
0.08095 0.51467 -0.06331
0.10963 0.19123 -0.09193
-0.19532 0.05174 -0.19475
-0.01992 -0.10421 0.26475
-0.16382 -0.20842 0.02748
5.36804 0.37546 -0.03535
5.42045 0.32097 -0.17168
5.01131 -0.26210 0.06681
4.85903 -0.12441 -0.17413
4.79471 0.10829 -0.31479
4.74188 0.14030 0.12520
4.69560 0.16197 -0.06211
5.10142 0.00155 -0.30384
5.01198 -0.21329 0.32734
5.40089 0.18763 0.03698
5.28874 0.32132 -0.06180
5.28513 0.00546 -0.41427
5.10251 0.49400 0.17123
5.01964 0.13988 0.27961
5.43136 -0.52877 0.58125
5.67387 -0.00643 -0.29023
4.93622 0.35447 -0.15465
4.36334 0.08461 0.06230
5.17157 -0.10064 0.15021
5.10642 -0.32251 -0.15205
5.09100 0.11729 -0.11343
5.12933 -0.31258 -0.27653
5.09268 -0.18187 -0.17984
4.60816 0.11952 0.23056
0
-0.05386 0.44778 0.43314
0.30236 -0.06776 -0.05003
-0.12193 -0.04129 -0.39997
0.00615 0.11512 0.13404
0.14421 0.00006 0.02023
-0.05528 0.14959 -0.23366
-0.09316 -0.54891 -0.00295
0.16948 0.55338 0.19839
0.33503 -0.28665 -0.06978
-0.26004 0.31954 0.18699
-0.03660 0.21700 0.23636
0.21114 0.26968 0.21862
-0.12214 0.28011 0.35227
0.10866 0.25188 0.20491
0.02177 -0.33858 0.10644
-0.22217 -0.08101 0.15401
0.25502 -0.11300 -0.28226
-0.32378 -0.23387 0.03976
-0.05623 0.09313 0.35422
-0.60534 -0.09668 0.09761
0.27609 0.05808 -0.02367
0.08735 -0.13756 0.07222
-0.23498 0.32532 -0.39120
0.31944 -0.07641 -0.23345
5.63348 0.23436 0.19815
5.64555 -0.31750 0.13089
5.70214 0.17740 -0.19888
4.80225 -0.02279 -0.09151
5.84129 0.06280 0.21623
5.80782 0.12515 0.30900
5.88538 0.16048 0.18515
5.71141 -0.26491 0.25536
6.09354 -0.02871 -0.27112
6.09650 -0.03907 0.21555
5.46263 -0.43821 0.33530
5.72858 -0.06370 0.41225
5.78078 0.08868 -0.02819
6.05799 0.29351 -0.39066
5.48010 0.22381 0.17729
5.54253 0.07343 0.38068
5.63260 -0.12882 -0.44832
5.62051 0.06330 -0.17019
5.85444 -0.09650 -0.09665
5.72965 -0.11541 0.06816
5.68727 0.36411 -0.04370
5.97284 -0.05147 0.03787
6.03907 0.19453 0.14315
5.54212 -0.06758 -0.24583
0
0.02554 -0.12044 0.03546
-0.30726 -0.13739 0.09253
-0.18380 -0.12223 -0.20652
0.07990 -0.13453 -0.08549
0.04991 -0.32563 0.19872
0.25267 0.14241 -0.32026
-0.36955 0.32637 0.04104
0.69399 -0.35016 -0.31534
0.02958 0.00967 0.02433
-0.20087 0.19633 -0.05637
0.16313 -0.03247 -0.14679
0.56715 0.31546 0.29797
-0.09652 -0.00730 0.24392
-0.27365 0.35396 -0.06176
0.13663 0.07058 0.03653
-0.25859 0.29370 -0.33034
0.08035 0.15844 -0.06000
-0.22191 0.50888 0.08712
0.02043 0.01964 -0.27969
-0.02197 0.41923 0.15414
-0.02969 -0.01206 0.23164
-0.33734 0.36551 -0.36463
-0.21751 -0.19938 -0.55274
-0.07019 -0.21820 -0.07528
1.93623 -0.03371 -0.13074
2.18733 0.21622 0.00203
2.09313 0.05271 0.18291
2.06543 -0.24817 0.48054
1.92351 0.02373 -0.38318
2.25038 -0.11080 -0.14002
2.55761 -0.07754 0.35402
2.24346 0.18315 0.28909
1.77052 -0.08558 -0.23722
2.26164 0.15727 0.13966
2.13496 0.10017 -0.12295
2.41343 0.06505 0.36680
1.80823 -0.01998 -0.03619
2.51761 -0.00928 -0.41269
2.09345 0.27439 0.38564
2.46649 -0.07601 0.18513
1.70807 -0.12175 0.06009
1.83258 -0.46863 -0.04192
2.24220 -0.11649 -0.16940
1.81705 -0.17232 -0.06832
2.34419 0.41061 -0.29317
2.44404 -0.19691 -0.04657
2.10560 -0.12161 -0.00303
2.59004 0.25676 0.11504
0
0.06068 0.18905 0.06224
-0.00179 0.43897 -0.43515
0.07505 0.32088 -0.38903
0.04405 0.30581 -0.44246
-0.20092 0.11975 0.19570
-0.30255 -0.40629 -0.03946
-0.43338 0.42487 -0.22650
0.11493 -0.08755 0.23843
-0.00133 0.19124 -0.28647
0.39720 -0.04671 0.21542
-0.02484 0.37642 0.12052
-0.37090 0.06984 -0.16911
0.12423 0.31651 -0.15857
0.48463 -0.33999 -0.39240
-0.03508 0.11072 -0.15568
0.30492 0.28152 -0.17852
-0.04712 0.24425 0.18667
0.07925 0.25470 -0.06312
0.03345 -0.29455 0.16782
0.03430 -0.02238 -0.18935
0.31177 -0.48703 -0.12589
-0.43505 0.33112 0.20004
-0.30689 -0.02484 0.13393
-0.22729 -0.09569 -0.10776
2.74346 -0.09267 -0.31179
2.73445 -0.13159 0.34164
2.35348 -0.22072 0.06509
2.62382 0.08422 -0.25294
3.08385 0.01004 -0.23620
2.78615 0.13005 0.31104
2.96178 0.36304 -0.10834
3.19285 0.09669 0.03547
2.69139 0.05705 0.18099
2.83593 0.12412 0.01313
3.16219 -0.30889 0.01255
2.84788 -0.12656 0.05098
2.89899 -0.05396 0.14622
2.51715 0.02995 -0.04137
2.17414 0.21627 0.08807
2.87197 -0.10606 0.03255
2.76412 -0.09611 -0.14617
2.35110 0.06144 -0.16988
2.82548 -0.10470 0.29096
2.54254 0.15413 0.19468
2.53851 -0.02013 -0.19313
3.19744 0.32825 0.19126
2.96013 0.08665 0.13605
3.05180 -0.06840 -0.06232
0
0.11808 -0.07464 -0.17752
0.05282 0.17889 0.05340
0.07824 -0.17969 -0.08373
-0.16047 0.16175 -0.28092
-0.42024 0.18654 0.10268
-0.42915 -0.39841 -0.66005
0.04302 -0.23212 -0.39691
-0.39687 -0.47600 -0.41308
0.27521 0.40536 -0.46860
-0.20675 -0.03579 -0.11713
-0.07567 -0.08749 0.15946
0.05958 0.21533 0.30184
0.39008 0.20890 -0.13760
-0.03210 0.14894 -0.10183
0.27828 0.27384 0.03347
0.05966 0.35081 0.07027
0.49440 0.13636 0.03191
-0.30437 0.08508 0.21665
0.53576 0.07695 0.06324
0.03817 0.47239 -0.40904
0.12785 0.02872 -0.54685
0.04341 0.42064 -0.22615
0.34047 0.04291 0.31980
0.17998 -0.03571 -0.16356
4.30034 -0.00717 0.31183
4.69432 0.22827 -0.07236
4.28361 -0.49963 0.14259
4.67197 -0.13960 0.10447
4.39917 0.10176 0.14330
4.17385 -0.22761 -0.50887
4.33987 0.16425 -0.04805
4.65533 -0.12007 -0.28530
4.53241 0.23115 0.16150
4.58832 0.22604 0.14392
4.05136 0.23563 0.04893
4.31083 0.24842 -0.03711
4.25221 0.31115 -0.10133
4.01188 -0.31212 0.43052
4.82373 0.00748 0.09079
4.58531 0.18507 0.10543
4.03596 -0.00149 0.44404
4.31973 0.10832 -0.02662
4.19509 0.28264 -0.21942
4.55040 0.21269 -0.10897
4.10642 -0.44371 -0.30994
4.48225 0.35125 0.33361
4.79218 0.14106 -0.01354
4.53622 0.01538 0.13524
0
0.06255 -0.03965 0.00847
0.21598 -0.06650 -0.28017
-0.64523 -0.32399 -0.09886
-0.05266 -0.29483 -0.03285
0.36025 -0.03715 -0.10478
0.06954 0.00813 0.47757
-0.10266 -0.10328 0.20401
-0.30317 -0.26866 0.43591
0.16730 -0.00805 -0.04174
0.23940 -0.04713 0.09231
0.10277 0.13095 -0.45263
-0.05824 0.35552 0.03858
0.13217 0.08182 0.35273
-0.22568 0.33909 -0.10459
0.15851 0.25830 0.12009
0.05923 -0.14627 0.02254
0.08680 0.08784 -0.37928
0.00668 0.59803 0.00013
-0.30538 -0.38970 -0.50259
0.05435 -0.15187 -0.34179
0.11962 -0.17537 -0.13752
-0.07555 0.52602 -0.09889
0.11827 0.08148 -0.04779
-0.40807 0.00477 0.23831
5.13631 -0.09986 0.01597
5.55192 -0.00707 0.07980
4.87239 -0.01029 -0.04999
5.06674 0.18663 0.16725
4.73599 0.16829 -0.27270
4.99494 0.35932 0.12627
4.73211 -0.23569 -0.14639
5.28927 -0.17128 -0.45153
4.95638 -0.36072 -0.10539
4.64173 -0.05291 -0.30575
5.37307 -0.15507 -0.07107
4.84207 0.33124 0.14474
4.68776 -0.12849 0.06039
4.88016 0.12260 -0.06937
4.73597 -0.24557 0.08524
4.48023 0.19323 0.37174
5.27877 0.33430 0.34387
5.62386 -0.08388 0.13334
4.98457 -0.04258 -0.29644
5.67553 0.37276 0.29946
4.82842 0.32448 -0.17386
4.98702 0.20470 -0.11671
5.13808 -0.19610 -0.07927
5.34550 0.07845 0.15428
0
-0.18816 -0.00411 0.02813
0.12219 -0.02859 0.34566
-0.10985 0.17410 0.05953
0.15434 -0.07846 0.28748
0.16437 -0.24286 -0.30581
0.43428 -0.52251 0.00369
0.38333 0.03723 0.29836
0.08485 -0.04308 -0.14952
-0.00939 -0.68227 0.32274
0.15762 0.14481 0.17925
-0.54059 0.18727 0.01545
-0.59997 -0.07445 0.56915
-0.22486 -0.35481 -0.33143
0.08972 0.51909 0.23854
-0.04637 0.11359 0.41657
-0.06679 0.13193 -0.15629
-0.12855 0.19767 -0.40422
-0.21166 -0.16156 0.23008
-0.01124 -0.17209 0.11335
-0.11392 0.10942 -0.40130
0.49657 -0.14250 -0.03380
0.11265 0.25467 0.10670
0.12777 0.09909 0.16682
-0.30066 -0.28500 0.37125
5.79440 0.02447 -0.08710
5.80851 -0.24084 0.16944
5.78663 0.08666 0.41373
5.42924 0.22209 0.37802
6.05727 0.14774 -0.25980
5.94475 -0.23903 -0.16576
5.64964 -0.00989 0.38599
5.72461 -0.45357 0.30830
5.64277 -0.02167 0.10225
5.34535 -0.26543 0.00830
5.59439 -0.12994 0.14149
5.48134 -0.34133 0.27894
6.04335 -0.08613 -0.15306
5.83454 0.11012 0.25212
6.11033 0.19442 0.05340
5.35454 -0.13342 0.25990
5.88837 -0.30453 -0.38269
5.87348 0.03915 0.02572
5.94694 -0.22145 -0.01394
5.31943 0.41645 0.36305
5.78538 0.65550 0.18168
5.39697 -0.15068 0.44749
5.11109 0.40177 0.06375
6.24838 0.03232 0.02912
0
0.20969 0.10663 -0.07044
0.00699 -0.20884 -0.16858
-0.54332 -0.07984 0.51246
-0.00493 0.23650 -0.16840
-0.09957 -0.22452 0.28487
0.30604 0.04015 0.10242
-0.20002 -0.10968 -0.09190
-0.01163 -0.41236 0.21856
-0.32952 -0.41572 0.08775
0.13400 -0.37341 0.05751
-0.01774 0.08002 -0.61317
0.14158 -0.20906 -0.10144
-0.42275 0.18379 -0.03244
-0.28140 -0.09943 0.32407
0.14567 0.08106 -0.23093
-0.08062 -0.23404 -0.29875
0.26621 -0.38879 0.16869
0.07162 -0.12758 0.32808
-0.15272 -0.18818 0.09110
-0.22861 -0.16268 -0.24679
-0.35919 -0.02507 0.33904
-0.25167 -0.88521 -0.17271
0.03071 0.40548 -0.37560
-0.23429 -0.03424 -0.17092
2.27689 -0.20170 0.25309
1.98250 -0.14878 -0.30944
2.40833 -0.03624 -0.17139
2.47409 0.46411 0.29119
1.70518 -0.06514 0.27023
2.61473 0.20642 -0.30011
2.30408 0.27309 0.03396
2.52504 0.05149 -0.29181
2.13597 -0.24238 0.45812
2.28815 0.00953 0.01426
2.20942 0.13591 -0.03256
2.29337 -0.08308 0.14238
1.86713 -0.12747 0.04262
2.45316 -0.05447 -0.15161
2.03586 0.16280 0.26501
2.50511 -0.10109 -0.46400
2.15084 0.17940 0.34138
2.07108 0.27482 -0.13591
2.15596 -0.22120 0.23359
1.67837 -0.28819 -0.00542
2.21140 -0.21618 -0.01854
2.01926 0.11424 -0.10514
2.29688 0.01292 -0.38730
2.31576 0.10030 0.11094
0
0.00771 -0.11005 -0.54046
-0.07975 -0.36704 -0.23735
0.04050 0.12880 -0.04361
-0.17920 -0.18196 0.22221
-0.12562 0.07591 -0.09351
-0.01053 0.14563 0.41887
-0.21648 -0.20879 0.28270
0.21820 0.12167 -0.07061
0.13542 0.44964 0.13423
0.02713 0.04715 -0.25556
-0.31556 -0.16239 -0.37642
0.06501 -0.07160 0.31920
-0.08891 0.29868 0.16031
0.01224 -0.33277 -0.26567
-0.27304 -0.11203 -0.02668
0.58183 0.17248 -0.49533
0.78320 -0.12332 -0.45236
0.14864 -0.25092 -0.21710
0.16684 0.17185 -0.12817
0.31437 -0.35134 0.41663
-0.06976 0.26688 0.00151
-0.21404 -0.02027 0.24233
-0.03349 -0.30223 -0.15947
-0.02074 -0.11035 -0.18821
2.71295 -0.12789 0.05063
2.95867 -0.05017 -0.04819
2.65746 0.34094 0.36446
2.59749 0.26591 -0.23365
2.55628 -0.08535 0.18250
3.08233 -0.03253 -0.16244
2.81281 -0.07970 0.36388
2.74204 0.07082 -0.10363
3.08766 0.32184 -0.11330
2.66086 -0.22308 -0.11917
2.58090 0.01458 0.23950
2.69320 0.16950 -0.02489
2.56194 -0.14655 -0.22961
2.93011 0.37972 0.08681
2.42875 -0.18629 -0.22295
3.07347 0.59561 -0.13726
3.04355 -0.24600 0.24937
2.63362 -0.28623 -0.06747
2.86843 -0.06364 -0.18609
2.62864 -0.36153 0.05431
3.00870 -0.39022 -0.10509
2.97812 0.19013 0.05230
3.31887 -0.09306 0.13018
2.68813 0.24701 0.06036
0
0.36354 0.31196 -0.27854
-0.04197 -0.45591 0.16996
0.00628 -0.36711 0.02834
0.07580 -0.22004 -0.24622
0.06703 0.09135 0.49225
-0.20771 0.21418 -0.10161
-0.19027 0.00823 0.27374
0.17499 0.18977 -0.06158
0.39438 -0.01453 -0.62357
0.02377 0.24131 -0.05773
-0.02315 0.16271 0.26144
0.20111 -0.38261 -0.16861
-0.13510 0.28423 0.52500
-0.18143 0.04247 0.19756
-0.06566 0.43748 0.09874
0.13299 -0.19737 0.28932
0.08467 -0.05641 -0.09142
-0.17150 0.09193 0.24933
0.27870 -0.00338 0.61346
-0.05092 -0.08151 0.25677
0.07693 -0.13678 0.30941
0.01152 -0.25857 -0.07269
0.17935 -0.30684 -0.37497
0.04730 -0.30283 0.00372
4.10423 -0.38380 0.08340
4.27805 -0.00385 0.27030
4.33433 0.25937 0.19669
4.22323 -0.31773 0.11700
4.18790 -0.27239 -0.17427
4.61925 0.28789 0.27322
4.83832 -0.05120 -0.07657
4.87601 -0.02059 -0.06063
4.01155 -0.11179 -0.03738
4.33752 0.04071 0.01640
4.19610 0.31396 -0.01472
4.24396 0.39248 -0.11347
4.06499 -0.00624 0.03974
4.76263 -0.18915 -0.89322
4.39490 -0.10594 -0.34268
4.25377 -0.25372 0.09511
4.59186 -0.00223 0.12443
4.01808 0.03191 0.00610
4.52283 -0.02247 -0.02737
4.51181 -0.31337 0.08096
4.29072 -0.31390 0.28201
4.17928 -0.25923 0.10909
3.93343 0.04372 0.04245
4.44095 -0.13533 -0.21897
0
-0.16311 0.03144 -0.08516
-0.46565 0.24921 -0.05845
-0.06378 0.11125 0.30399
-0.10060 0.08727 -0.48113
0.11672 0.00519 0.21236
0.15077 -0.06061 -0.25126
-0.40882 -0.02487 -0.12981
0.22153 0.18092 -0.18107
0.07720 0.15956 0.53459
-0.52496 -0.18503 -0.01438
0.45494 -0.41772 0.46694
-0.41339 -0.09944 0.17534
0.37646 -0.27625 -0.11211
0.05087 0.01429 0.33234
0.05127 0.10739 0.18339
-0.04377 0.04294 0.19226
-0.00213 0.41572 -0.34114
-0.37002 0.19142 -0.32727
-0.04086 -0.45329 -0.26374
0.13504 0.01666 0.18830
-0.08535 -0.07430 0.09745
0.08782 -0.01147 -0.25034
0.10334 0.06139 0.09023
0.06191 -0.03992 0.29616
4.88753 -0.32403 0.54186
5.21941 0.16343 0.10125
4.99385 -0.04545 0.12861
5.21181 0.32102 0.44662
4.92444 0.41552 -0.27468
5.19270 -0.08900 -0.31358
5.12508 0.21111 -0.33874
4.76639 0.56553 0.19637
4.84634 -0.24244 -0.32567
4.87220 0.08347 -0.03378
4.97158 0.03381 0.07551
5.25075 -0.18490 0.05656
5.36651 0.14935 0.15744
5.17891 -0.17274 0.17778
4.83670 0.46228 -0.12868
4.92831 0.37616 -0.24055
5.30647 0.02180 -0.28023
5.46843 0.37533 -0.15067
4.93023 -0.02731 -0.11377
5.13733 0.25192 0.07043
5.08680 -0.04093 0.11464
4.90176 0.23871 -0.18096
5.62099 0.20171 -0.26096
4.90338 0.07307 0.12937
0
0.33191 -0.02542 -0.32352
0.39319 -0.37059 0.56322
-0.06483 0.02915 0.29341
0.52225 0.31540 0.01046
-0.05089 -0.21413 -0.00853
-0.19902 0.22800 0.02052
-0.00836 0.19380 -0.10584
-0.15133 -0.16880 -0.54611
-0.10515 -0.08536 0.09347
0.22428 0.17251 0.11158
0.16823 0.16853 -0.21835
-0.22811 0.07778 0.10319
-0.25783 0.40446 0.29270
-0.15922 0.47624 -0.64261
0.61050 -0.24272 -0.07332
0.07570 -0.03900 0.21795
-0.06500 -0.19638 -0.05067
0.11452 -0.46280 0.04883
0.17729 0.20142 -0.49947
0.61383 -0.38179 -0.42516
-0.40584 -0.19959 -0.34321
0.04478 0.23938 -0.10380
-0.31175 -0.70346 -0.08447
0.08244 -0.24214 -0.00924
5.83358 0.05243 -0.10119
5.44592 0.00005 -0.26812
5.39914 0.45039 -0.27072
5.85836 -0.08248 0.13273
5.68437 0.01108 0.54413
5.53350 -0.67035 0.39946
5.64641 0.11217 0.40448
5.27968 0.51442 0.03145
6.00527 -0.00602 0.20729
6.00960 0.16277 0.30701
5.75425 -0.07190 0.06494
5.59763 0.00199 0.08312
5.80792 0.00008 -0.06679
6.13364 0.09224 0.25338
5.69536 -0.08067 0.06065
5.38330 -0.12303 0.11035
5.52131 0.17636 0.20817
5.88351 0.12003 0.11527
5.52598 0.07498 0.00549
5.36916 -0.50751 0.37760
5.22652 0.06816 0.01108
5.79544 -0.30027 0.13663
5.74100 0.52911 0.12294
5.86707 -0.02952 -0.37098
0
0.33713 0.23382 0.39272
0.01718 0.14696 -0.59065
0.07843 0.73588 -0.07220
0.06729 -0.11342 0.29520
0.00900 0.45421 0.45776
0.31054 -0.44576 -0.22935
-0.09020 -0.29635 -0.12728
0.48436 -0.03615 0.08700
0.40537 -0.01220 -0.03339
0.07106 0.06862 0.24191
-0.07022 -0.34086 0.31160
0.09776 -0.10278 -0.14701
0.09428 -0.27449 0.05564
0.16105 0.39974 -0.07830
0.25088 0.22858 -0.01192
-0.34103 0.00226 0.47047
-0.01578 -0.14881 -0.09165
0.33812 0.24787 -0.00100
-0.31215 0.06954 0.24084
-0.13331 -0.22340 0.49937
0.03585 -0.15553 0.31328
-0.39481 0.04863 -0.28870
0.05474 0.20344 0.21107
0.10679 -0.51545 -0.00347
2.06720 -0.39067 0.09653
1.67604 -0.12187 -0.26545
2.17568 0.09764 0.11877
1.87130 0.04417 0.09859
1.91727 0.01499 0.40597
1.97037 -0.32460 -0.02792
1.71422 0.04292 0.11526
1.88874 -0.50873 -0.21383
2.53245 0.33552 -0.35199
2.14981 -0.16796 -0.32055
1.81406 -0.21870 0.07247
2.23454 0.30379 -0.31303
2.42914 -0.38204 -0.06273
2.54417 -0.05163 -0.22921
2.03923 -0.20879 0.05622
2.23382 0.32275 0.00626
1.52703 -0.57615 0.13790
2.14997 0.48917 -0.05911
2.43431 -0.21257 0.14232
2.36331 0.04110 0.02412
1.92761 0.34593 0.48113
2.30216 -0.04966 -0.36525
2.40611 -0.26165 0.39498
2.11184 -0.18283 0.30062
0
0.19377 -0.16326 0.17630
-0.10179 -0.02878 -0.06172
0.08554 0.30894 -0.37511
-0.21802 -0.00792 0.29991
0.20137 -0.34130 0.01640
-0.07694 -0.41711 0.45339
-0.40743 -0.16210 0.09010
-0.46389 0.07577 0.10300
0.20315 -0.48452 -0.20717
0.02997 0.26672 -0.07355
0.27495 -0.04072 -0.02943
-0.10961 0.05649 0.08448
0.15261 -0.26034 -0.00184
-0.23455 0.30224 0.08515
0.20720 -0.36816 0.19936
0.29947 0.10177 0.12878
0.28066 -0.17187 0.10076
-0.02306 0.46340 0.28610
-0.03283 0.04133 0.20349
-0.14747 -0.14548 0.25551
0.12998 0.03629 -0.01200
-0.54348 -0.08709 -0.26885
-0.24369 -0.06747 -0.51185
0.10274 0.24473 -0.11184
2.58756 0.16439 -0.01757
2.74187 0.09361 -0.21450
2.69469 0.28695 -0.28157
2.89714 0.41272 -0.14173
2.56350 -0.04070 -0.64100
2.86483 -0.58544 -0.24957
3.16732 -0.24485 0.01470
3.03425 -0.24407 0.05423
2.79201 -0.13165 0.09639
2.53712 -0.27230 -0.15309
2.93057 0.11863 -0.02223
2.97751 0.05647 -0.23732
2.72735 -0.15920 0.03441
3.07000 0.04421 0.04238
2.64466 0.15004 0.11952
3.01610 -0.23731 0.06460
2.75985 -0.11081 -0.26584
2.57579 -0.71100 0.24548
2.78459 -0.00706 0.33452
2.85397 -0.13698 -0.23265
2.39786 -0.26597 0.12363
2.57218 0.22104 -0.01817
2.77165 0.04339 0.39786
2.71888 0.11866 0.05954
0
0.27146 0.08163 0.00211
0.19921 0.09433 0.28482
0.28106 -0.02423 -0.07813
0.04567 0.32387 0.14959
-0.31188 -0.52795 -0.35600
0.02769 0.21886 -0.26176
-0.34332 -0.33855 -0.42995
-0.03050 0.45303 -0.26809
0.28877 0.09455 -0.33540
0.21836 -0.07326 0.04053
0.06140 0.19114 -0.14583
0.34077 -0.18029 0.56479
-0.02911 0.00170 0.39790
0.01831 -0.23615 0.42755
0.23986 0.28380 -0.05258
-0.28076 0.05571 0.05795
0.12594 -0.01361 0.11549
-0.27150 0.35319 -0.32976
-0.16316 0.02937 -0.08572
0.25088 -0.38734 -0.15976
-0.32006 -0.05445 0.07327
0.07064 -0.20786 0.62383
-0.13570 -0.10061 -0.33030
0.27018 -0.02732 0.05340
4.42580 0.04665 0.17084
4.49369 -0.02884 -0.01844
4.19325 -0.03346 0.40153
4.55952 -0.13591 -0.56674
4.32766 0.34579 0.18772
4.66019 0.53351 -0.08650
4.45179 0.11017 -0.04619
4.63030 0.19647 0.15708
3.98241 -0.60478 -0.26454
4.85017 -0.03028 -0.01646
4.42199 -0.06793 0.24803
4.04559 0.14625 -0.42968
4.41030 -0.05153 0.16697
4.16034 -0.05364 -0.09886
3.95865 -0.06332 -0.06685
4.38348 0.06925 -0.16877
4.24726 0.26915 0.31988
4.16325 0.03299 0.05754
4.28984 0.29294 -0.30261
4.50787 -0.05559 -0.46665
4.09063 -0.20993 0.29604
3.98661 -0.20658 0.03822
4.07071 -0.05974 -0.16908
4.54018 0.13139 -0.00090
0
0.05266 0.28220 -0.23079
-0.18167 -0.07937 0.11495
-0.02141 -0.15134 -0.05113
0.14164 -0.03781 -0.28939
-0.15507 -0.05530 0.16558
-0.27369 -0.27048 -0.26285
-0.05239 0.25475 -0.36453
-0.15171 0.07725 -0.22024
-0.01839 0.18158 0.18101
-0.38470 0.01012 -0.04165
0.06177 0.34118 -0.26456
-0.08828 -0.25772 -0.26742
0.71717 -0.27304 -0.47993
-0.01527 0.20447 -0.03375
-0.18989 -0.36750 0.00269
-0.04145 0.21167 0.12193
0.36430 0.09953 -0.03768
0.16487 -0.06886 0.00979
0.10367 -0.04904 0.46225
-0.00348 -0.22748 0.08177
0.44605 -0.09741 -0.52650
0.06200 0.18092 0.02929
0.34918 0.20764 -0.03457
0.31469 -0.34531 0.23309
5.22566 -0.15044 0.27854
5.43660 -0.12512 0.39213
5.11717 0.00131 -0.05778
4.90977 -0.13554 -0.38508
5.18767 0.06683 0.08280
4.88649 0.14656 -0.13537
5.20924 0.38853 0.46912
5.45512 0.17627 -0.02305
5.14712 -0.28732 0.00750
5.12217 0.01457 -0.27995
4.86676 0.52012 0.14092
4.92787 -0.12442 -0.34212
5.02851 0.21544 0.24363
5.08592 -0.05490 -0.01520
4.90604 0.44169 -0.16894
4.81076 -0.12064 0.05978
5.31694 0.01816 -0.06771
4.83958 0.00619 0.16774
4.89890 -0.27145 0.40123
5.35807 0.16739 -0.11917
5.07945 -0.10807 0.11652
5.27604 0.30407 0.26579
5.54334 0.29071 -0.53209
5.41393 -0.10378 -0.00526
0
0.30560 0.19590 -0.34071
-0.01925 0.01028 -0.07748
-0.03157 -0.25329 -0.14617
0.13593 -0.01615 0.17326
0.14593 0.23201 0.25382
0.19932 0.03873 -0.06807
0.42672 -0.33339 0.01707
-0.11925 0.53549 -0.19960
0.42321 -0.22611 0.11142
0.23521 0.32822 0.27359
-0.31007 -0.22002 0.04794
0.53452 0.18408 -0.09944
0.10469 0.03557 0.41911
0.00717 -0.20752 -0.03221
-0.29874 0.34353 -0.11034
-0.02736 -0.37398 0.17068
0.32044 0.16186 0.04837
-0.04747 0.04174 -0.17661
0.26150 0.70325 0.27864
0.22626 -0.30371 -0.00208
0.09919 0.09698 -0.44768
0.04790 -0.10548 -0.29307
0.16523 0.01395 0.10896
0.35890 0.07165 0.00983
5.58127 -0.02641 -0.26605
5.87920 -0.19103 -0.17631
5.48567 0.14841 0.39201
5.50637 0.27036 0.32679
6.10225 0.17649 0.07296
6.13907 -0.03830 -0.37846
5.59683 -0.17232 0.05405
5.52540 -0.33390 0.28416
5.62279 -0.32856 -0.10610
5.91093 0.20841 -0.32331
6.05426 -0.23088 0.04086
6.11336 0.14952 -0.03734
5.78449 0.19849 0.25551
6.09873 0.06335 -0.15313
5.63095 -0.06079 -0.28069
5.38897 0.09751 0.35906
5.48897 0.22649 -0.22982
5.72303 0.20150 0.28846
5.64478 0.01720 -0.03010
5.51664 -0.38045 0.17883
5.64341 -0.09148 -0.11202
5.74442 0.26274 0.07780
5.55882 0.08199 -0.18966
5.76652 -0.25061 0.12313
0
-0.09163 0.02312 -0.24964
-0.01871 -0.05315 0.15552
0.16049 -0.02768 -0.19947
0.25355 0.11742 -0.08745
-0.11602 -0.10919 0.20537
-0.25599 0.40132 0.41956
0.44969 0.07423 -0.29947
-0.04081 -0.06760 -0.39811
0.06150 -0.19914 0.23568
-0.22028 -0.36864 0.47461
0.19801 -0.39329 -0.04355
-0.04301 -0.14160 0.09356
0.23778 0.07983 0.27138
-0.03572 0.05170 -0.47581
-0.08682 -0.09711 -0.38908
0.18743 -0.03198 0.05707
0.33726 -0.44413 0.02614
0.40386 0.29783 -0.22737
0.03820 0.08612 0.17627
-0.12307 -0.00981 0.15074
0.03253 0.07369 -0.18070
0.38436 0.15740 -0.00711
-0.08841 0.29732 -0.23874
0.47336 0.08748 0.40595
2.15365 -0.28785 0.25209
2.42081 0.20022 0.15668
2.23280 0.15770 -0.80040
2.21055 -0.53118 -0.19554
2.08998 0.36830 0.15308
1.86997 0.02560 0.14366
2.44259 -0.12274 -0.02876
2.48304 0.01809 0.21585
2.14507 -0.15972 0.17306
2.19533 -0.10801 -0.14220
2.13564 0.40810 0.10971
2.41906 -0.07544 -0.24317
2.76411 -0.08829 -0.29305
2.35754 0.42085 0.04853
1.71334 0.67738 -0.17849
1.80125 -0.09384 -0.01255
2.17377 0.06151 0.31663
2.21711 -0.00293 -0.01286
2.05015 -0.08374 -0.19102
2.03702 -0.02978 0.03599
2.29638 0.13241 -0.01769
1.77597 0.15838 0.47045
1.97742 0.20454 -0.00359
1.85993 0.13771 -0.11940
0
0.04619 0.07053 0.12264
-0.22215 -0.34342 -0.13344
-0.17066 -0.46175 0.42990
0.15067 -0.33753 -0.36756
-0.06213 0.06328 0.14096
-0.31544 0.02493 -0.20999
-0.90985 0.15258 0.01137
0.29876 0.26291 0.12702
-0.20764 0.18798 0.02894
0.03271 -0.41815 0.15233
-0.25908 0.10565 0.00755
0.12994 -0.12921 0.35768
0.09839 -0.47375 0.02112
0.19128 -0.34776 -0.09804
0.16213 0.37137 0.18736
0.27065 0.18940 0.40307
-0.17204 -0.27424 -0.19192
-0.48554 -0.26315 -0.30609
0.38966 -0.06135 0.22608
0.28636 0.60463 -0.22408
0.05664 0.28993 0.36932
0.17232 -0.20342 -0.43986
0.16303 0.07422 -0.15889
0.13070 0.05198 0.10533
3.01894 0.56475 0.18602
3.03820 0.10991 0.12973
2.80575 -0.20620 0.00691
2.49496 -0.15094 -0.46444
2.87365 0.24647 0.36287
2.47563 -0.03815 0.09596
2.92671 0.36136 -0.21122
2.81799 -0.17481 0.06990
2.77626 -0.24220 -0.15560
2.62315 -0.09421 -0.00526
2.64452 -0.07431 -0.03616
2.29284 0.15553 0.13955
2.73123 0.45847 0.03591
2.62681 -0.06381 0.20097
2.39175 0.00583 0.11466
2.86989 -0.31392 -0.13677
2.92208 -0.10618 0.02864
2.50934 -0.13860 -0.13754
2.48837 -0.18525 -0.23896
2.62286 0.12046 0.39080
2.56055 0.03086 -0.20974
2.90513 0.01966 -0.19478
2.70879 0.35206 -0.13528
2.79727 -0.57344 0.08978
0
0.31788 -0.03617 -0.22771
-0.08709 0.52006 0.37096
-0.34643 0.12274 -0.38084
-0.26172 0.32370 0.45421
-0.30440 0.27888 0.05620
-0.01593 0.15289 0.29721
0.23558 -0.14641 0.01323
0.04682 -0.16331 -0.01924
-0.07934 0.16956 0.03380
0.16821 0.04650 0.13430
-0.16813 -0.54872 0.17930
-0.54228 0.20610 0.33316
0.07839 0.03780 0.01830
-0.33776 -0.31345 0.09955
0.33638 -0.11040 0.27069
-0.12194 0.09331 -0.41622
-0.06896 0.03448 -0.02891
-0.13823 -0.04323 0.16243
0.09728 0.53999 0.22514
0.37753 -0.33075 0.29903
-0.11427 -0.01187 0.34674
-0.27033 -0.12622 -0.15201
-0.21305 0.20545 0.28210
-0.35173 -0.05090 -0.30913
4.68836 0.00721 0.12465
4.47630 0.34011 0.03458
4.26754 -0.00745 -0.51612
4.36131 0.24236 -0.45140
4.35333 0.47319 -0.04183
4.84888 0.06719 0.49056
4.81472 -0.69042 -0.01793
4.20843 -0.03112 0.56958
3.93480 -0.49108 -0.32393
4.28272 -0.47851 -0.01384
4.62859 0.03264 0.46518
3.91303 0.41397 -0.13486
4.35914 0.13891 0.41985
4.44501 0.41638 -0.46852
4.63146 0.12278 -0.08029
4.13043 -0.39384 0.03957
4.76016 0.18227 0.15588
4.54833 0.04770 -0.48792
4.19535 0.04422 0.16791
4.54905 -0.46311 0.41786
4.75914 -0.11114 0.09429
4.03400 -0.42303 0.31282
4.71498 -0.14856 -0.66549
4.32367 0.11625 -0.01760
0
0.14223 0.19285 0.42234
-0.25577 0.25103 0.27886
0.09583 0.03705 -0.10087
0.34208 0.03512 0.02619
0.14616 0.05070 -0.29359
-0.19502 0.27555 0.25949
0.01238 0.26470 0.04932
-0.20181 -0.11355 -0.20583
0.33851 0.08890 -0.01764
0.21239 -0.07286 0.18325
-0.18721 -0.14786 -0.20337
0.00413 -0.17323 -0.33794
-0.06128 0.18733 0.39044
0.34571 -0.24725 -0.37202
-0.22317 0.42755 0.06182
0.59019 0.19646 0.19016
0.20713 -0.28988 0.28608
0.05503 -0.00565 0.07930
-0.03281 -0.38970 0.15564
-0.06323 0.34392 -0.01692
-0.09405 -0.67274 0.11857
0.25006 -0.43889 -0.11399
-0.30518 0.10307 0.54047
0.16660 -0.10084 0.04357
5.06941 -0.15392 0.26418
5.23620 -0.09502 -0.38347
5.29271 0.33603 0.25832
4.65987 -0.19177 0.09310
4.77543 -0.08022 -0.25692
4.70964 0.08651 0.11930
5.19768 -0.00278 -0.58084
4.80404 -0.32059 0.11474
5.51881 -0.17551 0.38353
5.33711 -0.10522 -0.05497
4.95069 -0.18755 -0.22779
4.90310 0.24344 0.22174
5.00720 0.27154 0.34169
5.11734 0.05233 -0.26134
5.08460 0.32503 0.36582
4.92917 -0.17146 0.57913
4.90821 -0.10224 -0.33977
5.16314 -0.17001 0.06259
4.85237 -0.30401 0.37445
5.19201 -0.33695 0.19641
5.20211 0.39196 -0.11564
5.30247 -0.15707 -0.23719
5.16258 0.74129 -0.03269
5.40317 0.19838 -0.17640
0
0.35668 -0.03067 -0.40760
0.11276 -0.31443 -0.22622
0.03916 -0.05901 -0.09441
-0.06904 0.14376 -0.21442
-0.13966 -0.49061 -0.11490
-0.07103 -0.02118 0.19728
0.13921 -0.26825 0.15403
-0.08086 -0.33072 0.10059
0.09182 0.53627 -0.21491
0.43432 0.65443 -0.11667
0.47713 -0.01091 -0.30045
0.35275 0.31144 -0.18496
-0.24830 -0.25683 0.15109
0.47744 -0.60216 -0.05961
0.12077 -0.30043 0.11226
0.13808 -0.30003 -0.09200
-0.25372 -0.07775 -0.17976
0.10693 0.25647 0.14998
-0.00792 0.14971 -0.15960
0.10021 -0.00655 0.16605
-0.51276 -0.12875 -0.05997
-0.11035 -0.07242 0.14743
0.01852 -0.08639 -0.41528
0.12620 -0.19636 0.04071
5.70107 0.33157 -0.06780
6.17617 0.16173 -0.12720
6.11277 0.12049 -0.52883
5.35399 -0.26250 0.16550
5.63005 -0.07441 0.34839
5.82732 -0.43271 -0.34365
5.84294 0.47272 -0.35989
5.90095 -0.12431 0.47202
5.91033 -0.12674 -0.25385
5.90928 0.31076 0.45791
5.64027 -0.07507 -0.15445
5.95047 0.09282 0.08058
5.58907 -0.01992 0.29392
6.02689 0.24825 -0.34452
5.55689 -0.17168 0.03903
5.78051 0.13228 0.10066
5.65535 0.25484 -0.02610
5.56713 -0.47440 0.12223
5.43060 0.31295 0.10854
5.34192 -0.32174 -0.24166
5.61521 0.07101 0.10303
5.91769 -0.05732 0.31573
5.42100 -0.26717 0.01278
5.40917 -0.39103 0.12327
0
0.43356 -0.20329 0.02883
-0.07069 -0.04497 -0.18098
0.21845 0.37040 -0.07117
0.06916 0.15843 0.34319
-0.31652 0.04248 0.10079
-0.37086 -0.04546 -0.21573
0.09900 -0.20614 0.17165
-0.22623 -0.08238 -0.13842
-0.34390 -0.05716 0.16181
-0.36462 -0.20936 0.20651
0.27218 -0.24606 -0.17029
0.12867 -0.18747 0.31387
-0.20659 0.08899 0.00862
-0.15986 0.04461 0.21581
-0.05793 0.10895 0.00147
-0.05126 0.10408 0.34021
0.07786 -0.13384 0.24874
0.20230 0.12713 0.20842
-0.30941 -0.01536 -0.14729
0.09449 0.58545 0.03649
0.84998 -0.09508 -0.01813
-0.42863 -0.13291 0.03851
-0.24578 -0.15630 -0.47575
-0.05203 -0.39964 -0.19928
2.27775 -0.18630 0.17291
2.17393 0.12911 -0.06596
2.24976 -0.23818 0.37415
2.04336 -0.20221 -0.21895
1.91185 0.13114 0.18514
2.50648 -0.35780 0.07160
2.49021 0.32742 -0.52292
2.47743 0.26461 0.47396
2.22252 -0.30758 -0.24700
2.23044 -0.41038 0.42763
2.30790 -0.30842 0.09660
2.03399 0.01629 0.16065
2.43441 -0.12499 -0.08865
2.08776 -0.07906 -0.38459
1.87060 0.17656 -0.03677
2.00375 0.04941 -0.09166
2.05876 0.40109 -0.04690
2.18920 -0.22686 -0.16373
2.45067 0.39101 -0.18809
2.08984 -0.05567 -0.36711
2.59733 -0.19578 0.31371
2.27726 0.38322 -0.00868
2.35543 0.19102 -0.15145
2.09947 0.05029 -0.05318
0
0.14434 0.12101 -0.37739
-0.12693 -0.33419 0.02560
0.00722 -0.00589 0.18718
-0.00071 -0.29092 0.24746
-0.08716 0.09119 -0.20791
0.37835 -0.03794 -0.08163
-0.19358 -0.09359 0.10335
-0.08977 0.26647 0.33411
-0.06702 -0.28283 0.15449
-0.26784 0.11252 0.00638
-0.23756 -0.22546 -0.25493
-0.23088 0.10085 0.20701
-0.14274 -0.08555 -0.12345
0.09984 -0.24398 -0.05894
0.02088 -0.14486 0.13480
-0.13804 -0.06568 0.36381
-0.01669 0.21623 -0.05178
0.14296 0.27249 0.41076
-0.37020 -0.06806 -0.08603
0.23807 0.13304 -0.16826
0.15719 -0.12403 0.25122
-0.18357 -0.02900 -0.05108
0.22188 0.18268 -0.23265
0.10600 -0.38672 -0.12748
2.99172 -0.16318 0.09445
3.07541 0.30882 -0.00328
2.52529 0.00144 0.11826
2.86235 -0.11970 0.02416
2.39571 0.27407 -0.32388
2.52859 0.51078 0.16393
3.07752 0.48759 0.06751
2.82524 -0.05904 0.09644
2.99668 -0.01673 -0.40792
2.49597 -0.09193 -0.22608
2.60961 0.11161 0.09753
2.89038 -0.24727 -0.25733
2.53809 -0.51664 -0.09000
2.39861 0.34549 -0.02281
3.05131 -0.44490 -0.19127
2.41690 -0.08822 -0.39724
3.19840 0.10493 0.21238
3.11276 0.73163 -0.18537
2.77853 -0.08881 0.46179
3.03631 -0.16395 0.31861
2.52399 -0.22423 -0.62409
3.01734 -0.03557 -0.10840
2.88795 -0.00075 0.07961
2.69551 0.04028 0.28851
0
0.23295 -0.40986 -0.10133
-0.07786 0.38710 -0.01628
-0.09651 -0.35182 -0.06320
-0.00931 0.03924 -0.34244
-0.01690 -0.49776 -0.43104
0.41988 -0.09887 -0.27758
0.58904 -0.32188 -0.01004
0.22420 0.30211 -0.06060
0.11782 -0.03051 -0.13113
0.29942 -0.08767 -0.06705
-0.34525 -0.20945 -0.01346
-0.50629 0.10887 0.14363
-0.26736 0.31392 -0.12815
-0.02413 -0.03425 0.18969
-0.16028 0.09900 -0.16674
0.01891 -0.00808 -0.14100
-0.28965 0.15092 0.13892
0.20140 -0.08526 0.17911
0.12363 -0.34421 0.03171
-0.30650 0.54725 0.05622
0.12971 0.03271 0.09554
-0.49487 0.40656 0.08228
-0.19907 -0.02514 0.07954
0.52573 -0.36571 -0.36724
4.74589 0.31924 -0.29934
4.47379 -0.52300 -0.08177
4.29735 0.05017 -0.28940
3.77840 0.18591 0.41270
3.93278 -0.02379 -0.15086
4.70643 0.00501 0.02004
4.78020 0.28131 -0.40392
4.32915 -0.15576 -0.22797
4.34829 -0.27403 0.01339
4.25689 -0.25472 0.12613
4.67315 0.05265 -0.33581
4.61631 -0.07830 0.00328
4.35974 0.17791 -0.29092
4.22097 -0.32102 -0.55023
4.09253 0.03462 0.01322
4.99210 -0.46291 -0.19368
4.42435 -0.06886 -0.19466
4.45401 0.01651 0.23265
4.66118 0.04837 0.25801
4.51794 -0.11035 -0.33104
4.28034 -0.16774 -0.21498
4.46642 0.03937 0.11552
4.34880 0.02100 -0.21207
4.86433 -0.09724 -0.10168
0
0.10968 -0.23802 0.22139
0.28740 0.14896 0.11287
0.24744 0.28439 0.08013
-0.16802 0.04755 0.35884
0.13231 0.44817 -0.56644
0.08990 -0.04824 -0.06722
-0.21108 -0.02175 -0.64217
0.00271 -0.41004 0.71831
0.06187 0.28770 0.38921
0.01848 -0.40290 0.16295
-0.02041 -0.11199 0.35742
-0.06688 -0.26663 0.07702
-0.29426 -0.10344 0.04018
0.27996 -0.00460 0.11881
0.42415 0.07422 -0.15196
0.29237 -0.19712 0.16069
-0.47415 0.27887 0.29349
-0.63198 0.26468 0.37112
-0.04299 0.17219 0.30250
-0.09911 0.10603 0.48891
0.47682 0.02818 0.41354
0.03221 0.20483 0.43282
-0.16518 0.08030 -0.19023
-0.38758 0.02592 -0.26608
5.23986 -0.10575 0.01348
4.96908 0.23603 -0.16197
5.21571 0.27580 -0.01029
5.56490 0.38397 0.04072
4.83032 -0.29427 0.34450
4.86380 -0.19282 -0.28293
4.98139 0.18373 -0.08901
4.78314 0.34004 -0.48520
4.87016 -0.00580 0.48851
5.34539 -0.39168 -0.05506
5.20434 0.10656 -0.28733
5.11546 0.10079 -0.32828
5.15118 -0.12783 -0.15388
5.36240 -0.01868 -0.40582
5.35409 0.04699 0.38591
5.18151 0.01261 0.30696
4.75687 -0.05625 0.00926
5.22485 0.07530 -0.36624
4.82167 -0.15840 -0.11357
4.82203 0.15167 -0.22266
5.28893 -0.25090 -0.22701
5.34222 -0.06630 -0.06056
5.08695 0.15695 -0.24258
4.89056 0.32512 -0.29714
0
-0.25925 0.34440 0.00502
0.25820 0.26051 -0.01014
0.19493 0.05402 -0.19875
0.14345 0.09004 0.12066
0.48065 -0.16156 0.33694
-0.20070 -0.36570 -0.40181
0.23672 0.02965 0.28644
-0.34594 0.36493 -0.08531
-0.21277 0.14721 -0.05254
-0.26564 -0.26433 -0.03420
-0.20039 0.16646 0.25998
-0.10436 -0.24646 -0.45541
-0.02375 0.14579 -0.17441
-0.34189 -0.40500 0.10261
0.15851 -0.00320 -0.31369
-0.10699 -0.19523 -0.04810
-0.15413 0.09696 -0.02279
-0.18308 0.33985 0.03860
-0.07415 0.10967 -0.26366
-0.03831 -0.09955 -0.35792
-0.11541 0.00465 -0.03789
0.19716 0.56137 -0.42436
-0.08488 0.32984 0.01274
0.13626 -0.86586 -0.16088
5.83421 0.17888 0.38184
5.82915 0.00155 -0.16451
6.00035 -0.10225 -0.25450
6.07869 0.08404 -0.04171
6.46707 0.25007 0.01934
5.56546 -0.29134 0.16588
5.69390 0.05496 -0.32539
5.66794 -0.01606 0.43836
5.44142 -0.30075 -0.04486
6.18380 0.08493 0.18074
5.73460 -0.03693 -0.05904
5.91550 -0.22370 0.14484
5.38268 0.24932 -0.14240
5.74261 0.34509 0.44961
5.53807 0.17973 0.18637
5.91461 0.13328 -0.27308
5.39107 -0.25352 -0.13036
5.48280 0.55619 0.18008
5.90736 -0.21637 0.20542
5.95397 0.18200 0.08079
5.70892 -0.04521 -0.01475
5.54330 -0.04458 0.08203
5.75928 -0.06135 -0.24208
4.90007 0.17063 0.18195
0
0.21525 0.00969 -0.36676
-0.21654 -0.04843 0.13052
0.17096 -0.17263 0.10143
0.14133 -0.11400 0.20330
0.11834 0.16277 -0.08271
0.23990 -0.15359 -0.09458
0.04688 0.16813 -0.22031
-0.04478 -0.22910 -0.04877
0.18661 -0.32569 -0.31965
-0.06323 0.10897 0.23346
-0.26993 0.18621 0.06154
-0.29595 -0.29733 0.07395
0.10588 0.22799 0.13098
-0.04100 -0.55511 0.01185
-0.02120 -0.11617 -0.09705
0.05566 0.70328 0.37636
0.64427 0.42919 -0.02201
-0.06785 0.06869 0.10186
0.11203 -0.35396 -0.05035
-0.21438 -0.24266 0.22781
-0.20449 -0.04216 0.22355
0.02384 0.35002 -0.42958
-0.04673 -0.61784 -0.54324
-0.72686 0.21534 -0.17123
2.39571 0.24409 0.16573
2.51790 0.43432 0.45900
2.71336 0.21213 -0.35332
2.16251 -0.17633 -0.02544
2.53711 0.00424 -0.02778
2.61938 -0.30247 0.51605
2.33052 -0.17879 -0.18439
2.76810 -0.34433 -0.04338
2.03710 0.18168 0.24613
2.13545 0.12460 0.05244
1.91255 -0.03193 -0.32541
1.86442 0.03906 0.03634
2.36026 0.10879 0.14750
2.33241 -0.07901 -0.12466
2.06659 -0.10002 -0.20974
1.88212 0.24346 -0.19535
2.31668 0.06663 0.07642
2.16742 -0.21045 0.22141
2.15802 0.05850 0.14401
2.29338 0.04859 -0.03825
1.69342 0.47479 -0.29286
1.93275 0.07457 0.03430
2.13540 0.17087 0.04927
2.25779 -0.17033 -0.10904
0
0.11638 -0.01966 0.45527
-0.07446 -0.00456 0.29386
-0.12879 -0.13847 0.18058
-0.17942 0.21155 0.37744
0.02762 0.24313 -0.01545
-0.04513 0.36182 0.21963
0.14136 0.12460 -0.35278
0.43033 -0.36263 0.01546
-0.07940 -0.00186 -0.05503
-0.08763 -0.48411 0.17441
0.07536 0.19267 -0.43848
-0.10054 -0.09451 0.00659
0.20061 0.35005 0.10038
0.06235 0.22940 0.29838
-0.34053 -0.17643 -0.62870
0.13335 -0.48417 0.29610
-0.18682 -0.44023 0.03038
-0.05473 -0.28200 0.06473
-0.43193 -0.29253 -0.43005
-0.03464 0.13973 0.03429
0.03316 0.30924 0.11530
0.08944 0.28759 -0.06248
-0.03070 0.46935 -0.15502
0.05305 0.41301 0.20744
2.87034 0.07539 -0.21905
2.40132 0.49324 -0.26676
2.74694 0.46804 0.14807
2.90110 -0.07476 -0.52817
3.22468 -0.03796 0.09848
2.91621 -0.45859 -0.09978
2.95363 -0.11989 -0.12219
3.18935 -0.20412 0.36844
2.91091 0.29494 -0.16064
2.16181 -0.05146 0.04332
2.84763 0.09741 0.28381
2.64464 0.18082 0.22384
2.42769 0.15788 -0.24987
2.79749 -0.21920 -0.40251
2.74419 0.07954 -0.18249
2.99611 0.00578 -0.18613
2.89679 -0.04216 -0.19490
2.46814 0.19740 -0.10965
3.31722 -0.22727 0.22014
2.84987 -0.16068 -0.29717
2.80980 -0.15374 -0.47511
2.78354 -0.16190 0.05506
2.86922 0.60794 0.29059
2.62334 0.15239 -0.14598
0
0.33469 0.05685 0.03329
-0.49598 0.02961 0.07849
-0.29718 -0.20551 0.41147
-0.13984 -0.06126 -0.54919
-0.22726 0.12823 -0.12990
0.06629 -0.28097 -0.30942
0.13694 -0.13995 -0.37328
0.21854 0.17275 0.04011
0.22892 -0.08852 0.11271
0.37383 -0.35905 -0.26292
0.08412 -0.21354 -0.27882
-0.10193 -0.27351 0.39728
0.14245 0.13618 0.74948
-0.15218 0.13935 0.32080
-0.21363 -0.31999 0.18906
-0.01565 0.06040 -0.24051
-0.20928 -0.30678 -0.00814
-0.00278 -0.15588 -0.20722
-0.13947 0.12651 0.04675
0.24137 0.18724 -0.11278
-0.01874 -0.25089 0.24389
-0.07457 -0.13675 -0.38393
-0.32317 -0.05783 0.03980
0.27154 -0.37935 0.05533
4.79218 0.23663 0.06510
4.13163 -0.46199 -0.01834
3.98061 -0.13651 -0.03093
4.43992 0.25337 -0.19019
4.61725 0.07725 0.29724
4.47833 0.06872 0.14157
4.38670 0.07376 -0.42000
4.45865 0.10208 0.39396
3.97229 -0.15824 -0.43855
4.07972 -0.00682 0.05981
4.26377 -0.22681 -0.02702
4.36273 -0.11310 -0.11622
4.04800 -0.08324 0.08714
4.53791 -0.00781 0.33681
4.25252 -0.28458 -0.06378
4.53974 0.11562 0.36247
4.40652 0.02998 -0.06193
4.65390 -0.16993 0.07393
4.50310 0.19759 -0.47029
4.66615 0.66164 0.12799
3.88620 -0.10146 0.66249
4.05610 -0.11471 0.02149
4.73134 -0.07881 -0.25986
4.13174 -0.04491 0.19821
0
-0.02537 0.11795 -0.07091
-0.01550 0.04368 0.24393
-0.21898 -0.11578 0.49889
0.26160 -0.12118 -0.46171
-0.17015 -0.06307 0.30607
0.19835 0.18902 0.15195
0.30313 0.32054 0.27900
-0.20535 0.03856 0.06007
-0.04621 -0.22397 0.11187
0.24190 0.01924 0.48523
-0.24675 0.03406 -0.39393
-0.30681 0.14230 0.09946
0.12047 0.33067 0.09109
0.20949 0.11742 -0.43583
0.05697 -0.11750 -0.08578
0.10363 -0.02535 0.02371
0.24115 -0.48341 -0.08436
0.11368 0.33537 -0.01847
0.38342 0.00570 -0.15138
-0.22667 0.27982 -0.07991
-0.07630 0.15666 -0.48960
0.08814 -0.07903 0.05805
-0.02828 0.43440 0.09048
-0.04172 -0.09609 0.33140
5.25062 -0.09437 0.13152
5.30940 -0.18446 -0.15531
4.97096 -0.12183 -0.01443
5.18430 0.27350 -0.13725
5.05840 -0.17288 -0.42061
5.14548 0.01525 0.15494
5.74012 -0.09693 0.14874
4.98453 0.20712 0.29155
5.22562 0.03763 -0.06684
5.36341 -0.17605 -0.26303
5.37558 0.05727 -0.17203
5.13859 0.06958 0.14371
5.00878 -0.33522 -0.13829
5.27981 0.00779 -0.00971
5.02093 0.56092 -0.08362
5.14976 0.12549 -0.24766
5.09764 -0.11540 0.36942
4.92956 -0.10969 0.00344
5.31464 -0.02118 0.00356
4.82651 0.45068 -0.04232
5.09530 -0.01160 -0.03236
4.73225 0.00151 0.18097
5.01974 0.15432 0.24980
5.32067 -0.15008 0.03472
0
0.13091 0.09448 0.27737
-0.09951 0.61998 0.22570
0.25985 -0.10556 -0.28231
-0.36812 0.12979 -0.14582
-0.04650 -0.09888 0.14578
-0.23884 -0.18338 0.11492
-0.12151 -0.07704 0.22376
0.22775 0.27848 0.35372
0.00749 -0.09187 0.31706
-0.20472 -0.14924 -0.01994
-0.01303 -0.16656 0.18621
0.56046 0.49346 -0.00521
-0.28887 0.31658 -0.01252
0.25799 -0.17804 -0.01951
0.21843 0.18276 -0.16755
0.15313 -0.43965 0.03817
-0.16669 0.19389 -0.30938
-0.44421 -0.20130 0.12424
0.22928 -0.15538 -0.44331
0.21342 0.18173 0.33665
-0.08484 0.01235 -0.01037
-0.06160 -0.42098 -0.17140
-0.07849 -0.23590 -0.24707
-0.00143 -0.41217 -0.35472
5.70164 0.15561 0.14242
5.45884 -0.37300 0.35478
5.53293 -0.02003 0.07267
6.05768 -0.27505 0.12288
6.33206 -0.07024 0.22120
5.51707 -0.13188 0.35172
5.80801 -0.01448 0.22504
5.67807 -0.13595 0.19249
5.82150 -0.08332 -0.17280
5.85088 0.14766 -0.34869
6.39185 -0.13383 -0.13465
5.91523 0.23417 0.30445
5.98803 0.34265 -0.27719
5.33040 0.39228 0.32894
5.25986 -0.00878 0.13446
5.42287 0.12591 -0.34030
5.81570 -0.20345 -0.12276
5.89466 0.22986 0.10933
5.59007 0.26951 -0.10413
5.64693 -0.09780 -0.27393
5.91789 -0.14513 -0.15219
5.66163 0.76439 0.20145
5.45243 -0.41820 -0.16476
5.71334 -0.06293 0.36064
0
-0.31618 0.24802 -0.27625
-0.24064 0.19366 -0.59360
-0.20772 0.04469 0.16693
-0.17888 -0.15769 -0.20223
-0.34526 -0.26123 -0.11895
0.21743 0.23739 -0.19779
-0.02125 -0.13926 -0.23871
0.08945 -0.04494 -0.00998
-0.57750 0.04357 0.08198
-0.06021 -0.01344 0.00646
-0.08923 0.21798 -0.22563
0.18083 -0.04537 0.17857
0.05386 -0.16427 0.08549
-0.32123 -0.09452 -0.05391
0.37918 0.28782 0.02421
-0.00504 -0.14716 0.63992
0.05773 0.10827 0.73004
-0.34844 0.18986 -0.50226
-0.18439 0.14485 0.11200
0.16298 0.39097 -0.27406
-0.12716 0.01496 -0.08872
-0.24083 -0.09610 0.18509
0.00133 0.00874 0.02530
0.11526 -0.16060 0.07613
2.44033 0.00429 0.27091
2.64187 -0.00598 -0.15750
2.19780 -0.08855 -0.01496
1.95335 0.06269 -0.05756
2.22316 0.05276 0.22068
2.43840 0.40196 -0.00799
1.85590 0.04873 -0.15731
2.28981 -0.27558 0.21809
2.30103 0.44303 -0.18655
2.27724 -0.50570 0.12693
2.64144 0.27388 0.17605
2.08301 0.59932 -0.06532
1.90926 0.32821 -0.27379
2.19772 0.33658 -0.18200
2.57479 0.01918 -0.19375
2.20059 0.32855 0.27547
2.41832 0.13972 0.21038
2.68214 0.21203 0.00690
2.30810 0.41252 0.17217
2.21031 -0.50475 -0.04114
2.54735 0.16544 0.03247
2.59985 0.20457 0.16795
2.28658 0.09218 -0.26796
2.16197 -0.25646 -0.11731
0
0.11165 0.09079 0.03909
0.36037 -0.10683 -0.14880
-0.08133 -0.18677 -0.45520
0.06483 0.25591 -0.08858
-0.01414 -0.00990 0.14528
0.15571 0.26311 0.06895
0.00019 0.24330 0.13430
-0.41675 -0.19438 -0.08398
0.51645 0.04967 0.34114
-0.29679 -0.05262 0.05809
0.18685 0.02190 0.04327
0.06272 0.03955 0.25862
-0.14953 -0.03104 0.25382
0.05555 -0.06369 0.54967
-0.18403 0.07595 -0.18304
0.31794 0.22277 -0.25628
-0.07589 0.11208 -0.34635
-0.17394 -0.03648 0.29983
-0.30794 0.40299 -0.40341
0.00961 -0.05616 -0.47614
0.35169 0.00190 0.24104
0.15172 -0.15366 -0.52501
0.08589 -0.04355 0.22962
-0.06135 -0.12148 0.03678
2.86090 -0.12960 0.09945
2.80894 -0.09430 -0.13297
2.69097 0.01339 -0.11801
2.88140 -0.34403 0.30860
2.32986 -0.09050 -0.41102
3.10090 0.03678 0.21415
2.78483 -0.07031 0.31747
2.48920 0.18385 0.09577
2.44059 0.03692 0.08993
2.87641 -0.39065 -0.12835
3.02397 0.09557 -0.00670
2.78524 -0.29886 0.04275
2.90657 0.18807 0.00803
2.63068 0.14964 -0.06817
2.93927 -0.32067 0.11161
2.89333 -0.28326 0.08298
2.41825 0.00715 0.02300
2.93906 0.50787 -0.00162
2.59862 -0.40127 -0.10931
2.84306 0.33580 -0.11938
3.08878 -0.03264 -0.02168
3.04402 -0.09747 -0.35059
2.92198 -0.08695 -0.30074
2.79337 0.39930 -0.11893
0
0.11492 0.20429 -0.13668
-0.13586 -0.25029 0.10847
-0.02211 0.14970 -0.09830
0.21270 -0.26670 -0.02637
0.12760 0.12801 -0.12836
-0.12693 0.24658 -0.43979
0.12520 0.50694 0.14022
0.04313 0.02864 0.24921
-0.37107 -0.29179 -0.59416
-0.12497 0.06157 -0.67085
-0.18647 0.07628 0.26381
-0.02076 0.34973 0.03449
-0.21803 -0.08765 -0.23748
0.09207 0.00728 0.33497
0.12633 0.25768 0.34118
0.07430 0.01859 -0.46450
-0.23033 0.10614 0.09314
0.19704 0.20918 0.20816
0.35861 0.09310 -0.15389
0.22120 0.43701 -0.30497
0.03395 0.31635 0.17083
0.08711 -0.03597 0.52894
-0.31576 0.68101 0.08209
-0.01620 -0.27680 -0.42508
4.21031 -0.05483 -0.36148
4.36152 -0.24885 0.26018
4.29771 0.12370 -0.10480
4.30739 -0.17110 0.15756
4.11588 0.39621 0.07630
4.07817 -0.29610 0.08622
4.64065 0.14811 0.25940
4.36605 -0.64481 0.09741
4.32555 0.52347 0.03943
4.71689 0.44984 -0.05960
4.44071 0.43623 -0.10229
4.45074 -0.01595 -0.18395
4.73006 0.00097 0.06577
4.41677 -0.09191 0.23521
4.57116 -0.31834 -0.10793
5.08372 0.24005 0.03069
4.54834 0.00544 -0.03624
4.13856 -0.20692 0.16055
4.28168 0.07341 0.12324
4.15625 0.09294 -0.02909
4.40802 -0.04315 0.10107
4.32065 -0.23934 -0.01859
4.60115 0.12739 -0.04045
4.08130 0.07480 -0.15370
# experimental target P_exp(r), one value per bin (re-normalized on load)
0.00000000
0.00000001
0.00000004
0.00000027
0.00000160
0.00000846
0.00004007
0.00016986
0.00064438
0.00218749
0.00664501
0.01806301
0.04393693
0.09563444
0.18627046
0.32465247
0.50633562
0.70664828
0.88249690
0.98620712
0.98620712
0.88249690
0.70664828
0.50633562
0.32465247
0.18627046
0.09563444
0.04393693
0.01806301
0.00664501
0.00218749
0.00064438
0.00016986
0.00004007
0.00000846
0.00000160
0.00000027
0.00000004
0.00000001
0.00000000
0.00000000
0.00000000
0.00000000
0.00000000
0.00000000
0.00000000
0.00000000
0.00000000
0.00000000
0.00000000
