# SYNTHETIC conformer set for Project 1.13 (NOT real molecules).
# Format: N, then a QUERY block, then N library blocks.
# Each block: M, label, then M lines of 'x y z radius' (angstrom).
9
7
QUERY
1.3900 0.0000 0.0000 1.7000
0.6950 1.2038 0.0000 1.7000
-0.6950 1.2038 0.0000 1.7000
-1.3900 0.0000 0.0000 1.7000
-0.6950 -1.2038 0.0000 1.7000
0.6950 -1.2038 0.0000 1.7000
2.6000 0.0000 0.0000 1.7000
7
lib_00_self
1.3900 0.0000 0.0000 1.7000
0.6950 1.2038 0.0000 1.7000
-0.6950 1.2038 0.0000 1.7000
-1.3900 0.0000 0.0000 1.7000
-0.6950 -1.2038 0.0000 1.7000
0.6950 -1.2038 0.0000 1.7000
2.6000 0.0000 0.0000 1.7000
7
lib_01_jitter
1.3900 0.1500 0.0000 1.7000
0.8437 1.1038 0.1175 1.7000
-0.7333 1.1870 0.1461 1.7000
-1.5289 0.1224 0.0641 1.7000
-0.6209 -1.3500 -0.0664 1.7000
0.8148 -1.1313 -0.1466 1.7000
2.4950 0.0496 -0.1159 1.7000
7
lib_02_shift05
1.8900 0.0000 0.0000 1.7000
1.1950 1.2038 0.0000 1.7000
-0.1950 1.2038 0.0000 1.7000
-0.8900 0.0000 0.0000 1.7000
-0.1950 -1.2038 0.0000 1.7000
1.1950 -1.2038 0.0000 1.7000
3.1000 0.0000 0.0000 1.7000
7
lib_03_shift15
2.8900 0.0000 0.0000 1.7000
2.1950 1.2038 0.0000 1.7000
0.8050 1.2038 0.0000 1.7000
0.1100 0.0000 0.0000 1.7000
0.8050 -1.2038 0.0000 1.7000
2.1950 -1.2038 0.0000 1.7000
4.1000 0.0000 0.0000 1.7000
7
lib_04_rot
1.2038 0.6950 0.0000 1.7000
0.0000 1.3900 0.0000 1.7000
-1.2038 0.6950 0.0000 1.7000
-1.2038 -0.6950 0.0000 1.7000
-0.0000 -1.3900 0.0000 1.7000
1.2038 -0.6950 0.0000 1.7000
2.2517 1.3000 0.0000 1.7000
9
lib_05_grow
1.3900 0.0000 0.0000 1.7000
0.6950 1.2038 0.0000 1.7000
-0.6950 1.2038 0.0000 1.7000
-1.3900 0.0000 0.0000 1.7000
-0.6950 -1.2038 0.0000 1.7000
0.6950 -1.2038 0.0000 1.7000
2.6000 0.0000 0.0000 1.7000
0.0000 0.0000 1.6000 1.9000
0.0000 0.0000 -1.6000 1.9000
5
lib_06_shrink
1.3900 0.0000 0.0000 1.7000
0.6950 1.2038 0.0000 1.7000
-0.6950 1.2038 0.0000 1.7000
-1.3900 0.0000 0.0000 1.7000
-0.6950 -1.2038 0.0000 1.7000
7
lib_07_far
9.3900 0.0000 0.0000 1.7000
8.6950 1.2038 0.0000 1.7000
7.3050 1.2038 0.0000 1.7000
6.6100 0.0000 0.0000 1.7000
7.3050 -1.2038 0.0000 1.7000
8.6950 -1.2038 0.0000 1.7000
10.6000 0.0000 0.0000 1.7000
7
lib_08_line
0.0000 0.0000 0.0000 1.7000
1.5000 0.0000 0.0000 1.7000
3.0000 0.0000 0.0000 1.7000
4.5000 0.0000 0.0000 1.7000
6.0000 0.0000 0.0000 1.7000
7.5000 0.0000 0.0000 1.7000
9.0000 0.0000 0.0000 1.7000
