32 0.01 60 1
41.86914 0 1 4.989109e-20
-16.0075 2.043195 1 4.017221e-18
-20.89394 0.04175418 1 1.997048e-16
20.42855 1.012815 1 6.129309e-15
0 0 0 1.161434e-13
0 0 0 1.358745e-12
0 0 0 9.813892e-12
0 0 0 4.376277e-11
0 0 0 1.204838e-10
0 0 0 2.047917e-10
-0.6949748 -1.380164e-06 1 2.149099e-10
0 0 0 1.392389e-10
0 0 0 5.569609e-11
0 0 0 1.375464e-11
0 0 0 2.09717e-12
-0.0008780104 -0.04248434 1 1.974142e-13
0 0 0 1.147317e-14
0 0 0 4.116691e-16
0 0 0 9.119594e-18
0 0 0 1.24818e-19
0 0 0 1.192339e-21
0 0 0 1.587974e-22
0 0 0 1.223157e-22
0 0 0 7.064374e-23
1.051182 0.1390452 1 2.954775e-23
-0.5571024 3.397454 1 8.948947e-24
1.05539 -2.840635 1 1.962528e-24
0 0 0 3.116416e-25
-0.9186794 5.206572 1 3.583364e-26
20.42855 -1.012815 1 2.98348e-27
-20.89394 -0.04175418 1 1.798673e-28
-16.0075 -2.043195 1 7.851955e-30
-25.26918 -5.751165 1 4.017221e-18
4.026505 -13.33116 1 3.234658e-16
16.23896 16.21054 1 1.608019e-14
-9.144175 0.7016457 1 4.935307e-13
-4.170808 -9.450956 1 9.351844e-12
2.082029 3.618025 1 1.094058e-10
3.715219 1.256747 1 7.902126e-10
0 0 0 3.523769e-09
0 0 0 9.701328e-09
0 0 0 1.648979e-08
0 0 0 1.73045e-08
0 0 0 1.121148e-08
0 0 0 4.484638e-09
0 0 0 1.107521e-09
0 0 0 1.688637e-10
0 0 0 1.589575e-11
0 0 0 9.23817e-13
0.01674483 -0.029024 1 3.314752e-14
0 0 0 7.343153e-16
-0.06344641 0.06274105 1 1.006579e-17
0 0 0 1.195543e-19
0 0 0 3.872832e-20
0 0 0 3.054373e-20
0 0 0 1.764272e-20
0.04513674 -0.08987302 1 7.379824e-21
0 0 0 2.23534e-21
0 0 0 4.902551e-22
0 0 0 7.784735e-23
5.788436 -8.336011 1 8.950126e-24
-13.37412 -0.9599915 1 7.451142e-25
7.062796 2.289663 1 4.491968e-26
15.82552 8.898436 1 1.960915e-27
-1.476824 2.243733 1 1.997048e-16
2.653049 25.03897 1 1.608019e-14
-2.813516 -23.05568 1 7.993814e-13
0.09530242 -5.080616 1 2.453449e-11
0 0 0 4.649006e-10
0 0 0 5.438803e-09
0 0 0 3.928319e-08
0 0 0 1.751743e-07
1.4232 0.3618393 1 4.822742e-07
0 0 0 8.197432e-07
0 0 0 8.602443e-07
0 0 0 5.573474e-07
0.02734243 0.1904746 1 2.229411e-07
-0.09238578 0.04205733 1 5.505727e-08
-0.02007893 -0.06264205 1 8.394585e-09
0.0300444 -0.007833358 1 7.902126e-10
0.01014805 0.02684494 1 4.592496e-11
0 0 0 1.647836e-12
0 0 0 3.650584e-14
0 0 0 5.033875e-16
0 0 0 1.050003e-17
0 0 0 6.945536e-18
0 0 0 5.52427e-18
0 0 0 3.194183e-18
0 0 0 1.340178e-18
0 0 0 4.080249e-19
0 0 0 8.980421e-20
0 0 0 1.423409e-20
-4.820003 0.7164839 1 1.628101e-21
-5.517987 -0.1402039 1 1.350074e-22
9.158139 8.187294 1 8.126268e-24
-3.28856 -17.28825 1 3.546163e-25
7.532523 4.544839 1 6.129309e-15
1.065101 -16.12938 1 4.935307e-13
-1.269805 11.03673 1 2.453449e-11
-4.648613 4.909983 1 7.530086e-10
0 0 0 1.426866e-08
0 0 0 1.669269e-07
0 0 0 1.205674e-06
0 0 0 5.376421e-06
0 0 0 1.480188e-05
0 0 0 2.515943e-05
0 0 0 2.640248e-05
0 0 0 1.710602e-05
0 0 0 6.842475e-06
0.08243073 0.05781538 1 1.689809e-06
0 0 0 2.576453e-07
0 0 0 2.425308e-08
0 0 0 1.409522e-09
0 0 0 5.057519e-11
0 0 0 1.120629e-12
-0.1025907 -0.02330224 1 1.586396e-14
0 0 0 9.522947e-16
0 0 0 9.078167e-16
0 0 0 7.275185e-16
0 0 0 4.320535e-16
0 0 0 1.960507e-16
0 0 0 6.723301e-17
2.497323 2.065086 1 1.593485e-17
0 0 0 2.432935e-18
2.17689 2.461695 1 2.481338e-19
12.39518 5.392419 1 1.8645e-20
-11.52068 -10.64699 1 1.076114e-21
-3.794911 7.917574 1 4.650132e-23
0 0 0 1.161434e-13
0 0 0 9.351844e-12
-2.652713 3.000149 1 4.649006e-10
0 0 0 1.426866e-08
0 0 0 2.703748e-07
0 0 0 3.163075e-06
0 0 0 2.284614e-05
0 0 0 0.0001018771
-1.765395 1.128476 1 0.0002804788
0 0 0 0.0004767425
0 0 0 0.000500297
0.04684847 0.2715536 1 0.0003241396
0 0 0 0.0001296571
-0.05220474 -0.08513393 1 3.201996e-05
0 0 0 4.882085e-06
0 0 0 4.595682e-07
-0.01650266 0.009696861 1 2.670883e-08
0 0 0 9.58349e-10
0 0 0 2.125416e-11
0.04551465 0.0408083 1 3.41636e-13
0 0 0 8.053108e-14
0 0 0 8.694502e-14
0.332633 -0.5084625 1 7.575058e-14
0 0 0 6.335458e-14
-0.03996976 1.108733 1 5.194351e-14
0 0 0 2.876469e-14
0 0 0 8.283051e-15
0 0 0 1.153647e-15
-2.704057 1.955975 1 8.020634e-17
0 0 0 3.336184e-18
0 0 0 1.215852e-19
0 0 0 4.518812e-21
-3.725394 3.499372 1 1.358745e-12
0.3542986 8.426412 1 1.094058e-10
3.173618 -5.604942 1 5.438803e-09
0 0 0 1.669269e-07
0 0 0 3.163075e-06
0 0 0 3.700434e-05
0 0 0 0.0002672736
0 0 0 0.001191845
0 0 0 0.00328128
0 0 0 0.005577341
-0.3142247 -0.008927682 1 0.005852901
0 0 0 0.003792061
0 0 0 0.001516839
0.008368092 0.05816535 1 0.0003745967
0 0 0 5.711479e-05
0 0 0 5.376421e-06
0 0 0 3.124628e-07
0 0 0 1.121206e-08
0 0 0 2.500393e-10
0 0 0 6.918563e-12
0 0 0 5.429956e-12
0 0 0 6.632921e-12
0 0 0 1.007642e-11
0 0 0 2.046991e-11
0 0 0 2.758117e-11
0.07813606 0.424584 1 1.809518e-11
0 0 0 5.444505e-12
0 0 0 7.437212e-13
0 0 0 4.631475e-14
0 0 0 1.358246e-15
0 0 0 2.242655e-17
5.688206 -12.30172 1 3.893336e-19
0 0 0 9.813892e-12
0 0 0 7.902126e-10
0 0 0 3.928319e-08
0 0 0 1.205674e-06
-0.4044399 -0.07289856 1 2.284614e-05
0 0 0 0.0002672736
0 0 0 0.001930454
0 0 0 0.008608412
0 0 0 0.02369991
0 0 0 0.04028381
0.2070665 0.294032 1 0.04227412
0 0 0 0.02738916
0 0 0 0.01095577
0 0 0 0.002705624
0 0 0 0.0004125266
0 0 0 3.883262e-05
-0.01013332 -0.006150825 1 2.256851e-06
0 0 0 8.100661e-08
0 0 0 1.877169e-09
-0.03224222 0.05065596 1 1.999646e-10
0 0 0 2.81617e-10
0 0 0 5.398066e-10
0.2070674 0.2940323 1 2.042332e-09
-0.01589866 0.2158033 1 6.113774e-09
-0.8851225 -0.6897797 1 8.963053e-09
0 0 0 5.995721e-09
2.082268 0.2332158 1 1.81207e-09
0 0 0 2.470479e-10
0 0 0 1.520322e-11
3.402374 -2.7296 1 4.244991e-13
0 0 0 5.565776e-15
-4.549392 5.281582 1 4.436028e-17
0 0 0 4.376277e-11
0 0 0 3.523769e-09
0 0 0 1.751743e-07
0 0 0 5.376421e-06
0 0 0 0.0001018771
-1.873348 1.136322 1 0.001191845
0.4935033 -0.5103767 1 0.008608412
0 0 0 0.03838721
0 0 0 0.1056843
0 0 0 0.1796363
0 0 0 0.1885116
0.09947417 -0.01575301 1 0.1221356
0 0 0 0.04885472
0 0 0 0.0120651
0 0 0 0.001839567
0 0 0 0.0001731651
0 0 0 1.006413e-05
-0.01157796 0.004629522 1 3.621354e-07
0 0 0 1.099833e-08
0 0 0 6.472744e-09
0 0 0 1.188276e-08
0 0 0 4.796198e-08
-0.07885544 -0.2382092 1 2.828594e-07
0 0 0 9.121969e-07
0 0 0 1.353716e-06
0 0 0 9.079474e-07
-0.1925704 -0.8473707 1 2.745708e-07
0 0 0 3.742375e-08
0 0 0 2.299352e-09
-0.2872364 0.4063577 1 6.376243e-11
0 0 0 8.048357e-13
0 0 0 4.992889e-15
0 0 0 1.204838e-10
0 0 0 9.701328e-09
0 0 0 4.822742e-07
0 0 0 1.480188e-05
0.5109541 -0.6620079 1 0.0002804788
0.8213037 0.2345381 1 0.00328128
-0.2147386 0.5853424 1 0.02369991
0 0 0 0.1056843
0.02963292 -0.2904263 1 0.2909605
0 0 0 0.4945587
-0.02771018 0.09707511 1 0.5189934
0 0 0 0.3362528
0.020256 -0.03604025 1 0.1345025
0 0 0 0.03321656
0 0 0 0.005064531
0 0 0 0.0004767438
0 0 0 2.771367e-05
0 0 0 1.021085e-06
0 0 0 1.002244e-07
-0.02176323 -0.009130523 1 1.688505e-07
0 0 0 4.069015e-07
0.08347584 0.03798108 1 2.832926e-06
-0.02771039 0.09707481 1 1.898636e-05
0 0 0 6.217305e-05
0 0 0 9.248536e-05
0 0 0 6.206229e-05
0 0 0 1.877031e-05
0 0 0 2.558249e-06
0 0 0 1.571326e-07
-0.3245928 0.5039256 1 4.351585e-09
0 0 0 5.451297e-11
0 0 0 3.185425e-13
0 0 0 2.047917e-10
-0.4492641 -0.3467605 1 1.648979e-08
1.021719 -1.045717 1 8.197432e-07
0.03116487 0.612113 1 2.515943e-05
0 0 0 0.0004767425
0 0 0 0.005577341
0 0 0 0.04028381
0 0 0 0.1796363
-0.08732544 0.06241751 1 0.4945587
0 0 0 0.8406237
0 0 0 0.8821565
0 0 0 0.5715441
0 0 0 0.2286199
-0.009111496 -0.01151596 1 0.05645969
0 0 0 0.008608415
0.002705246 0.004279193 1 0.0008103638
0 0 0 4.722159e-05
0 0 0 2.198087e-06
0.006390468 -0.005941398 1 1.514013e-06
0 0 0 3.233516e-06
0 0 0 9.554913e-06
-0.04476449 -0.04895701 1 8.400452e-05
0 0 0 0.0005824033
0 0 0 0.001914218
0 0 0 0.002849109
0 0 0 0.001912128
0.4981902 -0.3253641 1 0.0005783259
0 0 0 7.882039e-05
0 0 0 4.840946e-06
0 0 0 1.34021e-07
0 0 0 1.675848e-09
0 0 0 9.646911e-12
0 0 0 2.149099e-10
-0.1984955 0.1621974 1 1.73045e-08
-0.80056 0.3697036 1 8.602443e-07
0.3008686 -0.4784659 1 2.640248e-05
0 0 0 0.000500297
0 0 0 0.005852901
0 0 0 0.04227412
0 0 0 0.1885116
0 0 0 0.5189934
0.008869035 0.08138052 1 0.8821565
-0.0629734 4.874793e-06 1 0.9257413
0 0 0 0.5997825
0 0 0 0.2399153
-0.0009740762 0.01127045 1 0.0592492
0 0 0 0.009033769
0 0 0 0.0008506906
0 0 0 5.115485e-05
0 0 0 8.719547e-06
-0.005315639 -0.0002351124 1 2.021891e-05
0 0 0 4.421268e-05
0 0 0 0.0001316337
0 0 0 0.00116519
0 0 0 0.008085207
0 0 0 0.02657656
0 0 0 0.03955692
0 0 0 0.02654799
-0.1827321 -0.001737159 1 0.008029483
0 0 0 0.001094343
0 0 0 6.721161e-05
0.3009579 0.478467 1 1.860731e-06
-0.8005587 -0.3696027 1 2.32662e-08
-0.1986056 -0.1621984 1 1.338801e-10
0 0 0 1.392389e-10
0 0 0 1.121148e-08
0 0 0 5.573474e-07
-0.1508485 0.280802 1 1.710602e-05
0 0 0 0.0003241396
0 0 0 0.003792061
0 0 0 0.02738916
-0.0637092 0.06264579 1 0.1221356
0 0 0 0.3362528
0 0 0 0.5715441
0 0 0 0.5997825
0 0 0 0.3885956
0 0 0 0.1554398
0 0 0 0.03838725
0 0 0 0.005853306
-0.00106557 0.001679346 1 0.0005540538
-0.001241654 -0.0009822247 1 4.917185e-05
0 0 0 6.988622e-05
0 0 0 0.000199632
0 0 0 0.0004307417
-0.01101749 -0.006575403 1 0.001058038
0 0 0 0.007547851
0 0 0 0.05078743
-0.04473611 0.0489582 1 0.1663828
-0.04438265 -0.03210907 1 0.2475191
0 0 0 0.1661001
0.0700709 0.118003 1 0.050236
0 0 0 0.006846769
0 0 0 0.0004205383
0 0 0 1.164582e-05
0.3714202 0.2955791 1 1.458572e-07
0 0 0 8.507919e-10
-0.02072262 0.1948936 1 5.569609e-11
0 0 0 4.484638e-09
0 0 0 2.229411e-07
0 0 0 6.842475e-06
0 0 0 0.0001296571
0 0 0 0.001516839
-0.05762833 -0.09260596 1 0.01095577
0.06989764 -0.004083336 1 0.04885472
0 0 0 0.1345025
-0.03459601 0.009587621 1 0.2286199
0 0 0 0.2399153
0 0 0 0.1554398
0 0 0 0.06217654
0 0 0 0.01535531
0 0 0 0.002344089
0 0 0 0.0002425903
0.0003036951 0.0008698726 1 0.0001357086
0 0 0 0.0004929876
0 0 0 0.001429644
0 0 0 0.003035883
0.002434644 0.00573231 1 0.005754127
0 0 0 0.02433022
0 0 0 0.1456013
0 0 0 0.470426
0 0 0 0.6983239
0 0 0 0.4684003
0 0 0 0.1416501
0 0 0 0.01930667
0 0 0 0.001186175
0 0 0 3.288799e-05
-0.04497504 -0.1356442 1 4.147416e-07
0.2530579 -0.1226196 1 2.5547e-09
0 0 0 1.375464e-11
0 0 0 1.107521e-09
0 0 0 5.505727e-08
0 0 0 1.689809e-06
0 0 0 3.201996e-05
0 0 0 0.0003745967
0 0 0 0.002705624
-0.03873123 -0.009002628 1 0.0120651
0.01043892 -0.02307107 1 0.03321656
0 0 0 0.05645969
0 0 0 0.0592492
0 0 0 0.03838722
0.0009614154 -0.003810788 1 0.01535513
0.001854546 0.0007406044 1 0.003793489
-0.0002621552 0.001039481 1 0.0005932498
0 0 0 0.0001696418
0 0 0 0.0006408269
0 0 0 0.002555564
0 0 0 0.007415992
-0.002051285 -0.0005645056 1 0.01562306
0 0 0 0.02521188
0.006019105 0.001347136 1 0.05062748
0 0 0 0.200674
0 0 0 0.6066142
0.005266997 -0.02798675 1 0.8907981
0 0 0 0.5961038
0 0 0 0.1801735
-0.07457839 -0.03370416 1 0.02456302
0 0 0 0.001511266
0 0 0 4.215749e-05
0 0 0 5.499372e-07
0 0 0 4.255123e-09
0 0 0 2.09717e-12
0 0 0 1.688637e-10
0 0 0 8.394585e-09
0 0 0 2.576453e-07
0 0 0 4.882085e-06
0 0 0 5.711479e-05
0.02506795 -0.01399335 1 0.0004125266
0.01176677 0.01172965 1 0.001839567
0 0 0 0.005064531
-0.004440834 -0.006529312 1 0.008608412
0 0 0 0.009033729
0 0 0 0.005852919
-0.001382052 0.001222345 1 0.002341552
-0.0006934454 -0.0008888635 1 0.0005835409
0 0 0 0.0001447869
0 0 0 0.0004411584
0 0 0 0.002396148
-0.0002157853 -0.0002543814 1 0.009600688
0 0 0 0.02785979
0 0 0 0.0585623
0 0 0 0.08992622
0 0 0 0.11215
0.004264163 -0.004082594 1 0.181203
0 0 0 0.3855114
-0.008717493 0.008720123 1 0.525863
-0.01291502 -0.01767675 1 0.3460245
0.01838955 -0.01328825 1 0.1041838
0 0 0 0.01422728
0 0 0 0.0008843869
-0.03269284 -0.03360401 1 2.574673e-05
0 0 0 4.123308e-07
0.03084859 0.04712424 1 6.695296e-09
0 0 0 1.974142e-13
0 0 0 1.589575e-11
0 0 0 7.902126e-10
0 0 0 2.425308e-08
0.02412915 -0.001651728 1 4.595682e-07
0.004133391 0.01583166 1 5.376421e-06
0 0 0 3.883263e-05
0 0 0 0.0001731652
0.006938201 -0.001846172 1 0.000476744
0 0 0 0.0008103485
0 0 0 0.0008504006
0 0 0 0.0005510371
0 0 0 0.0002214125
0.0001253852 0.0005501889 1 6.903331e-05
0 0 0 0.0001623636
-3.33684e-05 -0.0001686338 1 0.001178329
0 0 0 0.006517189
0 0 0 0.02611755
-0.0003078022 6.128836e-05 1 0.07578872
0 0 0 0.1592535
0 0 0 0.2425129
0 0 0 0.270548
0 0 0 0.239483
0 0 0 0.2107597
0 0 0 0.1821837
0.002665084 0.009691885 1 0.1033399
0 0 0 0.02996088
0 0 0 0.004160221
0 0 0 0.0002845498
0 0 0 1.134201e-05
0 0 0 3.898225e-07
0 0 0 1.410204e-08
-0.02205387 1.06817e-14 1 1.147317e-14
-0.000756979 -0.02414462 1 9.238171e-13
0 0 0 4.592497e-11
0 0 0 1.409524e-09
0 0 0 2.670913e-08
0 0 0 3.124806e-07
0.01017619 -0.0001562591 1 2.257427e-06
0 0 0 1.007414e-05
0 0 0 2.78052e-05
0 0 0 4.760535e-05
0.002051196 -2.577012e-10 1 5.086595e-05
0 0 0 3.432678e-05
0 0 0 1.661957e-05
-5.112447e-06 -0.0003969836 1 3.274494e-05
0 0 0 0.0003041621
0 0 0 0.002319634
0 0 0 0.01283763
0 0 0 0.05144698
0 0 0 0.1492903
-5.112447e-06 0.0003969836 1 0.31369
0 0 0 0.477296
1.442483e-05 -0.001280417 1 0.5262262
0 0 0 0.4225371
5.002985e-05 0.003380721 1 0.2524885
0 0 0 0.1165334
-0.0002050326 -0.007091497 1 0.04089037
0.01017619 0.0001562591 1 0.009815422
0 0 0 0.001489226
0 0 0 0.0001487158
0 0 0 1.094694e-05
0 0 0 6.258078e-07
0 0 0 2.698035e-08
0 0 0 4.116711e-16
0 0 0 3.314885e-14
-0.0277625 -0.01026335 1 1.648331e-12
0 0 0 5.067549e-11
0 0 0 9.693743e-10
0 0 0 1.187021e-08
0 0 0 1.023388e-07
0.002665084 -0.009691885 1 7.373371e-07
0 0 0 4.593528e-06
0 0 0 2.03934e-05
0 0 0 5.456749e-05
0.0002719173 -0.001822106 1 8.221601e-05
0.001003263 0.0002359921 1 7.065922e-05
-8.682505e-05 0.0005464359 1 7.159837e-05
-0.0003078022 -6.128836e-05 1 0.0004403645
0 0 0 0.003309491
0 0 0 0.01831093
0 0 0 0.07338103
0 0 0 0.2129391
0 0 0 0.4474285
0.0009950522 0.0001505435 1 0.6807522
0 0 0 0.7500013
-0.002756955 -0.0005728421 1 0.5984447
0.0006632855 -0.00483234 1 0.3461236
0 0 0 0.1453432
-0.001180961 0.009513157 1 0.04431217
0 0 0 0.00976217
0 0 0 0.001546559
0 0 0 0.0001766499
-0.009218814 0.02619721 1 1.463261e-05
0 0 0 8.80379e-07
0.008877488 -0.0371481 1 3.841447e-08
0 0 0 9.15818e-18
0 0 0 7.608009e-16
0 0 0 4.637555e-14
0 0 0 3.118024e-12
-0.03678788 -0.022047 1 2.408017e-10
0.02617906 -0.02703677 1 1.335712e-08
0 0 0 4.268767e-07
-0.01291502 0.01767675 1 7.495096e-06
0 0 0 7.164972e-05
0.004742161 -0.007733133 1 0.0003722375
0 0 0 0.001050552
0 0 0 0.001610629
0 0 0 0.001343913
0.0006622263 -0.000770586 1 0.0006488599
0.0004736239 0.0003426375 1 0.0005960562
0 0 0 0.003436922
0 0 0 0.01891307
0 0 0 0.0757887
0 0 0 0.2199256
-0.0006934454 0.0008888635 1 0.4621085
-0.001382052 -0.001222345 1 0.7030862
0 0 0 0.7745865
0.004264168 0.004082595 1 0.6179166
0 0 0 0.356941
0 0 0 0.1493091
0 0 0 0.04522718
0 0 0 0.009919476
-0.02733405 0.02343876 1 0.001575088
0 0 0 0.0001810817
0.03976216 -0.04526857 1 1.507496e-05
0.03523589 0.03148084 1 9.087935e-07
0 0 0 3.96722e-08
0 0 0 5.422661e-19
0 0 0 2.964419e-16
0 0 0 1.072013e-13
0 0 0 2.160778e-11
0 0 0 2.373624e-09
0 0 0 1.416948e-07
-0.002611072 -0.04555777 1 4.594708e-06
0 0 0 8.092748e-05
0 0 0 0.0007742179
0 0 0 0.004023077
0 0 0 0.01135485
0.006019105 -0.001347136 1 0.01740742
0.001344648 0.003373087 1 0.0144969
-0.002051285 0.0005645056 1 0.006587329
-0.0003119214 -0.0009892195 1 0.001944797
0 0 0 0.002770335
0 0 0 0.01415871
0 0 0 0.05667946
0 0 0 0.1644723
0 0 0 0.3455897
0 0 0 0.5258058
0 0 0 0.5792772
0 0 0 0.4621086
0 0 0 0.2669305
0 0 0 0.1116475
0 0 0 0.03381404
0 0 0 0.00741551
0 0 0 0.001177553
0 0 0 0.0001353991
0 0 0 1.127322e-05
-0.03795612 -0.1281899 1 6.796367e-07
0.0886599 -0.01283756 1 2.966897e-08
0 0 0 2.452415e-18
0 0 0 1.681524e-15
-0.04497504 0.1356442 1 6.264487e-13
0 0 0 1.267687e-10
0.06903845 -0.1280996 1 1.393377e-08
0 0 0 8.318655e-07
0 0 0 2.697524e-05
0 0 0 0.000475122
0 0 0 0.004545406
0 0 0 0.02361935
0 0 0 0.06666393
0 0 0 0.1021979
0 0 0 0.08509927
0.003688441 0.0008508732 1 0.03850519
-0.0007679312 0.001903181 1 0.009636006
-0.001059563 -0.0003050634 1 0.00264542
0.0003036951 -0.0008698726 1 0.007750204
0 0 0 0.03069624
-0.000654488 0.002009194 1 0.08906484
0 0 0 0.1871432
0 0 0 0.2847336
0 0 0 0.3136893
0 0 0 0.2502403
-0.03459601 -0.009587621 1 0.1445477
0 0 0 0.0604591
0 0 0 0.01831085
-0.05762833 0.09260596 1 0.004015614
-0.08321126 -0.004650947 1 0.0006376638
0 0 0 7.332095e-05
0 0 0 6.104651e-06
0 0 0 3.680358e-07
0 0 0 1.606629e-08
-0.3707945 0.1966681 1 7.817089e-18
-0.2044598 -0.1882049 1 5.361898e-15
0.3714202 -0.2955791 1 1.997653e-12
0 0 0 4.042492e-10
-0.1943167 0.2627638 1 4.443303e-08
0 0 0 2.652714e-06
0.0700709 -0.118003 1 8.602064e-05
0 0 0 0.001515104
-0.04438265 0.03210907 1 0.01449473
-0.04473611 -0.0489582 1 0.07531914
0 0 0 0.2125829
0 0 0 0.325896
0 0 0 0.2713676
0 0 0 0.1227403
0.00293725 -0.002282232 1 0.03022166
0.001064372 0.001629878 1 0.004565689
0 0 0 0.003294666
0 0 0 0.01204642
0 0 0 0.03492358
0.003828013 0.005985985 1 0.07338103
0 0 0 0.1116473
0 0 0 0.1230012
0 0 0 0.09812213
0 0 0 0.05667884
-0.08588874 0.04018144 1 0.02370672
0 0 0 0.007179899
0.163401 -0.1208298 1 0.001574569
0 0 0 0.0002500354
-0.2001643 0.1961954 1 2.875e-05
-0.1508485 -0.280802 1 2.393705e-06
0 0 0 1.443111e-07
0 0 0 6.299781e-09
0 0 0 1.353972e-17
0 0 0 9.287175e-15
0 0 0 3.460071e-12
0.3009579 -0.478467 1 7.001873e-10
0.3524897 -0.2220911 1 7.696106e-08
0 0 0 4.594683e-06
0 0 0 0.0001489936
0 0 0 0.002624265
0.1299567 0.02302073 1 0.02510587
0 0 0 0.1304579
0 0 0 0.3682082
0 0 0 0.5644741
0 0 0 0.4700266
-0.0009759652 0.01127046 1 0.2125848
0 0 0 0.05224318
0 0 0 0.007122306
0 0 0 0.001357683
-1.027522e-06 0.00354686 1 0.003436922
0 0 0 0.00991609
0 0 0 0.02083484
0 0 0 0.03169966
0 0 0 0.03492333
0 0 0 0.02785949
0 0 0 0.01609264
0.1299565 -0.02299707 1 0.006730969
-0.02380129 0.2310222 1 0.002038565
-0.1827318 -0.001784289 1 0.0004470621
0 0 0 7.099172e-05
0.3524903 0.2221677 1 8.162891e-06
0 0 0 6.796366e-07
0 0 0 4.097377e-08
0 0 0 1.788676e-09
0 0 0 1.273804e-17
0 0 0 8.737282e-15
0.6892003 0.4635941 1 3.255201e-12
0 0 0 6.587293e-10
0 0 0 7.240421e-08
0 0 0 4.322633e-06
0.4981902 0.3253641 1 0.0001401718
-0.1837427 0.1266805 1 0.002468882
-0.2478386 -0.0901719 1 0.02361935
0 0 0 0.1227335
0 0 0 0.3464066
-0.04476449 0.04895701 1 0.5310517
0 0 0 0.4421963
0.01015821 -0.01659589 1 0.1999963
0.006390468 0.005941398 1 0.04913505
0 0 0 0.006587329
0 0 0 0.0006504203
0 0 0 0.000721214
0.007882846 0.006190219 1 0.002038965
0 0 0 0.004283444
-0.03050434 -0.01660208 1 0.006517143
0 0 0 0.007179899
0 0 0 0.005727642
0 0 0 0.00330849
-0.08732544 -0.06241751 1 0.001383822
0 0 0 0.0004191092
0 0 0 9.191165e-05
0 0 0 1.459521e-05
0 0 0 1.678211e-06
0 0 0 1.397267e-07
1.021719 1.045717 1 8.423811e-09
-0.4492641 0.3467605 1 3.677344e-10
-1.287737 1.747866 1 6.509132e-18
0 0 0 4.464747e-15
0 0 0 1.663406e-12
-0.3245928 -0.5039256 1 3.366103e-10
0 0 0 3.699851e-08
-0.2202817 -0.2021299 1 2.208863e-06
0 0 0 7.16277e-05
0 0 0 0.001261598
0.2131802 0.2094003 1 0.01206948
0 0 0 0.06271677
-0.02771039 -0.09707481 1 0.1770136
0.08347584 -0.03798108 1 0.2713671
0.008291827 0.0462418 1 0.2259621
0 0 0 0.1021979
0 0 0 0.02510648
0 0 0 0.003354652
0.002223545 0.006136223 1 0.0002688833
0 0 0 0.0001141383
-0.006272335 -0.01332611 1 0.0003036799
0 0 0 0.0006376662
0.020256 0.03604025 1 0.0009701891
0 0 0 0.001068852
0 0 0 0.0008526582
0 0 0 0.0004925258
0 0 0 0.0002060058
0 0 0 6.239163e-05
0 0 0 1.368263e-05
0.8213037 -0.2345381 1 2.172749e-06
0.5109541 0.6620079 1 2.498307e-07
0 0 0 2.080073e-08
0 0 0 1.254029e-09
0 0 0 5.474361e-11
0 0 0 1.806638e-18
1.591352 -0.6705268 1 1.23921e-15
0 0 0 4.616857e-13
0 0 0 9.342768e-11
0 0 0 1.02691e-08
0 0 0 6.130797e-07
0 0 0 1.988058e-05
0 0 0 0.000350162
0 0 0 0.003349936
0 0 0 0.01740732
0 0 0 0.0491309
-0.07898018 -0.04150922 1 0.07531914
0.01068655 -0.07674795 1 0.06271677
0 0 0 0.02836546
0 0 0 0.00696831
0 0 0 0.0009302979
0 0 0 7.019965e-05
0 0 0 1.392592e-05
0 0 0 3.276963e-05
0 0 0 6.873715e-05
0 0 0 0.0001045808
0 0 0 0.0001152161
0 0 0 9.191165e-05
0 0 0 5.309144e-05
0 0 0 2.220624e-05
0 0 0 6.725458e-06
0 0 0 1.474909e-06
-1.873348 -1.136322 1 2.342098e-07
0 0 0 2.693031e-08
0 0 0 2.242199e-09
0 0 0 1.351772e-10
0 0 0 5.901046e-12
0 0 0 2.723623e-19
0 0 0 1.868189e-16
0 0 0 6.960208e-14
3.402374 2.7296 1 1.408482e-11
0 0 0 1.548133e-09
0 0 0 9.24257e-08
2.082268 -0.2332158 1 2.997126e-06
0 0 0 5.278917e-05
0 0 0 0.0005050244
0 0 0 0.002624265
0 0 0 0.007406799
0.04441562 0.1650712 1 0.01135484
-0.05036559 0.06309375 1 0.009454956
0 0 0 0.004276274
0 0 0 0.001050513
0.01075749 0.01265769 1 0.0001402114
0 0 0 1.037853e-05
-0.0108533 -0.01158394 1 1.279826e-06
0.02651144 -0.01359948 1 2.561906e-06
0 0 0 5.365219e-06
-0.09864639 0.07207144 1 8.162892e-06
0 0 0 8.99301e-06
0.2070665 -0.294032 1 7.17402e-06
0.04324683 0.4747498 1 4.14397e-06
-0.214571 0.5990671 1 1.733273e-06
0 0 0 5.249451e-07
0 0 0 1.151217e-07
0 0 0 1.828088e-08
0 0 0 2.102003e-09
-2.070821 -1.432664 1 1.750113e-10
0 0 0 1.055104e-11
0 0 0 4.605969e-13
0 0 0 2.230234e-20
0 0 0 1.529763e-17
-2.068389 -3.901711 1 5.699356e-15
0 0 0 1.153333e-12
0 0 0 1.267686e-10
0.9792622 0.843983 1 7.568264e-09
0 0 0 2.454191e-07
0 0 0 4.322633e-06
0.9374037 -0.1587002 1 4.135384e-05
0 0 0 0.0002148875
0 0 0 0.0006065046
0 0 0 0.0009297896
0 0 0 0.0007742175
0 0 0 0.000350162
0 0 0 8.602093e-05
0 0 0 1.148018e-05
0.01717585 1.303026e-06 1 8.442749e-07
0.0002634212 0.01801602 1 8.247797e-08
0 0 0 1.450113e-07
0.008368092 -0.05816535 1 3.032352e-07
0.1218753 -0.01952308 1 4.613522e-07
0 0 0 5.082689e-07
0 0 0 4.054629e-07
0 0 0 2.342098e-07
0 0 0 9.796152e-08
0 0 0 2.966897e-08
0 0 0 6.506475e-09
0 0 0 1.033203e-09
0 0 0 1.188015e-10
0 0 0 9.891329e-12
0 0 0 5.963262e-13
0 0 0 2.603212e-14
1.228681 5.857128 1 9.919316e-22
-0.6932426 -8.313848 1 6.803862e-19
5.272367 -1.714379 1 2.534877e-16
-3.760099 8.391883 1 5.129631e-14
0 0 0 5.638232e-12
0 0 0 3.366103e-10
-0.2717545 1.670808 1 1.09154e-08
0 0 0 1.922558e-07
0 0 0 1.839277e-06
0 0 0 9.557457e-06
0 0 0 2.697524e-05
-0.0260411 0.1531613 1 4.135384e-05
-0.1704858 -0.1225805 1 3.443453e-05
0 0 0 1.5574e-05
0 0 0 3.825914e-06
-0.01809253 0.01840406 1 5.105911e-07
0 0 0 3.750637e-08
0.01783612 -0.02065802 1 3.491696e-09
0.03091788 0.0202494 1 5.937023e-09
0 0 0 1.240982e-08
0 0 0 1.888068e-08
0 0 0 2.080073e-08
0.3326345 0.508463 1 1.659343e-08
0 0 0 9.584954e-09
0 0 0 4.009041e-09
0.5663468 0.2018853 1 1.214192e-09
0 0 0 2.662752e-10
0 0 0 4.228347e-11
-4.173715 0.1549491 1 4.86191e-12
9.863586 0.2461655 1 4.047992e-13
-2.652713 -3.000149 1 2.440444e-14
-3.929227 2.160826 1 1.065355e-15
7.532523 -4.544839 1 2.396297e-23
-3.794911 -7.917574 1 1.643669e-20
-11.52068 10.64699 1 6.123727e-18
12.39518 -5.392419 1 1.23921e-15
0 0 0 1.362077e-13
0 0 0 8.131793e-12
0 0 0 2.636929e-10
0 0 0 4.644494e-09
0 0 0 4.443303e-08
0 0 0 2.308879e-07
-0.1681929 -0.6790549 1 6.516646e-07
0.2261258 -0.0352127 1 9.990214e-07
0 0 0 8.318654e-07
0 0 0 3.762349e-07
-0.01449823 -0.04386833 1 9.242605e-08
0.03044849 -0.01154648 1 1.23353e-08
0 0 0 9.088551e-10
0 0 0 9.54959e-11
0 0 0 1.757637e-10
0 0 0 3.677432e-10
0 0 0 5.594985e-10
0 0 0 6.163962e-10
0 0 0 4.917196e-10
0 0 0 2.840347e-10
0.7728862 1.301224 1 1.188015e-10
-1.166926 0.6974892 1 3.598063e-11
0 0 0 7.890639e-12
0 0 0 1.253003e-12
2.27351 10.00439 1 1.440749e-13
-4.648613 -4.909983 1 1.199557e-14
-1.269805 -11.03673 1 7.231864e-16
1.065101 16.12938 1 3.15701e-17
-1.476824 -2.243733 1 3.144323e-25
-3.28856 17.28825 1 2.156756e-22
9.158139 -8.187294 1 8.035305e-20
-5.517987 0.1402039 1 1.626041e-17
-4.820003 -0.7164839 1 1.787263e-15
0 0 0 1.067021e-13
0 0 0 3.460071e-12
-2.962756 -1.169589 1 6.094316e-11
0.3228668 -1.066952 1 5.830322e-10
0 0 0 3.029617e-09
0 0 0 8.550878e-09
-0.4606107 -0.06255456 1 1.310875e-08
0.1135369 -0.1317018 1 1.09154e-08
0 0 0 4.936802e-09
0 0 0 1.21278e-09
0 0 0 1.618815e-10
0.01014805 -0.02684494 1 1.205108e-11
0.0300444 0.007833358 1 1.755799e-12
-0.02007893 0.06264205 1 3.765167e-12
-0.09238578 -0.04205733 1 7.890754e-12
0 0 0 1.20054e-11
0 0 0 1.322628e-11
0 0 0 1.055104e-11
-1.306971 -0.02650328 1 6.094658e-12
0 0 0 2.549176e-12
1.683123 -2.349983 1 7.720523e-13
-3.281071 4.112411 1 1.693129e-13
-0.2060553 5.544646 1 2.688623e-14
2.718841 -17.33969 1 3.091478e-15
0.09530242 5.080616 1 2.573943e-16
-2.813516 23.05568 1 1.551773e-17
2.653049 -25.03897 1 6.774135e-19
-25.26918 5.751165 1 2.240998e-27
15.82552 -8.898436 1 1.537146e-24
7.062796 -2.289663 1 5.726861e-22
-13.37412 0.9599915 1 1.158899e-19
5.788436 8.336011 1 1.273804e-17
0.7661568 -5.147788 1 7.604788e-16
0 0 0 2.466035e-14
0 0 0 4.343494e-13
0.04513674 0.08987302 1 4.155342e-12
0 0 0 2.159245e-11
0.5422582 0.1094949 1 6.094316e-11
0 0 0 9.342768e-11
0 0 0 7.779539e-11
0 0 0 3.51852e-11
0 0 0 8.643696e-12
0.01674483 0.029024 1 1.15424e-12
0 0 0 8.860532e-14
0 0 0 2.339746e-14
0.03609921 -0.04439578 1 5.841734e-14
0 0 0 1.225997e-13
0 0 0 1.865311e-13
0 0 0 2.055002e-13
0.5422606 0.1094941 1 1.639343e-13
0 0 0 9.469427e-14
-2.284295 -0.3772312 1 3.96072e-14
0 0 0 1.199557e-14
0 0 0 2.630658e-15
0 0 0 4.177383e-16
-4.170808 9.450956 1 4.803309e-17
-9.144175 -0.7016457 1 3.999202e-18
16.23896 -16.21054 1 2.411029e-19
4.026505 13.33116 1 1.052515e-20
