8 1.0e-08 64
3
0.0 0.0 0.0  0.05 0.0 0.0  1.4
4.0 0.0 0.0  0.05 0.0 0.0  1.1
-4.0 0.0 0.0  0.05 0.0 0.0  1.1
3
0.0 0.0 0.0  0.05 0.0 0.0  1.4
3.7142857142857144 0.0 0.0  0.05 0.0 0.0  1.1
-3.7142857142857144 0.0 0.0  0.05 0.0 0.0  1.1
3
0.0 0.0 0.0  0.05 0.0 0.0  1.4
3.428571428571429 0.0 0.0  0.05 0.0 0.0  1.1
-3.428571428571429 0.0 0.0  0.05 0.0 0.0  1.1
3
0.0 0.0 0.0  0.05 0.0 0.0  1.4
3.142857142857143 0.0 0.0  0.05 0.0 0.0  1.1
-3.142857142857143 0.0 0.0  0.05 0.0 0.0  1.1
3
0.0 0.0 0.0  0.05 0.0 0.0  1.4
2.857142857142857 0.0 0.0  0.05 0.0 0.0  1.1
-2.857142857142857 0.0 0.0  0.05 0.0 0.0  1.1
3
0.0 0.0 0.0  0.05 0.0 0.0  1.4
2.571428571428571 0.0 0.0  0.05 0.0 0.0  1.1
-2.571428571428571 0.0 0.0  0.05 0.0 0.0  1.1
3
0.0 0.0 0.0  0.05 0.0 0.0  1.4
2.2857142857142856 0.0 0.0  0.05 0.0 0.0  1.1
-2.2857142857142856 0.0 0.0  0.05 0.0 0.0  1.1
3
0.0 0.0 0.0  0.05 0.0 0.0  1.4
2.0 0.0 0.0  0.05 0.0 0.0  1.1
-2.0 0.0 0.0  0.05 0.0 0.0  1.1
