# Synthetic dual-energy CT sinogram (Project 4.20). NOT patient data.
# Generated by scripts/make_synthetic.py using the same forward
# model the C++ inverts, so recovered (t1,t2) match the truth below.
# header: <n> <has_truth>   then per bin: <m_lo> <m_hi> <true_t1> <true_t2>
24 1
0.632614 0.468939 2.000000 0.044307
1.743089 1.075979 3.217391 0.309957
3.141119 1.857173 4.434783 0.802735
4.719503 2.773170 5.652174 1.527499
6.523751 3.854568 6.869565 2.549356
1.870494 1.612647 8.086957 0.023086
3.005747 2.237633 9.304348 0.316489
4.370676 3.009394 10.521739 0.814444
5.880006 3.893611 11.739130 1.514466
7.639326 4.952347 12.956522 2.513815
3.106439 2.756667 14.173913 0.004851
4.207909 3.372140 15.391304 0.302412
5.587641 4.155892 16.608696 0.821802
7.078645 5.034555 17.826087 1.525191
8.799596 6.075235 19.043478 2.510160
4.505121 3.974030 20.260870 0.043209
5.498308 4.549202 21.478261 0.326908
6.772194 5.286440 22.695652 0.814010
8.253676 6.163148 23.913043 1.522432
9.969973 7.203932 25.130435 2.514221
5.678800 5.093436 26.347826 0.012914
6.770656 5.719084 27.565217 0.348054
7.956268 6.417045 28.782609 0.806969
9.453635 7.305359 30.000000 1.535988
