# Synthetic ligand library for project 1.4 (Ultra-Large Virtual Screening).
# SYNTHETIC DATA -- scores are chemically meaningless; teaching use only.
# target rewards 9 pharmacophore features (mask 0x00A5B3); designed binders match them all.
# columns:  mw  logp_x100  hbd  hba  rotb  psa  feat_hex
64
TARGET 350 250 75 0x00A5B3
436 83 1 9 8 88 0x04C9D7
272 199 4 5 8 30 0x7EBFF2
650 200 3 6 14 60 0x0C5C7F
345 242 2 5 4 73 0x00A5B3
245 -22 4 8 2 39 0x9C9011
271 394 5 6 1 121 0xCD02C5
394 118 2 3 7 116 0x6BF46C
300 200 3 6 5 180 0xD23F08
477 142 0 9 1 67 0x907A70
318 435 5 2 0 109 0xBB2D42
300 720 3 6 5 60 0x128B2F
236 298 0 2 0 96 0x9118BB
300 200 3 6 5 180 0xF2A74D
200 29 4 6 5 117 0xB1FEE0
210 160 5 9 6 83 0xC6F877
437 287 1 4 3 101 0xD17E44
199 38 3 2 3 75 0x1738F7
385 13 0 4 7 44 0x298CB3
427 -49 5 6 1 81 0xD5AB8B
427 269 1 2 5 30 0xBD87A8
466 351 3 7 1 70 0x7B4514
300 200 3 6 5 180 0xA6A3A4
338 406 5 7 5 56 0x05C6AF
355 409 4 2 1 56 0x830E07
405 137 0 3 2 97 0x243D35
291 244 5 4 6 36 0x641547
361 419 4 9 6 104 0xD3BF6D
359 458 3 2 1 94 0xF1D69E
250 390 4 5 6 130 0xFC891B
293 -3 1 5 6 91 0x24EDE6
462 384 4 2 3 27 0xA170B3
285 320 5 9 0 38 0xC215A8
450 255 0 5 8 102 0x5DE009
182 99 4 6 9 73 0x90FBBD
366 435 0 8 7 35 0x7AFB2C
422 308 4 9 2 39 0x057A40
286 335 5 5 5 39 0x9A2EF8
300 720 3 6 5 60 0x52E6B4
350 250 2 5 4 75 0x00A5B3
385 182 4 8 5 45 0xBB2313
416 313 4 2 7 41 0x0F17A3
363 339 1 2 2 49 0x26BB7D
292 54 3 4 5 49 0x3451D0
355 258 2 5 4 77 0x00A5B3
456 70 2 9 2 93 0x1A61DB
454 46 4 1 8 66 0x36F675
478 13 4 7 0 93 0xF9EBDA
187 55 5 3 6 87 0xFC8E80
241 347 5 4 7 120 0xE39639
650 200 3 6 14 60 0x269E0D
194 -22 2 8 4 121 0x3192B7
356 407 5 6 5 123 0x149E25
434 32 3 7 8 41 0x472077
279 166 2 4 4 23 0x804C25
382 424 5 2 2 71 0x2B855C
298 188 3 3 4 21 0x482C9C
315 440 5 3 8 126 0x05E999
340 426 3 6 4 94 0x3F98E2
360 266 2 5 4 79 0x00A5B3
343 78 4 1 7 108 0xE647CB
300 720 3 6 5 60 0x651327
265 314 1 9 8 118 0xC77024
257 53 4 1 1 66 0xDFD43F
303 283 4 7 2 53 0x0F9770
