48 16 178 400 0.02 60
2 0 0.02
2 0 0.02
2 0 0.02
2 0 0.02
2 0 0.02
2 0 0.02
2 0 0.02
2 0 0.02
2 0 0.02
2 0 0.02
2 0 0.02
2 0 0.02
1 25 0.6
1 25 0.6
1 25 0.6
1 25 0.6
1 25 0.6
1 25 0.6
2 0 0.02
2 0 0.02
0 60 1
0 60 1
0 60 1
0 60 1
0 60 1
0 60 1
0 60 1
2 0 0.02
2 0 0.02
2 0 0.02
2 0 0.02
2 0 0.02
2 0 0.02
2 0 0.02
2 0 0.02
2 0 0.02
2 0 0.02
2 0 0.02
2 0 0.02
2 0 0.02
2 0 0.02
2 0 0.02
2 0 0.02
2 0 0.02
2 0 0.02
2 0 0.02
2 0 0.02
2 0 0.02
0 2 5 8 11 15 19 23 27 31 35 39 43 47 51 55 59 63 67 71 74 78 82 85 89 93 96 100 104 107 111 115 119 123 127 131 135 139 143 147 151 155 159 163 167 170 173 176 178
0 1 0 1 2 0 1 2 0 1 2 0 1 2 3 0 1 2 3 0 1 2 3 1 2 3 4 1 2 3 4 1 2 3 4 2 3 4 5 2 3 4 5 2 3 4 5 3 4 5 6 3 4 5 6 3 4 5 6 4 5 6 7 4 5 6 7 4 5 6 7 5 6 7 5 6 7 8 5 6 7 8 6 7 8 6 7 8 9 6 7 8 9 7 8 9 7 8 9 10 7 8 9 10 8 9 10 8 9 10 11 8 9 10 11 8 9 10 11 9 10 11 12 9 10 11 12 9 10 11 12 10 11 12 13 10 11 12 13 10 11 12 13 11 12 13 14 11 12 13 14 11 12 13 14 12 13 14 15 12 13 14 15 12 13 14 15 13 14 15 13 14 15 13 14 15 14 15
1 0.455927 0.923116 0.694829 0.108715 0.726149 0.902348 0.233084 0.486752 0.998579 0.425841 0.278037 0.941681 0.662972 0.097024 0.135335 0.756725 0.879541 0.212503 0.056135 0.518185 0.994327 0.396611 0.302375 0.95789 0.630779 0.086343 0.150355 0.786348 0.854875 0.193188 0.063709 0.550081 0.987282 0.368338 0.327908 0.971611 0.598444 0.076621 0.166567 0.81481 0.828541 0.175131 0.072101 0.582282 0.977501 0.341108 0.354588 0.982729 0.566154 0.0678 0.184004 0.841904 0.800737 0.15831 0.081366 0.614617 0.965069 0.314995 0.382349 0.991151 0.534085 0.059824 0.202688 0.867428 0.771669 0.142698 0.09156 0.646905 0.950089 0.290054 0.411112 0.996805 0.502402 0.222635 0.891188 0.741543 0.128261 0.10274 0.678955 0.932684 0.266329 0.440784 0.999645 0.471255 0.24385 0.912997 0.710569 0.114957 0.114957 0.710569 0.912997 0.24385 0.471255 0.999645 0.440784 0.266329 0.932684 0.678955 0.10274 0.128261 0.741543 0.891188 0.222635 0.502402 0.996805 0.411112 0.290054 0.950089 0.646905 0.09156 0.142698 0.771669 0.867428 0.202688 0.059824 0.534085 0.991151 0.382349 0.314995 0.965069 0.614617 0.081366 0.15831 0.800737 0.841904 0.184004 0.0678 0.566154 0.982729 0.354588 0.341108 0.977501 0.582282 0.072101 0.175131 0.828541 0.81481 0.166567 0.076621 0.598444 0.971611 0.327908 0.368338 0.987282 0.550081 0.063709 0.193188 0.854875 0.786348 0.150355 0.086343 0.630779 0.95789 0.302375 0.396611 0.994327 0.518185 0.056135 0.212503 0.879541 0.756725 0.135335 0.097024 0.662972 0.941681 0.278037 0.425841 0.998579 0.486752 0.233084 0.902348 0.726149 0.108715 0.694829 0.923116 0.455927 1
