60 13
0.000 0.000 0.000
2.080 1.385 -2.863
0.658 -0.901 -5.544
-2.496 -2.919 -4.897
-5.612 -1.362 -3.378
-8.782 0.635 -2.746
-8.864 2.897 0.306
-5.892 1.194 1.951
-5.328 3.264 -1.185
-1.687 2.645 -2.083
-0.611 2.272 -5.709
-0.092 -1.341 -6.765
2.350 -3.958 -5.489
-1.309 -3.443 -6.374
-3.448 -0.647 -4.942
-3.108 2.866 -6.349
-4.424 4.122 -9.685
-3.613 0.577 -8.581
-4.336 1.701 -5.024
-4.360 -1.876 -3.740
-3.130 -4.743 -1.570
0.632 -4.448 -1.128
3.386 -3.105 1.120
2.466 0.572 0.851
-0.845 1.425 -0.808
-4.022 -0.124 0.586
-7.713 -0.998 0.352
-7.139 0.486 -3.099
-3.372 0.245 -3.535
0.071 -1.361 -3.442
1.387 1.256 -1.021
3.759 3.789 0.527
4.170 6.919 -1.589
5.223 10.570 -1.586
5.496 11.462 2.098
7.625 12.193 5.159
8.198 8.478 5.712
5.498 6.118 6.968
2.479 3.840 6.593
-0.308 3.213 4.088
-2.795 0.525 3.071
-0.290 1.768 0.498
1.043 -1.657 1.464
-0.931 -0.039 -1.351
-3.693 1.935 -3.059
-5.168 4.336 -0.510
-2.033 2.298 -1.185
-0.472 -1.154 -0.892
3.112 -2.110 -1.719
1.730 1.328 -0.876
-0.199 2.760 2.068
-0.978 5.130 4.935
-3.717 4.593 7.514
-6.901 2.834 8.614
-6.390 3.698 4.949
-6.569 2.742 1.275
-6.297 2.105 -2.461
-3.289 -0.205 -2.701
-0.893 -2.354 -0.680
1.545 -1.518 2.112
